Date/C:Time:TimeStamp/D:time:VMeas:IMeas:I_00:DI_00:I_01:DI_01:I_02:DI_02:I_03:DI_03:I_04:DI_04:I_05:DI_05:I_06:DI_06:I_07:DI_07:I_08:DI_08:I_09:DI_09:I_10:DI_10:I_11:DI_11:I_12:DI_12:I_13:DI_13:I_14:DI_14:I_15:DI_15:I_16:DI_16:I_17:DI_17:I_18:DI_18:I_19:DI_19:I_20:DI_20:I_21:DI_21:I_22:DI_22:I_23:DI_23
2024-09-09	13:28:13	1725881293.949025	-43200.000000	-0.044311	-0.160902	-120.590594	215.721188	-101.900442	211.792046	225.037357	103.797405	222.402016	129.653438	-59.845778	168.120210	30.745802	167.771920	-252.039636	56.529048	65.394753	55.449689	-246.368239	0.244321	408.679235	0.215731	-195.504000	0.000000	42.132853	3.668024	-384.624000	0.000000	-1.976000	0.000000	65.896000	0.000000	123.875000	0.000000	-195.267000	0.000000	66.843000	0.000000	-115.378000	0.000000	-98.042000	0.000000	-51.739000	0.000000	-341.974000	0.000000	-119.067000	0.000000	81.684000	0.000000

2024-09-09	13:28:14	1725881294.948469	-43199.000556	-0.044311	-0.160902	-134.830484	233.501460	-76.303722	271.135378	344.269052	123.354141	126.645419	166.635353	-148.606547	61.764762	133.029348	85.887868	-273.195049	54.898747	85.605501	54.843263	-246.327850	0.119811	408.783567	0.184890	-195.504000	0.000000	35.511716	4.526008	-384.624000	0.000000	-1.976000	0.000000	65.896000	0.000000	123.875000	0.000000	-195.267000	0.000000	66.843000	0.000000	-115.378000	0.000000	-98.042000	0.000000	-51.739000	0.000000	-341.974000	0.000000	-119.067000	0.000000	81.684000	0.000000

2024-09-09	13:28:15	1725881295.948892	-43198.000134	-0.044311	-0.160902	110.522857	216.120862	-330.389170	191.483845	243.941231	155.528590	220.051308	157.248005	-128.818629	118.567354	104.363967	104.928833	-249.991467	67.768642	67.096914	61.004562	-246.106491	0.163230	408.443924	0.203479	-195.504000	0.000000	35.036692	3.932480	-384.624000	0.000000	-1.976000	0.000000	65.896000	0.000000	123.875000	0.000000	-195.267000	0.000000	66.843000	0.000000	-115.378000	0.000000	-98.042000	0.000000	-51.739000	0.000000	-341.974000	0.000000	-119.067000	0.000000	81.684000	0.000000

2024-09-09	13:28:16	1725881296.949314	-43196.999711	-0.044311	-0.167521	-6.931142	110.754781	-204.321069	141.618255	184.579479	106.571389	283.790345	153.004751	-102.443208	73.004530	83.736271	49.854601	-319.548545	53.521025	135.304459	47.534646	-246.226062	0.203429	408.999428	0.323744	-195.504000	0.000000	37.811257	3.647521	-384.624000	0.000000	-1.976000	0.000000	65.896000	0.000000	123.875000	0.000000	-195.267000	0.000000	66.843000	0.000000	-115.378000	0.000000	-98.042000	0.000000	-51.739000	0.000000	-341.974000	0.000000	-119.067000	0.000000	81.684000	0.000000

2024-09-09	13:28:17	1725881297.948755	-43196.000270	-0.044311	-0.167521	-185.054113	291.007261	-18.862579	270.276710	318.086999	59.194876	172.529892	117.412108	-81.067054	77.884239	79.699826	78.484541	-275.202020	89.278998	94.269816	79.310086	-245.921806	0.185319	408.926953	0.118139	-195.504000	0.000000	34.808709	4.472097	-384.624000	0.000000	-1.976000	0.000000	65.896000	0.000000	123.875000	0.000000	-195.267000	0.000000	66.843000	0.000000	-115.378000	0.000000	-98.042000	0.000000	-51.739000	0.000000	-341.974000	0.000000	-119.067000	0.000000	81.684000	0.000000

2024-09-09	13:28:18	1725881298.949160	-43194.999865	-0.044311	-0.167521	196.232686	168.528191	-422.040050	161.634488	240.007310	237.959044	212.771055	218.831916	-80.303019	78.372110	57.884158	87.841099	-247.982748	32.328504	60.530583	34.406550	-245.970570	0.273842	409.371428	0.308757	-195.504000	0.000000	37.374656	2.923980	-384.624000	0.000000	-1.976000	0.000000	65.896000	0.000000	123.875000	0.000000	-195.267000	0.000000	66.843000	0.000000	-115.378000	0.000000	-98.042000	0.000000	-51.739000	0.000000	-341.974000	0.000000	-119.067000	0.000000	81.684000	0.000000

2024-09-09	13:28:19	1725881299.948585	-43194.000441	-0.044311	-0.167521	-126.079358	86.852162	-73.789651	81.786324	345.728681	154.390341	129.866989	203.432633	-135.231322	71.113940	122.071616	82.610504	-317.553670	44.437079	129.972483	42.234848	-246.309713	0.292544	409.077421	0.170349	-195.504000	0.000000	35.462370	3.877113	-384.624000	0.000000	-1.976000	0.000000	65.896000	0.000000	123.875000	0.000000	-195.267000	0.000000	66.843000	0.000000	-115.378000	0.000000	-98.042000	0.000000	-51.739000	0.000000	-341.974000	0.000000	-119.067000	0.000000	81.684000	0.000000

2024-09-09	13:28:20	1725881300.949008	-43193.000018	-0.044311	-0.167521	125.685872	159.655671	-329.324764	171.360760	381.117597	98.385126	108.917283	114.643126	-128.464333	114.842282	111.656854	109.511629	-266.608870	45.232587	85.909755	45.078628	-246.608000	0.223718	408.762006	0.114522	-195.504000	0.000000	35.323099	3.659515	-384.624000	0.000000	-1.976000	0.000000	65.896000	0.000000	123.875000	0.000000	-195.267000	0.000000	66.843000	0.000000	-115.378000	0.000000	-98.042000	0.000000	-51.739000	0.000000	-341.974000	0.000000	-119.067000	0.000000	81.684000	0.000000

2024-09-09	13:28:21	1725881301.948430	-43192.000596	-0.044311	-0.167521	-3.467532	118.322444	-207.903765	111.461657	239.638487	129.187453	229.624999	126.376485	-51.191162	101.473014	40.133222	114.867923	-261.382493	75.914958	79.686832	69.287770	-246.308735	0.126833	409.074730	0.334002	-195.504000	0.000000	36.300903	4.274358	-384.624000	0.000000	-1.976000	0.000000	65.896000	0.000000	123.875000	0.000000	-195.267000	0.000000	66.843000	0.000000	-115.378000	0.000000	-98.042000	0.000000	-51.739000	0.000000	-341.974000	0.000000	-119.067000	0.000000	81.684000	0.000000

2024-09-09	13:28:22	1725881302.948853	-43191.000172	-0.044311	-0.167521	35.887927	235.821418	-246.003672	247.449199	253.121923	121.985446	227.970279	126.353000	-68.322412	106.149555	55.313002	100.741430	-272.692315	26.713723	92.294447	26.822242	-246.369632	0.278213	408.780339	0.192365	-195.504000	0.000000	36.688788	4.271472	-384.624000	0.000000	-1.976000	0.000000	65.896000	0.000000	123.875000	0.000000	-195.267000	0.000000	66.843000	0.000000	-115.378000	0.000000	-98.042000	0.000000	-51.739000	0.000000	-341.974000	0.000000	-119.067000	0.000000	81.684000	0.000000

2024-09-09	13:28:23	1725881303.950275	-43189.998750	-0.044311	-0.167521	2.723984	129.246684	-227.988136	141.972327	249.521445	56.366927	197.061167	90.175109	-128.526324	74.470489	99.135607	31.270189	-283.241166	83.763896	95.105389	76.132039	-246.659298	0.113878	409.082586	0.134404	-195.504000	0.000000	34.704367	5.169170	-384.624000	0.000000	-1.976000	0.000000	65.896000	0.000000	123.875000	0.000000	-195.267000	0.000000	66.843000	0.000000	-115.378000	0.000000	-98.042000	0.000000	-51.739000	0.000000	-341.974000	0.000000	-119.067000	0.000000	81.684000	0.000000

2024-09-09	13:28:24	1725881304.949698	-43188.999327	-0.044311	-0.147661	-38.992642	118.705196	-173.540586	75.810234	388.237386	110.462410	76.458623	141.486817	-101.289125	90.627902	84.862064	72.333853	-302.972047	106.701313	118.257368	100.739743	-246.309218	0.346994	408.794610	0.159026	-195.504000	0.000000	34.680616	3.160507	-384.624000	0.000000	-1.976000	0.000000	65.896000	0.000000	123.875000	0.000000	-195.267000	0.000000	66.843000	0.000000	-115.378000	0.000000	-98.042000	0.000000	-51.739000	0.000000	-341.974000	0.000000	-119.067000	0.000000	81.684000	0.000000

2024-09-09	13:28:25	1725881305.950122	-43187.998903	-0.044311	-0.147661	53.026365	84.430085	-265.805666	99.952655	203.441972	136.795099	270.778953	130.401450	-112.015743	65.426974	94.124874	80.611068	-232.710507	66.333750	49.765051	62.349385	-246.301057	0.328116	408.958986	0.268836	-195.504000	0.000000	36.927233	5.820257	-384.624000	0.000000	-1.976000	0.000000	65.896000	0.000000	123.875000	0.000000	-195.267000	0.000000	66.843000	0.000000	-115.378000	0.000000	-98.042000	0.000000	-51.739000	0.000000	-341.974000	0.000000	-119.067000	0.000000	81.684000	0.000000

2024-09-09	13:28:26	1725881306.949544	-43186.999481	-0.044311	-0.147661	70.912929	143.814114	-272.094454	137.318107	292.385631	232.805373	178.484942	227.196915	-81.871806	148.528697	70.904898	158.917965	-271.329101	37.757390	92.630340	34.101892	-246.160541	0.456080	409.546712	0.127674	-195.504000	0.000000	33.937796	3.429690	-384.624000	0.000000	-1.976000	0.000000	65.896000	0.000000	123.875000	0.000000	-195.267000	0.000000	66.843000	0.000000	-115.378000	0.000000	-98.042000	0.000000	-51.739000	0.000000	-341.974000	0.000000	-119.067000	0.000000	81.684000	0.000000

2024-09-09	13:28:27	1725881307.949967	-43185.999058	-0.044311	-0.147661	-174.405324	141.264075	-34.395847	140.504531	263.195809	159.951298	208.021306	182.815148	-122.126690	85.960508	102.359995	85.723083	-261.265879	62.318474	81.937371	61.509554	-246.000432	0.174713	409.356617	0.225661	-195.504000	0.000000	39.722373	4.683610	-384.624000	0.000000	-1.976000	0.000000	65.896000	0.000000	123.875000	0.000000	-195.267000	0.000000	66.843000	0.000000	-115.378000	0.000000	-98.042000	0.000000	-51.739000	0.000000	-341.974000	0.000000	-119.067000	0.000000	81.684000	0.000000

2024-09-09	13:28:28	1725881308.951389	-43184.997636	-0.044311	-0.147661	-59.377485	171.491320	-151.727438	169.936351	217.180691	200.024337	251.353932	223.528854	-92.365379	114.514268	78.539710	103.704761	-278.498237	21.671049	96.812077	26.276320	-246.130057	0.115021	409.419476	0.116403	-195.504000	0.000000	40.932198	4.876428	-384.624000	0.000000	-1.976000	0.000000	65.896000	0.000000	123.875000	0.000000	-195.267000	0.000000	66.843000	0.000000	-115.378000	0.000000	-98.042000	0.000000	-51.739000	0.000000	-341.974000	0.000000	-119.067000	0.000000	81.684000	0.000000

2024-09-09	13:28:29	1725881309.950813	-43183.998212	-0.044311	-0.147661	26.916815	233.372486	-236.173877	222.914780	274.309311	75.553376	196.922688	87.645104	-52.049601	98.110914	45.214897	95.490304	-244.689979	37.247076	60.295400	35.342477	-246.243403	0.147465	409.150021	0.177094	-195.504000	0.000000	35.979116	3.286784	-384.624000	0.000000	-1.976000	0.000000	65.896000	0.000000	123.875000	0.000000	-195.267000	0.000000	66.843000	0.000000	-115.378000	0.000000	-98.042000	0.000000	-51.739000	0.000000	-341.974000	0.000000	-119.067000	0.000000	81.684000	0.000000

2024-09-09	13:28:30	1725881310.951236	-43182.997789	-0.044311	-0.147661	-119.522482	135.362493	-99.097568	173.952135	334.677019	116.783413	127.293563	137.576583	-100.877352	92.276732	76.608784	55.815173	-289.340818	73.141720	102.484835	76.011703	-246.019382	0.251683	409.163183	0.117008	-195.504000	0.000000	38.905868	3.876100	-384.624000	0.000000	-1.976000	0.000000	65.896000	0.000000	123.875000	0.000000	-195.267000	0.000000	66.843000	0.000000	-115.378000	0.000000	-98.042000	0.000000	-51.739000	0.000000	-341.974000	0.000000	-119.067000	0.000000	81.684000	0.000000

2024-09-09	13:28:31	1725881311.950659	-43181.998366	-0.044311	-0.147661	67.589185	309.232170	-285.182498	304.107420	311.142105	169.631121	143.500732	167.929062	-185.768988	43.938258	156.987543	48.224336	-272.916042	14.013409	91.247628	12.268868	-246.206324	0.197335	408.990334	0.186472	-195.504000	0.000000	36.832775	3.625911	-384.624000	0.000000	-1.976000	0.000000	65.896000	0.000000	123.875000	0.000000	-195.267000	0.000000	66.843000	0.000000	-115.378000	0.000000	-98.042000	0.000000	-51.739000	0.000000	-341.974000	0.000000	-119.067000	0.000000	81.684000	0.000000

2024-09-09	13:28:32	1725881312.951082	-43180.997943	-0.044311	-0.154283	6.776161	222.260824	-210.857329	229.970529	315.317274	94.874997	160.095655	80.672996	-106.968221	150.548908	99.810778	146.016981	-297.029311	32.398501	114.506149	33.248848	-246.553182	0.257669	408.874461	0.153381	-195.504000	0.000000	39.948834	4.148203	-384.624000	0.000000	-1.976000	0.000000	65.896000	0.000000	123.875000	0.000000	-195.267000	0.000000	66.843000	0.000000	-115.378000	0.000000	-98.042000	0.000000	-51.739000	0.000000	-341.974000	0.000000	-119.067000	0.000000	81.684000	0.000000

2024-09-09	13:28:33	1725881313.950505	-43179.998520	-0.044311	-0.154283	-44.928755	176.872588	-164.626199	184.887420	198.571831	162.411369	270.397614	169.366372	-94.165866	76.037098	80.130133	79.506601	-259.538700	50.397470	77.045340	54.879419	-246.159166	0.166342	408.852884	0.193840	-195.504000	0.000000	40.468933	4.277672	-384.624000	0.000000	-1.976000	0.000000	65.896000	0.000000	123.875000	0.000000	-195.267000	0.000000	66.843000	0.000000	-115.378000	0.000000	-98.042000	0.000000	-51.739000	0.000000	-341.974000	0.000000	-119.067000	0.000000	81.684000	0.000000

2024-09-09	13:28:34	1725881314.950928	-43178.998097	-0.044311	-0.154283	-57.827640	60.055268	-155.441140	41.954123	216.657763	164.401288	235.849621	108.861850	-66.665096	80.834992	45.609574	113.921332	-270.274793	61.725250	84.472137	65.979049	-246.271748	0.114204	408.802928	0.132120	-195.504000	0.000000	36.256477	3.167068	-384.624000	0.000000	-1.976000	0.000000	65.896000	0.000000	123.875000	0.000000	-195.267000	0.000000	66.843000	0.000000	-115.378000	0.000000	-98.042000	0.000000	-51.739000	0.000000	-341.974000	0.000000	-119.067000	0.000000	81.684000	0.000000

2024-09-09	13:28:35	1725881315.950898	-43177.998127	-0.044311	-0.154283	-28.167604	142.053463	-181.106108	187.724142	401.405478	129.746204	91.340185	77.591353	-69.940389	132.399589	57.541982	119.156320	-263.788410	34.342259	85.274522	28.147285	-246.327531	0.125865	409.015881	0.203460	-195.504000	0.000000	41.741304	4.508044	-384.624000	0.000000	-1.976000	0.000000	65.896000	0.000000	123.875000	0.000000	-195.267000	0.000000	66.843000	0.000000	-115.378000	0.000000	-98.042000	0.000000	-51.739000	0.000000	-341.974000	0.000000	-119.067000	0.000000	81.684000	0.000000

2024-09-09	13:28:36	1725881316.952320	-43176.996705	-0.044311	-0.154283	67.184785	103.747192	-264.841028	110.054663	399.583851	106.297957	68.712554	97.404813	-127.222685	231.099317	118.577687	226.765817	-276.945326	34.744809	98.409313	35.418836	-246.081391	0.183894	409.166417	0.138520	-195.504000	0.000000	39.679817	3.700272	-384.624000	0.000000	-1.976000	0.000000	65.896000	0.000000	123.875000	0.000000	-195.267000	0.000000	66.843000	0.000000	-115.378000	0.000000	-98.042000	0.000000	-51.739000	0.000000	-341.974000	0.000000	-119.067000	0.000000	81.684000	0.000000

2024-09-09	13:28:37	1725881317.951744	-43175.997282	-0.044311	-0.154283	4.316052	259.865144	-224.357539	238.395633	137.070403	140.573485	313.470545	160.465313	-132.906443	82.709838	115.870209	83.696459	-280.330288	45.672181	94.899581	38.747034	-246.041034	0.260603	408.965913	0.173898	-195.504000	0.000000	37.442870	5.516450	-384.624000	0.000000	-1.976000	0.000000	65.896000	0.000000	123.875000	0.000000	-195.267000	0.000000	66.843000	0.000000	-115.378000	0.000000	-98.042000	0.000000	-51.739000	0.000000	-341.974000	0.000000	-119.067000	0.000000	81.684000	0.000000

2024-09-09	13:28:38	1725881318.952167	-43174.996859	-0.044311	-0.154283	-59.429955	125.230203	-151.278333	98.256500	205.034363	143.012352	271.478768	150.756966	-80.271684	76.645730	63.488827	58.037388	-258.730822	39.709366	76.193709	33.889278	-245.980521	0.260948	409.078796	0.164138	-195.504000	0.000000	34.285474	3.432034	-384.624000	0.000000	-1.976000	0.000000	65.896000	0.000000	123.875000	0.000000	-195.267000	0.000000	66.843000	0.000000	-115.378000	0.000000	-98.042000	0.000000	-51.739000	0.000000	-341.974000	0.000000	-119.067000	0.000000	81.684000	0.000000

2024-09-09	13:28:39	1725881319.951591	-43173.997435	-0.044311	-0.154283	80.182560	97.851469	-295.591247	116.705027	370.026758	88.519277	96.914232	100.964916	-111.743595	66.835981	94.486272	63.175054	-284.423139	32.739430	99.783708	28.192587	-245.885183	0.270650	408.993858	0.170288	-195.504000	0.000000	34.092671	3.115556	-384.624000	0.000000	-1.976000	0.000000	65.896000	0.000000	123.875000	0.000000	-195.267000	0.000000	66.843000	0.000000	-115.378000	0.000000	-98.042000	0.000000	-51.739000	0.000000	-341.974000	0.000000	-119.067000	0.000000	81.684000	0.000000

2024-09-09	13:28:40	1725881320.951550	-43172.997475	-0.044311	-0.167521	-19.455532	102.599917	-194.762936	91.710890	371.645331	87.839190	110.096333	104.659571	-137.870436	141.830424	113.739022	127.699953	-275.996081	76.602794	89.173484	70.681088	-245.815356	0.166480	409.119955	0.154057	-195.504000	0.000000	35.025062	3.283366	-384.624000	0.000000	-1.976000	0.000000	65.896000	0.000000	123.875000	0.000000	-195.267000	0.000000	66.843000	0.000000	-115.378000	0.000000	-98.042000	0.000000	-51.739000	0.000000	-341.974000	0.000000	-119.067000	0.000000	81.684000	0.000000

2024-09-09	13:28:41	1725881321.951991	-43171.997035	-0.044311	-0.167521	-83.158898	178.123034	-125.970484	137.786839	181.474831	170.231619	260.695937	110.979925	-111.349858	55.487949	86.844396	28.340129	-301.726721	41.208823	119.958424	38.069986	-246.033914	0.183704	409.370322	0.291379	-195.504000	0.000000	34.832752	4.399202	-384.624000	0.000000	-1.976000	0.000000	65.896000	0.000000	123.875000	0.000000	-195.267000	0.000000	66.843000	0.000000	-115.378000	0.000000	-98.042000	0.000000	-51.739000	0.000000	-341.974000	0.000000	-119.067000	0.000000	81.684000	0.000000

2024-09-09	13:28:42	1725881322.951397	-43170.997628	-0.044311	-0.167521	52.754307	193.732822	-268.573005	146.088601	249.087137	37.006523	208.570995	117.749992	-124.558603	113.786570	103.638517	69.891896	-201.329603	45.256492	18.141041	35.032976	-245.710073	0.183238	409.117743	0.134613	-195.504000	0.000000	39.112586	2.978441	-384.624000	0.000000	-1.976000	0.000000	65.896000	0.000000	123.875000	0.000000	-195.267000	0.000000	66.843000	0.000000	-115.378000	0.000000	-98.042000	0.000000	-51.739000	0.000000	-341.974000	0.000000	-119.067000	0.000000	81.684000	0.000000

2024-09-09	13:28:43	1725881323.951837	-43169.997189	-0.044311	-0.167521	-94.334027	178.729949	-114.819107	162.331143	288.946391	117.152935	200.989188	143.986861	-61.731337	104.177739	54.477421	110.242790	-318.537020	69.510576	137.283454	70.163565	-245.964690	0.203965	408.956617	0.210208	-195.504000	0.000000	34.211011	3.653678	-384.624000	0.000000	-1.976000	0.000000	65.896000	0.000000	123.875000	0.000000	-195.267000	0.000000	66.843000	0.000000	-115.378000	0.000000	-98.042000	0.000000	-51.739000	0.000000	-341.974000	0.000000	-119.067000	0.000000	81.684000	0.000000

2024-09-09	13:28:44	1725881324.952243	-43168.996782	-0.044311	-0.167521	-34.183613	159.186526	-170.675063	177.949431	407.874886	82.788749	69.348533	106.694013	-110.255447	113.230947	99.019723	111.582439	-289.597070	60.120098	105.877492	55.264129	-246.080013	0.307983	409.418854	0.136286	-195.504000	0.000000	35.810711	4.092499	-384.624000	0.000000	-1.976000	0.000000	65.896000	0.000000	123.875000	0.000000	-195.267000	0.000000	66.843000	0.000000	-115.378000	0.000000	-98.042000	0.000000	-51.739000	0.000000	-341.974000	0.000000	-119.067000	0.000000	81.684000	0.000000

2024-09-09	13:28:45	1725881325.951666	-43167.997359	-0.044311	-0.167521	157.752535	165.304404	-361.941875	143.887361	242.243501	98.842895	212.521668	72.879789	-115.864473	83.960723	96.039916	62.375733	-240.429174	50.882352	61.749154	46.822881	-245.720234	0.135467	409.342117	0.215111	-195.504000	0.000000	39.585879	3.777771	-384.624000	0.000000	-1.976000	0.000000	65.896000	0.000000	123.875000	0.000000	-195.267000	0.000000	66.843000	0.000000	-115.378000	0.000000	-98.042000	0.000000	-51.739000	0.000000	-341.974000	0.000000	-119.067000	0.000000	81.684000	0.000000

2024-09-09	13:28:46	1725881326.952088	-43166.996937	-0.044311	-0.167521	-16.427544	205.030242	-202.234532	230.187207	205.940560	182.203433	266.715341	178.418349	-94.733710	52.540501	77.795471	47.240152	-260.844129	39.779426	71.538899	47.379293	-245.737879	0.177840	409.421775	0.115169	-195.504000	0.000000	38.041141	4.272995	-384.624000	0.000000	-1.976000	0.000000	65.896000	0.000000	123.875000	0.000000	-195.267000	0.000000	66.843000	0.000000	-115.378000	0.000000	-98.042000	0.000000	-51.739000	0.000000	-341.974000	0.000000	-119.067000	0.000000	81.684000	0.000000

2024-09-09	13:28:47	1725881327.951511	-43165.997514	-0.044311	-0.167521	-9.193906	145.180025	-199.415497	128.363539	264.349347	123.252241	200.731817	113.863868	-89.376330	159.111565	69.679949	132.821597	-307.671349	25.033715	124.602031	19.657371	-245.854258	0.300219	409.503325	0.212970	-195.504000	0.000000	39.853290	3.787425	-384.624000	0.000000	-1.976000	0.000000	65.896000	0.000000	123.875000	0.000000	-195.267000	0.000000	66.843000	0.000000	-115.378000	0.000000	-98.042000	0.000000	-51.739000	0.000000	-341.974000	0.000000	-119.067000	0.000000	81.684000	0.000000

2024-09-09	13:28:48	1725881328.951952	-43164.997073	-0.044311	-0.167521	111.547317	92.459573	-319.919635	110.195666	289.501357	104.999048	192.568393	112.842305	-144.003080	119.230594	131.885287	85.832042	-255.212063	57.512819	78.823859	54.774329	-245.843595	0.173250	408.947239	0.318302	-195.504000	0.000000	34.845351	2.686372	-384.624000	0.000000	-1.976000	0.000000	65.896000	0.000000	123.875000	0.000000	-195.267000	0.000000	66.843000	0.000000	-115.378000	0.000000	-98.042000	0.000000	-51.739000	0.000000	-341.974000	0.000000	-119.067000	0.000000	81.684000	0.000000

2024-09-09	13:28:49	1725881329.953356	-43163.995669	-0.044311	-0.167521	-41.970329	112.477191	-170.991232	93.523059	277.115041	122.021819	189.255786	120.087280	-59.749086	52.846731	40.243012	43.425018	-281.174803	26.249655	96.329817	23.578628	-246.344365	0.182728	409.229915	0.159542	-195.504000	0.000000	35.103790	3.518759	-384.624000	0.000000	-1.976000	0.000000	65.896000	0.000000	123.875000	0.000000	-195.267000	0.000000	66.843000	0.000000	-115.378000	0.000000	-98.042000	0.000000	-51.739000	0.000000	-341.974000	0.000000	-119.067000	0.000000	81.684000	0.000000

2024-09-09	13:28:50	1725881330.952800	-43162.996225	-0.044311	-0.167521	-133.817556	150.003092	-79.548454	148.455140	270.268372	89.960857	201.094156	115.615262	-129.664673	99.477824	117.182942	60.870058	-230.436729	43.882104	47.895425	34.011374	-246.031695	0.170845	408.975400	0.141372	-195.504000	0.000000	40.286241	3.983405	-384.624000	0.000000	-1.976000	0.000000	65.896000	0.000000	123.875000	0.000000	-195.267000	0.000000	66.843000	0.000000	-115.378000	0.000000	-98.042000	0.000000	-51.739000	0.000000	-341.974000	0.000000	-119.067000	0.000000	81.684000	0.000000

2024-09-09	13:28:51	1725881331.953220	-43161.995805	-0.044311	-0.167521	-9.264519	210.045436	-198.785780	179.338456	283.451496	82.682432	183.133845	96.511821	-126.276452	85.956866	108.353584	86.318637	-292.581366	29.770987	110.416306	25.935366	-246.074647	0.221452	409.173959	0.169636	-195.504000	0.000000	37.022136	4.152939	-384.624000	0.000000	-1.976000	0.000000	65.896000	0.000000	123.875000	0.000000	-195.267000	0.000000	66.843000	0.000000	-115.378000	0.000000	-98.042000	0.000000	-51.739000	0.000000	-341.974000	0.000000	-119.067000	0.000000	81.684000	0.000000

2024-09-09	13:28:52	1725881332.952626	-43160.996399	-0.044311	-0.167521	-68.061678	224.951746	-132.644649	186.561382	407.636384	122.065970	73.036164	152.836306	-64.350472	116.179232	49.091745	111.003857	-267.247230	21.911570	86.833873	30.917020	-246.021790	0.144268	409.518611	0.211874	-195.504000	0.000000	37.434997	4.356145	-384.624000	0.000000	-1.976000	0.000000	65.896000	0.000000	123.875000	0.000000	-195.267000	0.000000	66.843000	0.000000	-115.378000	0.000000	-98.042000	0.000000	-51.739000	0.000000	-341.974000	0.000000	-119.067000	0.000000	81.684000	0.000000

2024-09-09	13:28:53	1725881333.953050	-43159.995975	-0.044311	-0.167521	-23.941071	249.889962	-182.722450	250.452578	249.071745	77.416864	211.067709	80.051466	-87.375502	128.634314	75.358844	96.372117	-278.097617	71.397019	94.545273	68.745463	-245.819563	0.170351	409.079231	0.229275	-195.504000	0.000000	35.748271	2.424893	-384.624000	0.000000	-1.976000	0.000000	65.896000	0.000000	123.875000	0.000000	-195.267000	0.000000	66.843000	0.000000	-115.378000	0.000000	-98.042000	0.000000	-51.739000	0.000000	-341.974000	0.000000	-119.067000	0.000000	81.684000	0.000000

2024-09-09	13:28:54	1725881334.952474	-43158.996552	-0.044311	-0.167521	72.320168	70.180661	-284.546686	82.536808	222.085583	132.303448	245.465680	139.463086	-106.099341	56.507237	78.569599	44.974068	-288.472040	58.468895	102.354969	62.526072	-245.719245	0.131216	409.435109	0.234842	-195.504000	0.000000	39.893574	5.906115	-384.624000	0.000000	-1.976000	0.000000	65.896000	0.000000	123.875000	0.000000	-195.267000	0.000000	66.843000	0.000000	-115.378000	0.000000	-98.042000	0.000000	-51.739000	0.000000	-341.974000	0.000000	-119.067000	0.000000	81.684000	0.000000

2024-09-09	13:28:55	1725881335.952913	-43157.996112	-0.044311	-0.154283	-31.548214	213.611920	-185.751109	213.258986	295.549196	96.112608	173.635452	97.494416	-108.902705	42.179337	94.053435	38.813042	-250.879083	63.930005	68.129412	60.472031	-245.545473	0.270770	409.577555	0.337997	-195.504000	0.000000	39.442521	2.999900	-384.624000	0.000000	-1.976000	0.000000	65.896000	0.000000	123.875000	0.000000	-195.267000	0.000000	66.843000	0.000000	-115.378000	0.000000	-98.042000	0.000000	-51.739000	0.000000	-341.974000	0.000000	-119.067000	0.000000	81.684000	0.000000

2024-09-09	13:28:56	1725881336.953319	-43156.995707	-0.044311	-0.154283	-117.090609	210.261105	-87.028854	202.337871	202.243262	127.611672	289.523734	110.187673	-82.325073	145.547508	73.894034	129.295311	-284.835753	15.204999	104.106832	15.217904	-246.112502	0.128643	409.170474	0.210536	-195.504000	0.000000	40.422315	3.753205	-384.624000	0.000000	-1.976000	0.000000	65.896000	0.000000	123.875000	0.000000	-195.267000	0.000000	66.843000	0.000000	-115.378000	0.000000	-98.042000	0.000000	-51.739000	0.000000	-341.974000	0.000000	-119.067000	0.000000	81.684000	0.000000

2024-09-09	13:28:57	1725881337.952741	-43155.996284	-0.044311	-0.154283	104.707002	154.472650	-323.691854	156.088013	252.746348	95.193135	190.897617	93.896739	-151.479117	104.076558	110.702135	99.229107	-274.703975	56.139729	86.491523	44.382851	-246.138104	0.160152	409.370251	0.278450	-195.504000	0.000000	40.296487	3.287375	-384.624000	0.000000	-1.976000	0.000000	65.896000	0.000000	123.875000	0.000000	-195.267000	0.000000	66.843000	0.000000	-115.378000	0.000000	-98.042000	0.000000	-51.739000	0.000000	-341.974000	0.000000	-119.067000	0.000000	81.684000	0.000000

2024-09-09	13:28:58	1725881338.953181	-43154.995844	-0.044311	-0.154283	-71.247239	154.364716	-137.637084	140.073191	340.471077	104.222838	124.245562	127.847360	-71.241849	58.579527	59.297912	52.812312	-259.481122	32.199156	81.236101	26.860985	-246.089891	0.161346	409.321944	0.349034	-195.504000	0.000000	38.937128	3.249002	-384.624000	0.000000	-1.976000	0.000000	65.896000	0.000000	123.875000	0.000000	-195.267000	0.000000	66.843000	0.000000	-115.378000	0.000000	-98.042000	0.000000	-51.739000	0.000000	-341.974000	0.000000	-119.067000	0.000000	81.684000	0.000000

2024-09-09	13:28:59	1725881339.952588	-43153.996438	-0.044311	-0.154283	-64.085365	139.142817	-146.699276	158.434922	319.765515	147.871977	168.505730	124.018559	-154.023609	124.485333	150.015849	116.295387	-280.691519	46.074373	98.582825	48.535653	-246.148838	0.314760	409.411002	0.105939	-195.504000	0.000000	35.953484	2.980233	-384.624000	0.000000	-1.976000	0.000000	65.896000	0.000000	123.875000	0.000000	-195.267000	0.000000	66.843000	0.000000	-115.378000	0.000000	-98.042000	0.000000	-51.739000	0.000000	-341.974000	0.000000	-119.067000	0.000000	81.684000	0.000000

2024-09-09	13:29:00	1725881340.953011	-43152.996015	-0.044311	-0.154283	150.496957	144.411262	-362.093216	145.319148	261.578788	107.255641	200.251636	121.135923	-52.006862	155.508070	28.831499	163.945392	-289.100462	64.654735	101.821945	63.368099	-245.683020	0.264794	409.074127	0.172014	-195.504000	0.000000	35.458878	5.288546	-384.624000	0.000000	-1.976000	0.000000	65.896000	0.000000	123.875000	0.000000	-195.267000	0.000000	66.843000	0.000000	-115.378000	0.000000	-98.042000	0.000000	-51.739000	0.000000	-341.974000	0.000000	-119.067000	0.000000	81.684000	0.000000

2024-09-09	13:29:01	1725881341.952436	-43151.996589	-0.044311	-0.154283	-78.078313	92.435500	-137.838037	63.298237	281.216792	97.051982	176.903126	109.878649	-198.610463	83.213073	177.879043	73.947403	-257.538034	42.478881	72.708955	45.829125	-245.799078	0.169305	408.978342	0.273162	-195.504000	0.000000	37.362307	3.744261	-384.624000	0.000000	-1.976000	0.000000	65.896000	0.000000	123.875000	0.000000	-195.267000	0.000000	66.843000	0.000000	-115.378000	0.000000	-98.042000	0.000000	-51.739000	0.000000	-341.974000	0.000000	-119.067000	0.000000	81.684000	0.000000

2024-09-09	13:29:02	1725881342.952859	-43150.996166	-0.044311	-0.154283	-31.105043	213.580335	-171.227278	163.497867	235.304553	148.705867	245.865633	157.621742	-25.430378	89.750015	12.976856	83.307237	-258.399794	39.396612	79.478149	42.453445	-246.094086	0.245676	408.980095	0.165435	-195.504000	0.000000	38.812365	3.964446	-384.624000	0.000000	-1.976000	0.000000	65.896000	0.000000	123.875000	0.000000	-195.267000	0.000000	66.843000	0.000000	-115.378000	0.000000	-98.042000	0.000000	-51.739000	0.000000	-341.974000	0.000000	-119.067000	0.000000	81.684000	0.000000

2024-09-09	13:29:03	1725881343.954281	-43149.994744	-0.044311	-0.167521	-74.569717	116.950680	-137.650750	124.381912	307.866085	94.823460	173.940418	97.171075	-73.682132	121.789558	61.929529	111.937212	-298.660193	59.173397	115.483986	64.581352	-246.022166	0.177767	409.086977	0.149263	-195.504000	0.000000	34.873787	5.401233	-384.624000	0.000000	-1.976000	0.000000	65.896000	0.000000	123.875000	0.000000	-195.267000	0.000000	66.843000	0.000000	-115.378000	0.000000	-98.042000	0.000000	-51.739000	0.000000	-341.974000	0.000000	-119.067000	0.000000	81.684000	0.000000

2024-09-09	13:29:04	1725881344.953705	-43148.995320	-0.044311	-0.167521	-82.232976	177.542598	-137.803464	182.127046	277.266388	63.260802	177.603201	115.116902	-99.569967	45.958341	77.565687	43.792557	-294.064292	73.771191	108.318576	69.479625	-245.754400	0.167359	409.148005	0.157922	-195.504000	0.000000	36.514065	3.505906	-384.624000	0.000000	-1.976000	0.000000	65.896000	0.000000	123.875000	0.000000	-195.267000	0.000000	66.843000	0.000000	-115.378000	0.000000	-98.042000	0.000000	-51.739000	0.000000	-341.974000	0.000000	-119.067000	0.000000	81.684000	0.000000

2024-09-09	13:29:05	1725881345.954145	-43147.994880	-0.044311	-0.167521	20.929932	119.758234	-224.793289	121.886613	295.124532	61.802919	185.600862	60.098122	-56.401580	90.597131	47.525649	68.117887	-255.975923	64.267451	73.253823	60.107040	-245.957784	0.166418	409.109083	0.177022	-195.504000	0.000000	38.174577	3.923095	-384.624000	0.000000	-1.976000	0.000000	65.896000	0.000000	123.875000	0.000000	-195.267000	0.000000	66.843000	0.000000	-115.378000	0.000000	-98.042000	0.000000	-51.739000	0.000000	-341.974000	0.000000	-119.067000	0.000000	81.684000	0.000000

2024-09-09	13:29:06	1725881346.953590	-43146.995435	-0.044311	-0.167521	52.179075	231.323834	-270.251402	232.374300	288.492768	137.927159	167.052798	162.699321	-136.635825	96.777864	116.333947	82.501549	-295.784260	60.875680	110.654327	60.980205	-246.247067	0.280878	409.137343	0.174850	-195.504000	0.000000	38.203463	3.278165	-384.624000	0.000000	-1.976000	0.000000	65.896000	0.000000	123.875000	0.000000	-195.267000	0.000000	66.843000	0.000000	-115.378000	0.000000	-98.042000	0.000000	-51.739000	0.000000	-341.974000	0.000000	-119.067000	0.000000	81.684000	0.000000

2024-09-09	13:29:07	1725881347.954211	-43145.994814	-0.044311	-0.167521	6.052860	145.988749	-209.811501	141.338222	188.088600	164.602214	296.816711	194.372025	-142.066993	117.291040	130.843689	133.589672	-288.581769	42.982385	107.501188	37.582858	-245.950897	0.277162	409.181492	0.163219	-195.504000	0.000000	41.839752	3.157240	-384.624000	0.000000	-1.976000	0.000000	65.896000	0.000000	123.875000	0.000000	-195.267000	0.000000	66.843000	0.000000	-115.378000	0.000000	-98.042000	0.000000	-51.739000	0.000000	-341.974000	0.000000	-119.067000	0.000000	81.684000	0.000000

2024-09-09	13:29:08	1725881348.953635	-43144.995390	-0.044311	-0.167521	-4.640106	305.444267	-221.391453	303.311231	251.355705	50.222296	201.696997	76.130861	-71.403140	127.479718	42.965164	95.712592	-273.580253	37.061436	87.226814	27.691772	-245.687360	0.316795	409.457383	0.161987	-195.504000	0.000000	39.012829	2.877350	-384.624000	0.000000	-1.976000	0.000000	65.896000	0.000000	123.875000	0.000000	-195.267000	0.000000	66.843000	0.000000	-115.378000	0.000000	-98.042000	0.000000	-51.739000	0.000000	-341.974000	0.000000	-119.067000	0.000000	81.684000	0.000000

2024-09-09	13:29:09	1725881349.954058	-43143.994967	-0.044311	-0.167521	-215.194501	217.937031	8.751150	204.782588	260.774628	86.685812	206.946208	44.128704	-77.703979	147.402261	67.655524	112.954139	-271.089609	70.170817	89.534409	66.859599	-245.927641	0.237228	409.070228	0.231375	-195.504000	0.000000	40.366786	2.829356	-384.624000	0.000000	-1.976000	0.000000	65.896000	0.000000	123.875000	0.000000	-195.267000	0.000000	66.843000	0.000000	-115.378000	0.000000	-98.042000	0.000000	-51.739000	0.000000	-341.974000	0.000000	-119.067000	0.000000	81.684000	0.000000

2024-09-09	13:29:10	1725881350.953481	-43142.995544	-0.044311	-0.160902	59.927056	156.485240	-278.777199	185.368964	289.676782	87.692054	176.468462	90.936707	-129.475289	92.645579	108.734864	61.356881	-305.081128	74.686177	118.481509	73.594676	-245.723744	0.199585	408.920985	0.195575	-195.504000	0.000000	36.669056	2.696568	-384.624000	0.000000	-1.976000	0.000000	65.896000	0.000000	123.875000	0.000000	-195.267000	0.000000	66.843000	0.000000	-115.378000	0.000000	-98.042000	0.000000	-51.739000	0.000000	-341.974000	0.000000	-119.067000	0.000000	81.684000	0.000000

2024-09-09	13:29:11	1725881351.953904	-43141.995121	-0.044311	-0.160902	24.558764	224.985213	-225.929347	208.861079	297.622287	145.509702	187.520917	222.958875	-72.833437	201.848511	58.025988	160.749105	-233.100062	64.969871	50.609455	50.520665	-245.960819	0.290813	409.109252	0.149148	-195.504000	0.000000	34.390474	3.460138	-384.624000	0.000000	-1.976000	0.000000	65.896000	0.000000	123.875000	0.000000	-195.267000	0.000000	66.843000	0.000000	-115.378000	0.000000	-98.042000	0.000000	-51.739000	0.000000	-341.974000	0.000000	-119.067000	0.000000	81.684000	0.000000

2024-09-09	13:29:12	1725881352.955326	-43140.993700	-0.044311	-0.160902	-14.592512	156.004476	-213.775893	159.712581	273.831991	91.437269	169.319637	114.936065	-173.181228	150.038065	141.059491	152.112873	-285.457775	35.603094	96.443393	36.743707	-245.693984	0.174802	408.970747	0.166718	-195.504000	0.000000	35.920593	3.214847	-384.624000	0.000000	-1.976000	0.000000	65.896000	0.000000	123.875000	0.000000	-195.267000	0.000000	66.843000	0.000000	-115.378000	0.000000	-98.042000	0.000000	-51.739000	0.000000	-341.974000	0.000000	-119.067000	0.000000	81.684000	0.000000

2024-09-09	13:29:13	1725881353.954768	-43139.994257	-0.044311	-0.160902	55.853124	170.591060	-273.700104	188.132478	415.655341	158.184165	39.508073	147.896441	-71.752076	83.929748	59.186588	98.434613	-294.173719	18.318424	111.177129	26.445556	-246.142441	0.130821	409.150583	0.198868	-195.504000	0.000000	39.200418	3.826682	-384.624000	0.000000	-1.976000	0.000000	65.896000	0.000000	123.875000	0.000000	-195.267000	0.000000	66.843000	0.000000	-115.378000	0.000000	-98.042000	0.000000	-51.739000	0.000000	-341.974000	0.000000	-119.067000	0.000000	81.684000	0.000000

2024-09-09	13:29:14	1725881354.955189	-43138.993836	-0.044311	-0.160902	112.642358	338.177134	-314.729969	290.890232	222.848790	42.514638	269.211739	103.712105	-95.044029	86.093678	87.574500	89.073517	-275.344307	65.926219	91.894556	64.839029	-245.906684	0.226942	408.983383	0.342486	-195.504000	0.000000	38.859794	3.163299	-384.624000	0.000000	-1.976000	0.000000	65.896000	0.000000	123.875000	0.000000	-195.267000	0.000000	66.843000	0.000000	-115.378000	0.000000	-98.042000	0.000000	-51.739000	0.000000	-341.974000	0.000000	-119.067000	0.000000	81.684000	0.000000

2024-09-09	13:29:15	1725881355.954596	-43137.994430	-0.044311	-0.160902	-60.883073	236.167180	-142.534397	217.490346	299.951738	126.639060	181.581239	125.533288	-121.533669	93.431592	106.281615	81.522702	-275.050425	67.200364	95.672083	52.061640	-245.810871	0.190306	409.270319	0.159662	-195.504000	0.000000	41.172621	3.258559	-384.624000	0.000000	-1.976000	0.000000	65.896000	0.000000	123.875000	0.000000	-195.267000	0.000000	66.843000	0.000000	-115.378000	0.000000	-98.042000	0.000000	-51.739000	0.000000	-341.974000	0.000000	-119.067000	0.000000	81.684000	0.000000

2024-09-09	13:29:16	1725881356.955019	-43136.994007	-0.044311	-0.160902	-51.217967	153.753183	-166.834972	135.602145	264.156617	142.055431	193.276635	109.538917	-127.662258	50.947301	99.435229	57.244625	-260.889037	54.872687	76.329370	54.925046	-245.713566	0.397638	409.274712	0.137826	-195.504000	0.000000	38.896084	3.483319	-384.624000	0.000000	-1.976000	0.000000	65.896000	0.000000	123.875000	0.000000	-195.267000	0.000000	66.843000	0.000000	-115.378000	0.000000	-98.042000	0.000000	-51.739000	0.000000	-341.974000	0.000000	-119.067000	0.000000	81.684000	0.000000

2024-09-09	13:29:17	1725881357.954442	-43135.994583	-0.044311	-0.160902	-28.348375	209.072520	-179.623131	209.504094	306.269731	146.936583	161.057174	155.454868	-124.683852	110.253345	112.960176	83.036568	-278.083157	44.503523	96.478934	42.467499	-246.171219	0.145463	409.091906	0.117096	-195.504000	0.000000	39.079099	3.155601	-384.624000	0.000000	-1.976000	0.000000	65.896000	0.000000	123.875000	0.000000	-195.267000	0.000000	66.843000	0.000000	-115.378000	0.000000	-98.042000	0.000000	-51.739000	0.000000	-341.974000	0.000000	-119.067000	0.000000	81.684000	0.000000

2024-09-09	13:29:18	1725881358.954865	-43134.994160	-0.044311	-0.160902	37.518947	156.750855	-246.235647	167.926857	268.993958	132.862709	212.598439	85.797616	-94.574250	94.413126	83.012709	81.081151	-252.205867	41.020521	70.448345	37.136326	-245.830593	0.329062	409.160115	0.167859	-195.504000	0.000000	39.456388	3.441013	-384.624000	0.000000	-1.976000	0.000000	65.896000	0.000000	123.875000	0.000000	-195.267000	0.000000	66.843000	0.000000	-115.378000	0.000000	-98.042000	0.000000	-51.739000	0.000000	-341.974000	0.000000	-119.067000	0.000000	81.684000	0.000000

2024-09-09	13:29:19	1725881359.956305	-43133.992721	-0.044311	-0.160902	-84.577276	239.523424	-123.070818	225.427938	238.919591	172.035679	238.882949	188.146603	-106.634775	31.156535	98.348943	30.280398	-289.355980	44.245750	105.234754	45.564625	-245.811105	0.165195	409.254622	0.136315	-195.504000	0.000000	36.591444	5.683303	-384.624000	0.000000	-1.976000	0.000000	65.896000	0.000000	123.875000	0.000000	-195.267000	0.000000	66.843000	0.000000	-115.378000	0.000000	-98.042000	0.000000	-51.739000	0.000000	-341.974000	0.000000	-119.067000	0.000000	81.684000	0.000000

2024-09-09	13:29:20	1725881360.955710	-43132.993315	-0.044311	-0.160902	-23.164499	143.165077	-186.253427	147.972058	252.574821	62.786688	204.212062	69.923347	-107.592209	107.339265	83.585120	82.520185	-260.270621	41.719985	75.994263	42.464675	-245.906261	0.155358	409.146032	0.200579	-195.504000	0.000000	39.455993	5.047021	-384.624000	0.000000	-1.976000	0.000000	65.896000	0.000000	123.875000	0.000000	-195.267000	0.000000	66.843000	0.000000	-115.378000	0.000000	-98.042000	0.000000	-51.739000	0.000000	-341.974000	0.000000	-119.067000	0.000000	81.684000	0.000000

2024-09-09	13:29:21	1725881361.956151	-43131.992874	-0.044311	-0.160902	-174.580917	166.211745	-42.182722	164.240026	322.501957	72.750590	146.111854	86.184861	-77.601985	92.427438	58.572908	82.984529	-305.847539	50.339304	121.376890	51.921311	-245.843336	0.204835	409.208573	0.280745	-195.504000	0.000000	36.496680	3.704891	-384.624000	0.000000	-1.976000	0.000000	65.896000	0.000000	123.875000	0.000000	-195.267000	0.000000	66.843000	0.000000	-115.378000	0.000000	-98.042000	0.000000	-51.739000	0.000000	-341.974000	0.000000	-119.067000	0.000000	81.684000	0.000000

2024-09-09	13:29:22	1725881362.955556	-43130.993469	-0.044311	-0.160902	0.353870	102.865986	-210.173939	96.230689	244.548763	100.762421	240.315231	131.082539	-119.341063	41.037401	117.808088	48.222716	-284.200587	42.648961	100.842224	38.119454	-246.024389	0.257813	409.236336	0.196416	-195.504000	0.000000	39.428019	3.807564	-384.624000	0.000000	-1.976000	0.000000	65.896000	0.000000	123.875000	0.000000	-195.267000	0.000000	66.843000	0.000000	-115.378000	0.000000	-98.042000	0.000000	-51.739000	0.000000	-341.974000	0.000000	-119.067000	0.000000	81.684000	0.000000

2024-09-09	13:29:23	1725881363.955979	-43129.993046	-0.044311	-0.160902	29.174961	50.179660	-243.544683	56.255595	249.503244	128.934168	206.012768	160.389620	-151.679501	48.993913	125.856642	42.123574	-245.410754	37.341236	60.100000	35.517632	-246.074313	0.137138	409.237218	0.170403	-195.504000	0.000000	38.437929	4.270202	-384.624000	0.000000	-1.976000	0.000000	65.896000	0.000000	123.875000	0.000000	-195.267000	0.000000	66.843000	0.000000	-115.378000	0.000000	-98.042000	0.000000	-51.739000	0.000000	-341.974000	0.000000	-119.067000	0.000000	81.684000	0.000000

2024-09-09	13:29:24	1725881364.955402	-43128.993623	-0.044311	-0.160902	6.997018	146.177644	-218.628842	144.009423	313.377210	150.558358	166.271926	180.327691	-67.014370	76.516976	46.027355	66.067442	-278.943962	64.946117	96.361056	57.928587	-246.100861	0.231684	409.330434	0.142230	-195.504000	0.000000	35.484485	4.352719	-384.624000	0.000000	-1.976000	0.000000	65.896000	0.000000	123.875000	0.000000	-195.267000	0.000000	66.843000	0.000000	-115.378000	0.000000	-98.042000	0.000000	-51.739000	0.000000	-341.974000	0.000000	-119.067000	0.000000	81.684000	0.000000

2024-09-09	13:29:25	1725881365.955826	-43127.993199	-0.044311	-0.160902	-237.335412	202.630883	22.910237	207.436078	249.166405	107.154193	211.326188	87.349417	-77.239589	111.560860	60.949227	102.817033	-266.047800	34.820699	85.836691	34.877341	-245.917195	0.184820	409.351813	0.179552	-195.504000	0.000000	32.942352	3.292297	-384.624000	0.000000	-1.976000	0.000000	65.896000	0.000000	123.875000	0.000000	-195.267000	0.000000	66.843000	0.000000	-115.378000	0.000000	-98.042000	0.000000	-51.739000	0.000000	-341.974000	0.000000	-119.067000	0.000000	81.684000	0.000000

2024-09-09	13:29:26	1725881366.956266	-43126.992759	-0.044311	-0.147661	26.002825	113.093715	-232.757419	117.071945	241.198692	69.489074	228.803527	52.865454	-163.758982	129.586163	150.945311	103.010265	-273.524230	35.495663	88.217607	43.032980	-246.249590	0.155451	409.232327	0.189917	-195.504000	0.000000	38.043253	3.641209	-384.624000	0.000000	-1.976000	0.000000	65.896000	0.000000	123.875000	0.000000	-195.267000	0.000000	66.843000	0.000000	-115.378000	0.000000	-98.042000	0.000000	-51.739000	0.000000	-341.974000	0.000000	-119.067000	0.000000	81.684000	0.000000

2024-09-09	13:29:27	1725881367.955690	-43125.993335	-0.044311	-0.147661	91.209031	77.634519	-295.837721	73.941377	342.763584	104.847107	129.218140	171.207211	-75.550579	138.235486	65.449039	132.359734	-264.521432	69.198282	81.646506	65.237330	-246.234370	0.163349	409.204196	0.173265	-195.504000	0.000000	33.039595	4.035091	-384.624000	0.000000	-1.976000	0.000000	65.896000	0.000000	123.875000	0.000000	-195.267000	0.000000	66.843000	0.000000	-115.378000	0.000000	-98.042000	0.000000	-51.739000	0.000000	-341.974000	0.000000	-119.067000	0.000000	81.684000	0.000000

2024-09-09	13:29:28	1725881368.956094	-43124.992931	-0.044311	-0.147661	-88.362834	127.274451	-123.899504	119.993506	212.744300	77.897404	254.406735	67.443430	-149.590081	104.604372	132.833863	123.832389	-284.088332	32.543363	97.727701	25.858750	-245.938969	0.116331	408.881149	0.216763	-195.504000	0.000000	40.553967	4.798551	-384.624000	0.000000	-1.976000	0.000000	65.896000	0.000000	123.875000	0.000000	-195.267000	0.000000	66.843000	0.000000	-115.378000	0.000000	-98.042000	0.000000	-51.739000	0.000000	-341.974000	0.000000	-119.067000	0.000000	81.684000	0.000000

2024-09-09	13:29:29	1725881369.955518	-43123.993507	-0.044311	-0.147661	9.809739	102.417724	-206.803884	61.102904	339.065003	237.122261	141.887545	192.527912	-94.625719	136.511836	78.178901	99.243934	-281.306589	46.489580	101.973035	38.825780	-245.810572	0.171049	409.400974	0.257681	-195.504000	0.000000	38.608976	3.983021	-384.624000	0.000000	-1.976000	0.000000	65.896000	0.000000	123.875000	0.000000	-195.267000	0.000000	66.843000	0.000000	-115.378000	0.000000	-98.042000	0.000000	-51.739000	0.000000	-341.974000	0.000000	-119.067000	0.000000	81.684000	0.000000

2024-09-09	13:29:30	1725881370.955941	-43122.993084	-0.044311	-0.147661	37.882063	220.731789	-252.075591	211.769317	311.018634	81.181068	150.490945	31.641644	-67.072782	86.614725	51.996596	74.403036	-251.689575	37.273936	72.170033	30.783281	-245.706439	0.319026	409.248383	0.317857	-195.504000	0.000000	36.012450	5.766750	-384.624000	0.000000	-1.976000	0.000000	65.896000	0.000000	123.875000	0.000000	-195.267000	0.000000	66.843000	0.000000	-115.378000	0.000000	-98.042000	0.000000	-51.739000	0.000000	-341.974000	0.000000	-119.067000	0.000000	81.684000	0.000000

2024-09-09	13:29:31	1725881371.955382	-43121.993643	-0.044311	-0.147661	-60.171738	136.440287	-155.606794	161.569150	255.243105	159.716971	218.870838	185.550358	-139.070563	112.304852	120.622709	113.760773	-245.548412	27.663068	64.071172	32.094016	-245.491429	0.266550	409.219628	0.191276	-195.504000	0.000000	41.385142	4.116459	-384.624000	0.000000	-1.976000	0.000000	65.896000	0.000000	123.875000	0.000000	-195.267000	0.000000	66.843000	0.000000	-115.378000	0.000000	-98.042000	0.000000	-51.739000	0.000000	-341.974000	0.000000	-119.067000	0.000000	81.684000	0.000000

2024-09-09	13:29:32	1725881372.955787	-43120.993238	-0.044311	-0.147661	-28.209893	70.766864	-179.514257	70.425666	273.862033	102.739978	200.062554	132.463109	-56.332630	125.883145	45.439486	106.689692	-285.402378	49.193524	101.758286	42.136797	-246.228665	0.249173	409.244899	0.220146	-195.504000	0.000000	35.905441	2.984788	-384.624000	0.000000	-1.976000	0.000000	65.896000	0.000000	123.875000	0.000000	-195.267000	0.000000	66.843000	0.000000	-115.378000	0.000000	-98.042000	0.000000	-51.739000	0.000000	-341.974000	0.000000	-119.067000	0.000000	81.684000	0.000000

2024-09-09	13:29:33	1725881373.956210	-43119.992815	-0.044311	-0.147661	-48.447505	181.032776	-156.309829	125.585699	360.971298	205.884174	96.255819	188.908429	-105.142110	75.978095	87.063132	85.878418	-286.874991	59.511396	103.003747	51.680832	-245.690934	0.218903	409.264824	0.294213	-195.504000	0.000000	31.504456	5.530180	-384.624000	0.000000	-1.976000	0.000000	65.896000	0.000000	123.875000	0.000000	-195.267000	0.000000	66.843000	0.000000	-115.378000	0.000000	-98.042000	0.000000	-51.739000	0.000000	-341.974000	0.000000	-119.067000	0.000000	81.684000	0.000000

2024-09-09	13:29:34	1725881374.955637	-43118.993388	-0.044311	-0.180762	-52.259441	280.686685	-166.063411	303.335466	320.847585	99.928131	143.148647	89.098942	-96.821211	125.804764	80.486607	94.790279	-299.531104	78.748265	112.434660	78.120683	-245.739034	0.230953	409.430123	0.319408	-195.504000	0.000000	33.778353	5.239723	-384.624000	0.000000	-1.976000	0.000000	65.896000	0.000000	123.875000	0.000000	-195.267000	0.000000	66.843000	0.000000	-115.378000	0.000000	-98.042000	0.000000	-51.739000	0.000000	-341.974000	0.000000	-119.067000	0.000000	81.684000	0.000000

2024-09-09	13:29:35	1725881375.956060	-43117.992965	-0.044311	-0.180762	68.563212	247.793934	-282.271300	238.097385	227.321356	94.407128	241.898131	94.928230	-192.461917	61.314694	163.242155	44.228631	-239.955842	49.158743	54.113450	41.501184	-245.551116	0.208836	409.319360	0.327747	-195.504000	0.000000	37.645925	3.474160	-384.624000	0.000000	-1.976000	0.000000	65.896000	0.000000	123.875000	0.000000	-195.267000	0.000000	66.843000	0.000000	-115.378000	0.000000	-98.042000	0.000000	-51.739000	0.000000	-341.974000	0.000000	-119.067000	0.000000	81.684000	0.000000

