Date/C:Time:TimeStamp/D:time:VMeas:IMeas:I_00:DI_00:I_01:DI_01:I_02:DI_02:I_03:DI_03:I_04:DI_04:I_05:DI_05:I_06:DI_06:I_07:DI_07:I_08:DI_08:I_09:DI_09:I_10:DI_10:I_11:DI_11:I_12:DI_12:I_13:DI_13:I_14:DI_14:I_15:DI_15:I_16:DI_16:I_17:DI_17:I_18:DI_18:I_19:DI_19:I_20:DI_20:I_21:DI_21:I_22:DI_22:I_23:DI_23
2024-09-09	13:19:53	1725880793.901529	-43200.000000	-0.044311	-0.121179	15.310902	249.708872	-226.933689	246.695633	294.276297	60.680969	181.596558	64.955791	-165.940091	104.209247	149.994104	111.439639	-289.446635	38.246257	102.094318	43.829041	-246.382979	0.216999	408.648915	0.168051	-195.504000	0.000000	37.733205	4.542830	-384.624000	0.000000	-1.976000	0.000000	65.896000	0.000000	123.875000	0.000000	-195.267000	0.000000	66.843000	0.000000	-115.378000	0.000000	-98.042000	0.000000	-51.739000	0.000000	-341.974000	0.000000	-119.067000	0.000000	81.684000	0.000000

2024-09-09	13:19:54	1725880794.900952	-43199.000576	-0.044311	-0.121179	-65.387483	116.008439	-144.649452	116.003795	230.838303	188.193794	249.720692	186.817397	-62.815374	165.487161	49.303552	120.737207	-286.535831	74.736786	95.130302	80.637057	-246.451460	0.109219	408.617746	0.150389	-195.504000	0.000000	35.753307	3.229833	-384.624000	0.000000	-1.976000	0.000000	65.896000	0.000000	123.875000	0.000000	-195.267000	0.000000	66.843000	0.000000	-115.378000	0.000000	-98.042000	0.000000	-51.739000	0.000000	-341.974000	0.000000	-119.067000	0.000000	81.684000	0.000000

2024-09-09	13:19:55	1725880795.901375	-43198.000154	-0.044311	-0.121179	25.466717	154.896152	-248.636981	168.333160	220.717375	121.416141	227.914336	117.647594	-125.897825	84.942247	98.300303	79.935791	-312.960770	103.730880	122.363045	96.062544	-246.787182	0.293873	408.677267	0.199287	-195.504000	0.000000	38.263320	2.566280	-384.624000	0.000000	-1.976000	0.000000	65.896000	0.000000	123.875000	0.000000	-195.267000	0.000000	66.843000	0.000000	-115.378000	0.000000	-98.042000	0.000000	-51.739000	0.000000	-341.974000	0.000000	-119.067000	0.000000	81.684000	0.000000

2024-09-09	13:19:56	1725880796.900799	-43197.000730	-0.044311	-0.134420	47.891257	100.706969	-268.965096	84.095752	293.151038	122.885714	176.598167	110.836828	-140.205652	118.208888	118.525666	97.282858	-290.701216	31.059494	101.870537	24.445957	-246.680526	0.153671	408.422417	0.180750	-195.504000	0.000000	38.052274	5.024907	-384.624000	0.000000	-1.976000	0.000000	65.896000	0.000000	123.875000	0.000000	-195.267000	0.000000	66.843000	0.000000	-115.378000	0.000000	-98.042000	0.000000	-51.739000	0.000000	-341.974000	0.000000	-119.067000	0.000000	81.684000	0.000000

2024-09-09	13:19:57	1725880797.901222	-43196.000307	-0.044311	-0.134420	-38.473756	116.486805	-167.708994	90.761288	304.762175	75.795053	178.608596	108.009901	-69.585201	49.504831	56.423099	50.032399	-280.888171	54.819910	96.096499	51.540508	-246.750828	0.280917	408.801374	0.321204	-195.504000	0.000000	36.621912	4.662754	-384.624000	0.000000	-1.976000	0.000000	65.896000	0.000000	123.875000	0.000000	-195.267000	0.000000	66.843000	0.000000	-115.378000	0.000000	-98.042000	0.000000	-51.739000	0.000000	-341.974000	0.000000	-119.067000	0.000000	81.684000	0.000000

2024-09-09	13:19:58	1725880798.902644	-43194.998885	-0.044311	-0.134420	-33.008958	157.884301	-192.080713	170.047016	229.573857	88.075099	234.501440	98.901324	-109.531680	49.779664	86.912688	58.475525	-292.952457	18.288577	99.429531	23.132655	-246.490543	0.292521	408.958530	0.169850	-195.504000	0.000000	34.844255	3.906585	-384.624000	0.000000	-1.976000	0.000000	65.896000	0.000000	123.875000	0.000000	-195.267000	0.000000	66.843000	0.000000	-115.378000	0.000000	-98.042000	0.000000	-51.739000	0.000000	-341.974000	0.000000	-119.067000	0.000000	81.684000	0.000000

2024-09-09	13:19:59	1725880799.902067	-43193.999462	-0.044311	-0.134420	-152.946345	94.426577	-62.934771	81.032948	280.217037	141.330147	184.696664	147.636738	-108.384732	61.672450	94.803365	58.978198	-285.741878	80.986355	100.493572	80.604044	-246.257296	0.130951	408.567872	0.295617	-195.504000	0.000000	41.748914	3.467006	-384.624000	0.000000	-1.976000	0.000000	65.896000	0.000000	123.875000	0.000000	-195.267000	0.000000	66.843000	0.000000	-115.378000	0.000000	-98.042000	0.000000	-51.739000	0.000000	-341.974000	0.000000	-119.067000	0.000000	81.684000	0.000000

2024-09-09	13:20:00	1725880800.901996	-43192.999533	-0.044311	-0.134420	24.634275	79.266066	-234.936154	77.784116	266.792815	37.611965	205.572704	41.754455	-59.388007	37.550550	40.421435	49.011530	-283.223212	39.404199	96.196487	40.177058	-246.583562	0.199675	408.696236	0.151701	-195.504000	0.000000	40.986263	3.975996	-384.624000	0.000000	-1.976000	0.000000	65.896000	0.000000	123.875000	0.000000	-195.267000	0.000000	66.843000	0.000000	-115.378000	0.000000	-98.042000	0.000000	-51.739000	0.000000	-341.974000	0.000000	-119.067000	0.000000	81.684000	0.000000

2024-09-09	13:20:01	1725880801.902418	-43191.999111	-0.044311	-0.134420	0.554295	199.651475	-227.994576	239.728555	361.781926	118.402760	89.748515	84.520052	-139.412288	76.458572	107.861554	71.118704	-291.114653	103.308897	101.112458	89.951712	-247.023864	0.125425	408.183649	0.225601	-195.504000	0.000000	35.229026	5.691380	-384.624000	0.000000	-1.976000	0.000000	65.896000	0.000000	123.875000	0.000000	-195.267000	0.000000	66.843000	0.000000	-115.378000	0.000000	-98.042000	0.000000	-51.739000	0.000000	-341.974000	0.000000	-119.067000	0.000000	81.684000	0.000000

2024-09-09	13:20:02	1725880802.901842	-43190.999687	-0.044311	-0.134420	40.738237	210.854659	-246.793930	198.882889	221.722893	70.446399	267.478066	100.342734	-53.198431	93.066306	41.906806	118.323927	-314.683387	61.836212	130.726000	52.771822	-246.867255	0.154246	408.326124	0.237892	-195.504000	0.000000	39.864839	5.414335	-384.624000	0.000000	-1.976000	0.000000	65.896000	0.000000	123.875000	0.000000	-195.267000	0.000000	66.843000	0.000000	-115.378000	0.000000	-98.042000	0.000000	-51.739000	0.000000	-341.974000	0.000000	-119.067000	0.000000	81.684000	0.000000

2024-09-09	13:20:03	1725880803.902265	-43189.999264	-0.044311	-0.134420	-133.421953	139.900973	-77.512679	123.110443	364.033934	91.808996	100.240901	114.198951	-161.847357	65.612961	142.474321	107.761292	-216.062260	56.444161	32.053928	56.152333	-246.855998	0.218758	408.561006	0.136782	-195.504000	0.000000	42.271149	3.614103	-384.624000	0.000000	-1.976000	0.000000	65.896000	0.000000	123.875000	0.000000	-195.267000	0.000000	66.843000	0.000000	-115.378000	0.000000	-98.042000	0.000000	-51.739000	0.000000	-341.974000	0.000000	-119.067000	0.000000	81.684000	0.000000

2024-09-09	13:20:04	1725880804.901706	-43188.999823	-0.044311	-0.180762	-1.835942	116.352580	-199.352673	111.590473	320.367717	147.650036	165.661765	152.065981	-103.163608	119.749652	96.302764	111.910366	-314.479076	59.360512	128.897607	55.022912	-246.614278	0.137187	408.514183	0.257554	-195.504000	0.000000	39.643661	3.192428	-384.624000	0.000000	-1.976000	0.000000	65.896000	0.000000	123.875000	0.000000	-195.267000	0.000000	66.843000	0.000000	-115.378000	0.000000	-98.042000	0.000000	-51.739000	0.000000	-341.974000	0.000000	-119.067000	0.000000	81.684000	0.000000

2024-09-09	13:20:05	1725880805.902137	-43187.999392	-0.044311	-0.180762	-3.570999	179.720475	-220.673217	157.206289	247.897862	152.787957	205.915019	181.580887	-141.893909	75.892809	120.564865	88.335693	-267.845261	43.460437	78.651778	45.698548	-246.399673	0.212166	408.626489	0.183928	-195.504000	0.000000	40.809922	2.645963	-384.624000	0.000000	-1.976000	0.000000	65.896000	0.000000	123.875000	0.000000	-195.267000	0.000000	66.843000	0.000000	-115.378000	0.000000	-98.042000	0.000000	-51.739000	0.000000	-341.974000	0.000000	-119.067000	0.000000	81.684000	0.000000

2024-09-09	13:20:06	1725880806.902558	-43186.998971	-0.044311	-0.180762	-29.953481	217.597393	-175.627825	225.918892	198.996175	114.564215	275.811686	129.444051	-105.416963	64.645383	87.583356	69.016547	-299.640986	76.619155	113.802218	78.038977	-246.633228	0.329431	408.398790	0.238113	-195.504000	0.000000	38.511162	3.620250	-384.624000	0.000000	-1.976000	0.000000	65.896000	0.000000	123.875000	0.000000	-195.267000	0.000000	66.843000	0.000000	-115.378000	0.000000	-98.042000	0.000000	-51.739000	0.000000	-341.974000	0.000000	-119.067000	0.000000	81.684000	0.000000

2024-09-09	13:20:07	1725880807.901963	-43185.999566	-0.044311	-0.180762	110.426283	259.678775	-325.542439	260.147181	256.849137	115.213745	233.561768	128.216948	-63.797304	68.448358	46.226122	57.537485	-272.561119	79.498979	86.456318	80.646307	-246.817951	0.221967	408.681955	0.203261	-195.504000	0.000000	39.108733	4.737170	-384.624000	0.000000	-1.976000	0.000000	65.896000	0.000000	123.875000	0.000000	-195.267000	0.000000	66.843000	0.000000	-115.378000	0.000000	-98.042000	0.000000	-51.739000	0.000000	-341.974000	0.000000	-119.067000	0.000000	81.684000	0.000000

2024-09-09	13:20:08	1725880808.902386	-43184.999143	-0.044311	-0.180762	-86.173862	76.770747	-129.411794	60.242531	395.746679	125.492476	50.947182	91.933511	-57.292541	66.687943	37.693547	47.110288	-289.379170	74.607236	105.388548	62.499616	-246.496856	0.194913	408.493600	0.283569	-195.504000	0.000000	40.948693	4.023840	-384.624000	0.000000	-1.976000	0.000000	65.896000	0.000000	123.875000	0.000000	-195.267000	0.000000	66.843000	0.000000	-115.378000	0.000000	-98.042000	0.000000	-51.739000	0.000000	-341.974000	0.000000	-119.067000	0.000000	81.684000	0.000000

2024-09-09	13:20:09	1725880809.901810	-43183.999719	-0.044311	-0.180762	83.533818	100.270320	-296.735145	92.254264	221.582296	160.154171	255.068951	152.046226	-81.528884	68.042126	67.557253	70.627300	-248.275671	24.806941	64.469582	33.269383	-246.391749	0.181858	408.772656	0.323849	-195.504000	0.000000	38.814664	2.670079	-384.624000	0.000000	-1.976000	0.000000	65.896000	0.000000	123.875000	0.000000	-195.267000	0.000000	66.843000	0.000000	-115.378000	0.000000	-98.042000	0.000000	-51.739000	0.000000	-341.974000	0.000000	-119.067000	0.000000	81.684000	0.000000

2024-09-09	13:20:10	1725880810.902236	-43182.999293	-0.044311	-0.180762	-52.915905	63.218179	-170.866017	54.454090	304.804009	119.403910	154.924299	128.162683	-148.005632	124.770884	126.546124	124.525561	-270.716597	57.215112	80.054817	60.588804	-246.637833	0.230263	408.881959	0.192693	-195.504000	0.000000	37.209185	3.772107	-384.624000	0.000000	-1.976000	0.000000	65.896000	0.000000	123.875000	0.000000	-195.267000	0.000000	66.843000	0.000000	-115.378000	0.000000	-98.042000	0.000000	-51.739000	0.000000	-341.974000	0.000000	-119.067000	0.000000	81.684000	0.000000

2024-09-09	13:20:11	1725880811.902659	-43181.998870	-0.044311	-0.180762	-48.238726	132.001302	-154.303807	128.788875	343.951987	101.191501	130.073172	107.334434	-71.408931	48.390289	49.060446	42.855457	-299.904608	34.635704	114.883599	35.118045	-246.751747	0.274581	408.536385	0.210621	-195.504000	0.000000	37.275772	3.588785	-384.624000	0.000000	-1.976000	0.000000	65.896000	0.000000	123.875000	0.000000	-195.267000	0.000000	66.843000	0.000000	-115.378000	0.000000	-98.042000	0.000000	-51.739000	0.000000	-341.974000	0.000000	-119.067000	0.000000	81.684000	0.000000

2024-09-09	13:20:12	1725880812.902081	-43180.999447	-0.044311	-0.141039	60.760382	83.601446	-274.339080	95.498132	251.855224	186.747453	225.761592	212.453984	-88.031052	119.647147	79.425104	114.861403	-283.130681	32.078592	96.173039	36.855358	-246.526415	0.446144	408.679671	0.183885	-195.504000	0.000000	36.391905	3.378527	-384.624000	0.000000	-1.976000	0.000000	65.896000	0.000000	123.875000	0.000000	-195.267000	0.000000	66.843000	0.000000	-115.378000	0.000000	-98.042000	0.000000	-51.739000	0.000000	-341.974000	0.000000	-119.067000	0.000000	81.684000	0.000000

2024-09-09	13:20:13	1725880813.902505	-43179.999023	-0.044311	-0.141039	-190.553138	98.754631	-23.194032	107.897304	311.760691	90.413235	137.579402	48.537712	-218.000071	142.276192	196.402086	147.609383	-271.544476	39.472038	82.838489	43.021166	-246.387254	0.198802	408.520328	0.184012	-195.504000	0.000000	40.269983	4.057563	-384.624000	0.000000	-1.976000	0.000000	65.896000	0.000000	123.875000	0.000000	-195.267000	0.000000	66.843000	0.000000	-115.378000	0.000000	-98.042000	0.000000	-51.739000	0.000000	-341.974000	0.000000	-119.067000	0.000000	81.684000	0.000000

2024-09-09	13:20:14	1725880814.901928	-43178.999600	-0.044311	-0.141039	100.067719	205.615182	-315.686391	227.151552	342.019910	232.204913	119.962228	224.541862	-29.746977	93.573743	17.300147	79.541803	-244.868730	51.582859	59.827844	42.098069	-246.778801	0.146526	408.692402	0.189674	-195.504000	0.000000	37.260147	4.883760	-384.624000	0.000000	-1.976000	0.000000	65.896000	0.000000	123.875000	0.000000	-195.267000	0.000000	66.843000	0.000000	-115.378000	0.000000	-98.042000	0.000000	-51.739000	0.000000	-341.974000	0.000000	-119.067000	0.000000	81.684000	0.000000

2024-09-09	13:20:15	1725880815.902411	-43177.999118	-0.044311	-0.141039	80.520646	81.577159	-306.367477	78.469061	261.400540	124.857762	198.254873	112.341696	-116.623542	102.824301	92.388109	94.851831	-319.407180	55.303950	129.599609	56.411864	-246.852513	0.218743	408.667734	0.197044	-195.504000	0.000000	41.289430	4.938718	-384.624000	0.000000	-1.976000	0.000000	65.896000	0.000000	123.875000	0.000000	-195.267000	0.000000	66.843000	0.000000	-115.378000	0.000000	-98.042000	0.000000	-51.739000	0.000000	-341.974000	0.000000	-119.067000	0.000000	81.684000	0.000000

2024-09-09	13:20:16	1725880816.902834	-43176.998695	-0.044311	-0.141039	-34.879337	172.615233	-168.619637	168.053585	269.815968	129.387299	217.183665	94.835123	-93.872127	135.738427	85.146695	128.020248	-293.599468	54.851846	111.009185	47.498997	-246.712528	0.256650	408.669288	0.178971	-195.504000	0.000000	33.755762	5.319288	-384.624000	0.000000	-1.976000	0.000000	65.896000	0.000000	123.875000	0.000000	-195.267000	0.000000	66.843000	0.000000	-115.378000	0.000000	-98.042000	0.000000	-51.739000	0.000000	-341.974000	0.000000	-119.067000	0.000000	81.684000	0.000000

2024-09-09	13:20:17	1725880817.902256	-43175.999272	-0.044311	-0.141039	-193.577685	223.276108	-25.697871	213.492199	182.433158	80.781776	280.974336	79.903273	-100.170807	91.984606	82.063969	73.897590	-254.744914	49.780195	67.293174	45.967935	-246.643655	0.193106	408.736591	0.216066	-195.504000	0.000000	38.426875	6.028624	-384.624000	0.000000	-1.976000	0.000000	65.896000	0.000000	123.875000	0.000000	-195.267000	0.000000	66.843000	0.000000	-115.378000	0.000000	-98.042000	0.000000	-51.739000	0.000000	-341.974000	0.000000	-119.067000	0.000000	81.684000	0.000000

2024-09-09	13:20:18	1725880818.903679	-43174.997850	-0.044311	-0.141039	45.468209	213.029351	-243.759843	221.671685	367.358821	98.099552	111.026036	116.962706	-86.081378	102.273110	70.101512	108.714312	-304.152750	45.870190	122.933099	38.675238	-246.708434	0.127151	408.467252	0.143168	-195.504000	0.000000	39.544040	3.663880	-384.624000	0.000000	-1.976000	0.000000	65.896000	0.000000	123.875000	0.000000	-195.267000	0.000000	66.843000	0.000000	-115.378000	0.000000	-98.042000	0.000000	-51.739000	0.000000	-341.974000	0.000000	-119.067000	0.000000	81.684000	0.000000

2024-09-09	13:20:19	1725880819.903102	-43173.998426	-0.044311	-0.154283	-21.838947	168.365903	-209.993689	156.282148	273.771103	127.709826	184.977019	127.668114	-170.937823	128.078852	147.136779	90.972158	-269.531270	55.541960	77.974604	66.019186	-247.014755	0.112352	408.056879	0.298318	-195.504000	0.000000	38.449437	2.776116	-384.624000	0.000000	-1.976000	0.000000	65.896000	0.000000	123.875000	0.000000	-195.267000	0.000000	66.843000	0.000000	-115.378000	0.000000	-98.042000	0.000000	-51.739000	0.000000	-341.974000	0.000000	-119.067000	0.000000	81.684000	0.000000

2024-09-09	13:20:20	1725880820.903525	-43172.998003	-0.044311	-0.154283	41.891336	190.479093	-250.968254	195.205686	277.362313	104.670893	181.617563	111.413793	-70.884710	127.969856	50.535919	121.799104	-302.114319	39.590147	111.454288	38.498224	-246.926648	0.173987	408.250878	0.170290	-195.504000	0.000000	36.874744	3.499670	-384.624000	0.000000	-1.976000	0.000000	65.896000	0.000000	123.875000	0.000000	-195.267000	0.000000	66.843000	0.000000	-115.378000	0.000000	-98.042000	0.000000	-51.739000	0.000000	-341.974000	0.000000	-119.067000	0.000000	81.684000	0.000000

2024-09-09	13:20:21	1725880821.902966	-43171.998563	-0.044311	-0.154283	12.886227	147.527973	-229.007214	144.289937	298.802358	191.921746	181.618538	195.905907	-82.093193	59.228521	70.698905	51.807952	-285.046992	30.420169	103.194317	32.133686	-247.089824	0.192035	408.278087	0.156926	-195.504000	0.000000	38.477989	2.777680	-384.624000	0.000000	-1.976000	0.000000	65.896000	0.000000	123.875000	0.000000	-195.267000	0.000000	66.843000	0.000000	-115.378000	0.000000	-98.042000	0.000000	-51.739000	0.000000	-341.974000	0.000000	-119.067000	0.000000	81.684000	0.000000

2024-09-09	13:20:22	1725880822.903388	-43170.998140	-0.044311	-0.154283	-275.303233	243.411853	57.602031	240.016153	161.203586	125.224181	319.374627	134.958510	-130.472722	101.817950	116.812368	109.529317	-285.096308	46.808264	95.528764	49.267736	-246.992969	0.338987	408.148799	0.116735	-195.504000	0.000000	35.171367	3.957401	-384.624000	0.000000	-1.976000	0.000000	65.896000	0.000000	123.875000	0.000000	-195.267000	0.000000	66.843000	0.000000	-115.378000	0.000000	-98.042000	0.000000	-51.739000	0.000000	-341.974000	0.000000	-119.067000	0.000000	81.684000	0.000000

2024-09-09	13:20:23	1725880823.902794	-43169.998734	-0.044311	-0.154283	194.780756	256.159058	-401.635062	274.490201	318.779818	111.817510	144.859734	120.408354	-31.925921	35.787111	7.767583	37.731397	-290.645939	56.193921	106.551701	47.855617	-247.063936	0.255491	408.168052	0.290044	-195.504000	0.000000	36.632051	3.751564	-384.624000	0.000000	-1.976000	0.000000	65.896000	0.000000	123.875000	0.000000	-195.267000	0.000000	66.843000	0.000000	-115.378000	0.000000	-98.042000	0.000000	-51.739000	0.000000	-341.974000	0.000000	-119.067000	0.000000	81.684000	0.000000

2024-09-09	13:20:24	1725880824.903218	-43168.998311	-0.044311	-0.154283	-119.521225	75.248199	-90.273345	76.732073	335.793456	163.844017	125.264979	205.004713	-117.643577	83.384611	95.836427	46.782140	-242.457543	50.605810	54.353272	59.037106	-247.019991	0.206244	408.083158	0.149169	-195.504000	0.000000	35.618605	4.765720	-384.624000	0.000000	-1.976000	0.000000	65.896000	0.000000	123.875000	0.000000	-195.267000	0.000000	66.843000	0.000000	-115.378000	0.000000	-98.042000	0.000000	-51.739000	0.000000	-341.974000	0.000000	-119.067000	0.000000	81.684000	0.000000

2024-09-09	13:20:25	1725880825.904640	-43167.996889	-0.044311	-0.154283	-3.537526	163.175420	-205.599346	168.880044	269.267787	52.441050	212.991021	64.437546	-86.437930	85.824330	82.084943	73.012423	-243.471819	67.321574	63.506132	63.422495	-246.611282	0.178671	408.202312	0.214156	-195.504000	0.000000	36.358650	3.325199	-384.624000	0.000000	-1.976000	0.000000	65.896000	0.000000	123.875000	0.000000	-195.267000	0.000000	66.843000	0.000000	-115.378000	0.000000	-98.042000	0.000000	-51.739000	0.000000	-341.974000	0.000000	-119.067000	0.000000	81.684000	0.000000

2024-09-09	13:20:26	1725880826.904423	-43166.997106	-0.044311	-0.154283	-140.457652	99.131565	-73.060964	112.564659	283.587107	92.055280	177.942136	81.215559	-140.925539	108.307741	123.778489	92.024530	-301.564080	56.491502	111.720082	50.830250	-246.739688	0.121195	408.204365	0.254601	-195.504000	0.000000	34.412603	4.631927	-384.624000	0.000000	-1.976000	0.000000	65.896000	0.000000	123.875000	0.000000	-195.267000	0.000000	66.843000	0.000000	-115.378000	0.000000	-98.042000	0.000000	-51.739000	0.000000	-341.974000	0.000000	-119.067000	0.000000	81.684000	0.000000

2024-09-09	13:20:27	1725880827.903864	-43165.997664	-0.044311	-0.141039	96.236733	73.518772	-331.000075	124.699341	304.847307	151.195868	152.363743	59.209184	-105.078648	47.111341	70.842780	62.059277	-280.401431	42.540293	90.619571	33.983093	-246.602789	0.283439	408.366237	0.170863	-195.504000	0.000000	41.057942	3.244167	-384.624000	0.000000	-1.976000	0.000000	65.896000	0.000000	123.875000	0.000000	-195.267000	0.000000	66.843000	0.000000	-115.378000	0.000000	-98.042000	0.000000	-51.739000	0.000000	-341.974000	0.000000	-119.067000	0.000000	81.684000	0.000000

2024-09-09	13:20:28	1725880828.904269	-43164.997260	-0.044311	-0.141039	188.753329	155.779461	-384.262515	170.702600	321.164548	121.444835	170.451476	61.291240	-64.018260	174.446633	64.467826	145.075808	-284.461175	57.153403	103.667464	58.796288	-246.566527	0.230755	408.354912	0.209212	-195.504000	0.000000	40.472208	3.200683	-384.624000	0.000000	-1.976000	0.000000	65.896000	0.000000	123.875000	0.000000	-195.267000	0.000000	66.843000	0.000000	-115.378000	0.000000	-98.042000	0.000000	-51.739000	0.000000	-341.974000	0.000000	-119.067000	0.000000	81.684000	0.000000

2024-09-09	13:20:29	1725880829.903693	-43163.997836	-0.044311	-0.141039	46.330122	87.919377	-266.513645	88.740310	259.054428	64.848288	205.618589	82.920581	-99.459390	63.874452	72.477593	82.299529	-271.725821	65.744876	80.905026	65.788202	-246.930449	0.307556	408.354297	0.221928	-195.504000	0.000000	37.732458	2.903504	-384.624000	0.000000	-1.976000	0.000000	65.896000	0.000000	123.875000	0.000000	-195.267000	0.000000	66.843000	0.000000	-115.378000	0.000000	-98.042000	0.000000	-51.739000	0.000000	-341.974000	0.000000	-119.067000	0.000000	81.684000	0.000000

2024-09-09	13:20:30	1725880830.904133	-43162.997396	-0.044311	-0.141039	-120.234087	85.980589	-101.538867	94.310191	312.828289	126.040539	155.311789	123.388158	-90.392683	104.196100	69.234774	98.290808	-313.791067	69.597217	127.078509	71.159118	-246.876846	0.228155	408.042388	0.169987	-195.504000	0.000000	37.120468	3.443960	-384.624000	0.000000	-1.976000	0.000000	65.896000	0.000000	123.875000	0.000000	-195.267000	0.000000	66.843000	0.000000	-115.378000	0.000000	-98.042000	0.000000	-51.739000	0.000000	-341.974000	0.000000	-119.067000	0.000000	81.684000	0.000000

2024-09-09	13:20:31	1725880831.904539	-43161.996990	-0.044311	-0.141039	-47.601130	242.651924	-166.820677	263.298183	185.286412	94.396229	285.118681	126.350137	-103.258216	133.407365	84.051560	131.298053	-291.485393	68.191906	105.145432	67.521327	-246.546450	0.205661	408.366275	0.146834	-195.504000	0.000000	32.646848	3.087039	-384.624000	0.000000	-1.976000	0.000000	65.896000	0.000000	123.875000	0.000000	-195.267000	0.000000	66.843000	0.000000	-115.378000	0.000000	-98.042000	0.000000	-51.739000	0.000000	-341.974000	0.000000	-119.067000	0.000000	81.684000	0.000000

2024-09-09	13:20:32	1725880832.903961	-43160.997568	-0.044311	-0.141039	-96.127362	248.779907	-111.220038	243.700008	281.967321	84.300736	199.511323	164.404190	-74.949424	205.480039	64.303571	146.976643	-292.787020	62.767841	108.392158	57.578959	-246.942801	0.193201	408.643868	0.291478	-195.504000	0.000000	38.390067	3.332065	-384.624000	0.000000	-1.976000	0.000000	65.896000	0.000000	123.875000	0.000000	-195.267000	0.000000	66.843000	0.000000	-115.378000	0.000000	-98.042000	0.000000	-51.739000	0.000000	-341.974000	0.000000	-119.067000	0.000000	81.684000	0.000000

2024-09-09	13:20:33	1725880833.904385	-43159.997144	-0.044311	-0.141039	83.120553	277.114217	-302.067469	267.347211	312.558908	102.915357	140.799042	59.215623	-142.640376	115.049840	110.049657	87.568128	-256.310353	77.010755	70.123024	80.763776	-246.429240	0.315189	408.705266	0.148559	-195.504000	0.000000	39.401026	4.305073	-384.624000	0.000000	-1.976000	0.000000	65.896000	0.000000	123.875000	0.000000	-195.267000	0.000000	66.843000	0.000000	-115.378000	0.000000	-98.042000	0.000000	-51.739000	0.000000	-341.974000	0.000000	-119.067000	0.000000	81.684000	0.000000

2024-09-09	13:20:34	1725880834.903808	-43158.997721	-0.044311	-0.141039	41.933078	206.673755	-256.993202	199.901319	336.668845	85.776218	155.548992	87.197898	-162.984453	75.881657	155.442597	66.511385	-290.664140	74.303944	101.810597	72.233687	-246.597045	0.244320	408.514810	0.232807	-195.504000	0.000000	34.105450	4.739709	-384.624000	0.000000	-1.976000	0.000000	65.896000	0.000000	123.875000	0.000000	-195.267000	0.000000	66.843000	0.000000	-115.378000	0.000000	-98.042000	0.000000	-51.739000	0.000000	-341.974000	0.000000	-119.067000	0.000000	81.684000	0.000000

2024-09-09	13:20:35	1725880835.904231	-43157.997298	-0.044311	-0.167521	-157.242054	115.809945	-64.103470	107.990858	270.154630	186.122446	170.365298	179.350848	-111.987280	95.276876	84.961096	93.136559	-299.777301	64.018935	107.807436	59.155332	-246.891858	0.156828	409.047909	0.192015	-195.504000	0.000000	35.041544	4.254055	-384.624000	0.000000	-1.976000	0.000000	65.896000	0.000000	123.875000	0.000000	-195.267000	0.000000	66.843000	0.000000	-115.378000	0.000000	-98.042000	0.000000	-51.739000	0.000000	-341.974000	0.000000	-119.067000	0.000000	81.684000	0.000000

2024-09-09	13:20:36	1725880836.905653	-43156.995875	-0.044311	-0.167521	91.044510	120.979868	-302.458930	125.172852	299.524982	99.278069	175.422305	96.385344	-95.359336	167.347609	90.186494	163.737877	-286.170173	96.253859	98.025473	91.486381	-246.980696	0.313969	408.832320	0.216882	-195.504000	0.000000	36.567513	2.805800	-384.624000	0.000000	-1.976000	0.000000	65.896000	0.000000	123.875000	0.000000	-195.267000	0.000000	66.843000	0.000000	-115.378000	0.000000	-98.042000	0.000000	-51.739000	0.000000	-341.974000	0.000000	-119.067000	0.000000	81.684000	0.000000

2024-09-09	13:20:37	1725880837.905368	-43155.996161	-0.044311	-0.167521	-19.285478	111.126347	-203.157513	93.328912	303.226278	88.996820	158.596488	131.569054	-77.199658	96.386413	45.974197	79.188437	-263.228722	28.060839	74.748195	27.869322	-246.759134	0.181858	408.696099	0.213746	-195.504000	0.000000	38.045140	2.730078	-384.624000	0.000000	-1.976000	0.000000	65.896000	0.000000	123.875000	0.000000	-195.267000	0.000000	66.843000	0.000000	-115.378000	0.000000	-98.042000	0.000000	-51.739000	0.000000	-341.974000	0.000000	-119.067000	0.000000	81.684000	0.000000

2024-09-09	13:20:38	1725880838.904809	-43154.996719	-0.044311	-0.167521	-185.446328	205.307505	-28.154925	206.516997	227.379429	115.525239	239.838234	122.787459	-92.518466	112.744458	79.166853	119.480059	-295.639491	46.328555	113.007356	49.119623	-246.968058	0.225030	408.717144	0.187460	-195.504000	0.000000	41.931606	3.949602	-384.624000	0.000000	-1.976000	0.000000	65.896000	0.000000	123.875000	0.000000	-195.267000	0.000000	66.843000	0.000000	-115.378000	0.000000	-98.042000	0.000000	-51.739000	0.000000	-341.974000	0.000000	-119.067000	0.000000	81.684000	0.000000

2024-09-09	13:20:39	1725880839.905214	-43153.996315	-0.044311	-0.167521	15.885543	215.390439	-235.729027	212.351265	267.103082	128.112122	195.547018	105.318182	-123.451853	85.155465	114.327202	91.192837	-280.481653	35.232487	91.648849	38.845559	-246.811251	0.123022	408.718222	0.296151	-195.504000	0.000000	40.899312	3.266306	-384.624000	0.000000	-1.976000	0.000000	65.896000	0.000000	123.875000	0.000000	-195.267000	0.000000	66.843000	0.000000	-115.378000	0.000000	-98.042000	0.000000	-51.739000	0.000000	-341.974000	0.000000	-119.067000	0.000000	81.684000	0.000000

2024-09-09	13:20:40	1725880840.906637	-43152.994892	-0.044311	-0.167521	0.551623	115.742128	-216.657415	108.831893	283.456111	103.040673	192.777952	95.253905	-122.769595	131.684928	99.683194	128.897357	-290.159156	26.733150	102.532145	31.820734	-246.785686	0.160587	408.983592	0.118367	-195.504000	0.000000	35.859589	2.770185	-384.624000	0.000000	-1.976000	0.000000	65.896000	0.000000	123.875000	0.000000	-195.267000	0.000000	66.843000	0.000000	-115.378000	0.000000	-98.042000	0.000000	-51.739000	0.000000	-341.974000	0.000000	-119.067000	0.000000	81.684000	0.000000

2024-09-09	13:20:41	1725880841.906063	-43151.995466	-0.044311	-0.167521	164.123253	323.179621	-363.253947	319.173157	311.544873	127.381369	166.231257	109.622108	-163.594848	115.970167	146.354744	119.431643	-255.325626	50.747177	72.715391	49.813960	-246.768148	0.152783	408.905360	0.171837	-195.504000	0.000000	36.226555	3.594105	-384.624000	0.000000	-1.976000	0.000000	65.896000	0.000000	123.875000	0.000000	-195.267000	0.000000	66.843000	0.000000	-115.378000	0.000000	-98.042000	0.000000	-51.739000	0.000000	-341.974000	0.000000	-119.067000	0.000000	81.684000	0.000000

2024-09-09	13:20:42	1725880842.906486	-43150.995043	-0.044311	-0.167521	-132.191977	205.772470	-83.465186	214.887248	224.032477	171.202412	242.687499	175.415046	-62.257714	156.770435	43.082924	165.015807	-294.407132	56.850855	106.571325	62.513183	-246.647336	0.227730	408.644768	0.264611	-195.504000	0.000000	38.767986	3.991640	-384.624000	0.000000	-1.976000	0.000000	65.896000	0.000000	123.875000	0.000000	-195.267000	0.000000	66.843000	0.000000	-115.378000	0.000000	-98.042000	0.000000	-51.739000	0.000000	-341.974000	0.000000	-119.067000	0.000000	81.684000	0.000000

2024-09-09	13:20:43	1725880843.905909	-43149.995620	-0.044311	-0.160902	-21.193779	140.753519	-180.895964	130.287970	301.421180	209.180781	179.941128	157.285636	-107.470104	143.132947	97.532704	122.410811	-262.857526	22.330800	77.341754	22.660551	-246.849465	0.220743	408.867154	0.258833	-195.504000	0.000000	35.596932	3.107571	-384.624000	0.000000	-1.976000	0.000000	65.896000	0.000000	123.875000	0.000000	-195.267000	0.000000	66.843000	0.000000	-115.378000	0.000000	-98.042000	0.000000	-51.739000	0.000000	-341.974000	0.000000	-119.067000	0.000000	81.684000	0.000000

2024-09-09	13:20:44	1725880844.906332	-43148.995197	-0.044311	-0.160902	-51.060886	211.098609	-176.612841	161.453104	115.504073	264.800430	333.377269	220.719484	-125.713780	106.519965	87.957814	105.034892	-293.961428	53.099049	105.039268	56.554012	-246.638033	0.134392	409.018835	0.139248	-195.504000	0.000000	37.167085	4.849537	-384.624000	0.000000	-1.976000	0.000000	65.896000	0.000000	123.875000	0.000000	-195.267000	0.000000	66.843000	0.000000	-115.378000	0.000000	-98.042000	0.000000	-51.739000	0.000000	-341.974000	0.000000	-119.067000	0.000000	81.684000	0.000000

2024-09-09	13:20:45	1725880845.905756	-43147.995773	-0.044311	-0.160902	-0.842938	107.575639	-208.183106	92.181706	316.689230	123.786807	160.603622	125.219722	-113.050056	109.091816	109.846970	114.487819	-289.813335	60.374217	105.319237	57.014460	-246.157280	0.214833	408.835023	0.254966	-195.504000	0.000000	34.455073	3.413726	-384.624000	0.000000	-1.976000	0.000000	65.896000	0.000000	123.875000	0.000000	-195.267000	0.000000	66.843000	0.000000	-115.378000	0.000000	-98.042000	0.000000	-51.739000	0.000000	-341.974000	0.000000	-119.067000	0.000000	81.684000	0.000000

2024-09-09	13:20:46	1725880846.906178	-43146.995351	-0.044311	-0.160902	-75.804049	215.537336	-139.194567	214.711467	357.863026	126.401186	129.575715	131.126260	-159.618784	140.365690	142.243181	171.673705	-325.283172	48.542497	138.178096	39.914654	-246.555675	0.167413	408.632416	0.150335	-195.504000	0.000000	36.131348	3.332063	-384.624000	0.000000	-1.976000	0.000000	65.896000	0.000000	123.875000	0.000000	-195.267000	0.000000	66.843000	0.000000	-115.378000	0.000000	-98.042000	0.000000	-51.739000	0.000000	-341.974000	0.000000	-119.067000	0.000000	81.684000	0.000000

2024-09-09	13:20:47	1725880847.907601	-43145.993928	-0.044311	-0.160902	-13.563655	242.461881	-180.115887	284.517451	339.539873	63.997150	130.170280	104.584247	-62.500849	125.819848	62.939018	100.318610	-228.920426	48.796829	48.066264	52.632885	-246.941824	0.325988	408.952933	0.279562	-195.504000	0.000000	39.007721	4.632003	-384.624000	0.000000	-1.976000	0.000000	65.896000	0.000000	123.875000	0.000000	-195.267000	0.000000	66.843000	0.000000	-115.378000	0.000000	-98.042000	0.000000	-51.739000	0.000000	-341.974000	0.000000	-119.067000	0.000000	81.684000	0.000000

2024-09-09	13:20:48	1725880848.907024	-43144.994505	-0.044311	-0.160902	-49.746662	97.570713	-175.477869	86.543103	334.322790	169.700255	125.833467	144.561026	-102.203186	87.377167	79.909744	67.993582	-267.394033	47.761921	79.483743	58.695268	-246.136045	0.147709	409.068021	0.178361	-195.504000	0.000000	38.230895	4.329326	-384.624000	0.000000	-1.976000	0.000000	65.896000	0.000000	123.875000	0.000000	-195.267000	0.000000	66.843000	0.000000	-115.378000	0.000000	-98.042000	0.000000	-51.739000	0.000000	-341.974000	0.000000	-119.067000	0.000000	81.684000	0.000000

2024-09-09	13:20:49	1725880849.907447	-43143.994082	-0.044311	-0.160902	-4.047961	93.191331	-219.660719	63.686160	244.606198	94.273397	209.561688	60.418062	-127.817390	102.481630	107.327506	83.486816	-264.518725	24.014794	77.144682	28.748634	-246.494192	0.192125	409.180994	0.201933	-195.504000	0.000000	33.818241	3.152083	-384.624000	0.000000	-1.976000	0.000000	65.896000	0.000000	123.875000	0.000000	-195.267000	0.000000	66.843000	0.000000	-115.378000	0.000000	-98.042000	0.000000	-51.739000	0.000000	-341.974000	0.000000	-119.067000	0.000000	81.684000	0.000000

2024-09-09	13:20:50	1725880850.906890	-43142.994639	-0.044311	-0.147661	154.198517	152.854882	-366.397155	138.756170	289.345914	134.878227	177.079422	197.894723	-76.747994	151.399061	57.434164	144.646588	-290.812903	67.206537	105.537714	58.099396	-246.334913	0.155856	408.909474	0.206428	-195.504000	0.000000	39.450657	3.784608	-384.624000	0.000000	-1.976000	0.000000	65.896000	0.000000	123.875000	0.000000	-195.267000	0.000000	66.843000	0.000000	-115.378000	0.000000	-98.042000	0.000000	-51.739000	0.000000	-341.974000	0.000000	-119.067000	0.000000	81.684000	0.000000

2024-09-09	13:20:51	1725880851.907310	-43141.994219	-0.044311	-0.147661	-93.060071	238.265081	-106.982796	234.239597	268.834805	92.226994	213.053665	116.578643	-156.073911	140.468148	143.809686	123.715075	-281.868739	31.125779	93.681479	29.684931	-246.454126	0.263590	408.665725	0.201034	-195.504000	0.000000	33.307394	3.010855	-384.624000	0.000000	-1.976000	0.000000	65.896000	0.000000	123.875000	0.000000	-195.267000	0.000000	66.843000	0.000000	-115.378000	0.000000	-98.042000	0.000000	-51.739000	0.000000	-341.974000	0.000000	-119.067000	0.000000	81.684000	0.000000

2024-09-09	13:20:52	1725880852.906717	-43140.994812	-0.044311	-0.147661	-211.747629	152.667496	-15.147767	160.400217	138.821691	130.571829	317.791740	124.280130	-49.182978	53.709958	22.373664	43.645423	-286.591615	58.279515	94.526550	62.791207	-246.460140	0.154815	409.041988	0.129232	-195.504000	0.000000	36.840327	3.777880	-384.624000	0.000000	-1.976000	0.000000	65.896000	0.000000	123.875000	0.000000	-195.267000	0.000000	66.843000	0.000000	-115.378000	0.000000	-98.042000	0.000000	-51.739000	0.000000	-341.974000	0.000000	-119.067000	0.000000	81.684000	0.000000

2024-09-09	13:20:53	1725880853.907140	-43139.994389	-0.044311	-0.147661	56.111253	270.256172	-263.719737	259.672508	263.404637	145.488217	208.518819	132.071757	-123.192492	100.278041	104.787884	94.994398	-278.453680	55.890394	92.810626	53.922878	-246.395054	0.333064	408.811099	0.196437	-195.504000	0.000000	34.527067	4.552809	-384.624000	0.000000	-1.976000	0.000000	65.896000	0.000000	123.875000	0.000000	-195.267000	0.000000	66.843000	0.000000	-115.378000	0.000000	-98.042000	0.000000	-51.739000	0.000000	-341.974000	0.000000	-119.067000	0.000000	81.684000	0.000000

2024-09-09	13:20:54	1725880854.907563	-43138.993966	-0.044311	-0.147661	-32.676498	283.449156	-172.401794	256.494062	254.380583	124.675743	214.743348	152.640753	-109.198659	100.882849	104.615113	95.465337	-293.980237	34.310561	111.197056	32.210751	-246.199506	0.264423	408.341075	0.286306	-195.504000	0.000000	37.044999	3.244517	-384.624000	0.000000	-1.976000	0.000000	65.896000	0.000000	123.875000	0.000000	-195.267000	0.000000	66.843000	0.000000	-115.378000	0.000000	-98.042000	0.000000	-51.739000	0.000000	-341.974000	0.000000	-119.067000	0.000000	81.684000	0.000000

2024-09-09	13:20:55	1725880855.906986	-43137.994543	-0.044311	-0.147661	150.070168	175.601877	-387.022243	158.020274	313.965475	137.918186	142.456686	134.200385	-130.909434	44.846968	99.429878	50.308158	-258.006203	67.605919	67.952956	62.546553	-246.065742	0.145225	408.356368	0.199602	-195.504000	0.000000	35.503221	4.317371	-384.624000	0.000000	-1.976000	0.000000	65.896000	0.000000	123.875000	0.000000	-195.267000	0.000000	66.843000	0.000000	-115.378000	0.000000	-98.042000	0.000000	-51.739000	0.000000	-341.974000	0.000000	-119.067000	0.000000	81.684000	0.000000

2024-09-09	13:20:56	1725880856.907409	-43136.994120	-0.044311	-0.147661	-133.124912	199.828642	-51.089907	197.490921	286.026578	83.177196	208.605127	106.233002	-102.178630	166.723558	100.035073	132.824455	-285.414959	62.345253	105.946568	65.618135	-246.148294	0.338696	408.468268	0.136864	-195.504000	0.000000	41.373829	3.089685	-384.624000	0.000000	-1.976000	0.000000	65.896000	0.000000	123.875000	0.000000	-195.267000	0.000000	66.843000	0.000000	-115.378000	0.000000	-98.042000	0.000000	-51.739000	0.000000	-341.974000	0.000000	-119.067000	0.000000	81.684000	0.000000

2024-09-09	13:20:57	1725880857.906832	-43135.994697	-0.044311	-0.147661	-27.481361	240.585447	-198.538757	239.572250	261.455159	68.198660	194.138961	73.914876	-120.116276	67.342191	95.648333	66.063571	-287.456355	55.502071	98.670440	46.771178	-246.623417	0.199442	408.745349	0.165231	-195.504000	0.000000	41.125448	3.112289	-384.624000	0.000000	-1.976000	0.000000	65.896000	0.000000	123.875000	0.000000	-195.267000	0.000000	66.843000	0.000000	-115.378000	0.000000	-98.042000	0.000000	-51.739000	0.000000	-341.974000	0.000000	-119.067000	0.000000	81.684000	0.000000

2024-09-09	13:20:58	1725880858.907259	-43134.994270	-0.044311	-0.147661	56.953671	140.146918	-266.697746	154.209432	320.418218	195.197496	157.668038	202.867227	-46.437434	113.125362	43.972981	89.444779	-312.855717	58.260243	128.183655	50.368885	-246.256283	0.244703	408.881644	0.241976	-195.504000	0.000000	36.037068	3.860410	-384.624000	0.000000	-1.976000	0.000000	65.896000	0.000000	123.875000	0.000000	-195.267000	0.000000	66.843000	0.000000	-115.378000	0.000000	-98.042000	0.000000	-51.739000	0.000000	-341.974000	0.000000	-119.067000	0.000000	81.684000	0.000000

2024-09-09	13:20:59	1725880859.906682	-43133.994846	-0.044311	-0.147661	-58.891618	197.730850	-153.768053	194.859553	249.020587	138.977370	201.513929	141.039841	-130.151443	160.975826	99.087310	138.042197	-251.761865	53.744282	63.374063	51.986482	-246.217344	0.257256	408.580313	0.117144	-195.504000	0.000000	38.226553	6.076905	-384.624000	0.000000	-1.976000	0.000000	65.896000	0.000000	123.875000	0.000000	-195.267000	0.000000	66.843000	0.000000	-115.378000	0.000000	-98.042000	0.000000	-51.739000	0.000000	-341.974000	0.000000	-119.067000	0.000000	81.684000	0.000000

2024-09-09	13:21:00	1725880860.907105	-43132.994424	-0.044311	-0.147661	-107.691936	321.225121	-88.250389	317.867104	288.790968	140.863114	201.372450	142.375214	-68.735227	84.161124	62.328022	96.923052	-274.062679	23.624847	90.660615	22.334443	-246.221726	0.211541	408.531032	0.120117	-195.504000	0.000000	35.760950	7.048682	-384.624000	0.000000	-1.976000	0.000000	65.896000	0.000000	123.875000	0.000000	-195.267000	0.000000	66.843000	0.000000	-115.378000	0.000000	-98.042000	0.000000	-51.739000	0.000000	-341.974000	0.000000	-119.067000	0.000000	81.684000	0.000000

2024-09-09	13:21:01	1725880861.907528	-43131.994000	-0.044311	-0.147661	3.048917	135.852929	-224.045334	116.274685	348.150732	117.558631	109.926347	134.551159	-109.292058	113.745362	95.234275	70.874514	-282.028151	93.569041	95.315721	85.415922	-246.188119	0.285179	408.661231	0.216895	-195.504000	0.000000	43.478070	3.678674	-384.624000	0.000000	-1.976000	0.000000	65.896000	0.000000	123.875000	0.000000	-195.267000	0.000000	66.843000	0.000000	-115.378000	0.000000	-98.042000	0.000000	-51.739000	0.000000	-341.974000	0.000000	-119.067000	0.000000	81.684000	0.000000

2024-09-09	13:21:02	1725880862.906951	-43130.994577	-0.044311	-0.147661	-112.410558	104.921096	-105.417110	118.012949	218.200139	138.410225	254.143167	102.392477	-131.358226	76.383042	110.650618	66.428252	-297.059135	40.262105	105.657783	42.772388	-245.870425	0.263595	408.524506	0.215628	-195.504000	0.000000	38.366867	2.763257	-384.624000	0.000000	-1.976000	0.000000	65.896000	0.000000	123.875000	0.000000	-195.267000	0.000000	66.843000	0.000000	-115.378000	0.000000	-98.042000	0.000000	-51.739000	0.000000	-341.974000	0.000000	-119.067000	0.000000	81.684000	0.000000

2024-09-09	13:21:03	1725880863.907375	-43129.994154	-0.044311	-0.147661	52.943223	295.027946	-266.655701	317.870880	236.836785	117.194570	237.219106	124.185558	-104.019310	61.030055	85.889164	39.590292	-256.808987	43.340960	70.592119	46.230395	-246.426427	0.163118	408.622874	0.237147	-195.504000	0.000000	39.723598	3.169417	-384.624000	0.000000	-1.976000	0.000000	65.896000	0.000000	123.875000	0.000000	-195.267000	0.000000	66.843000	0.000000	-115.378000	0.000000	-98.042000	0.000000	-51.739000	0.000000	-341.974000	0.000000	-119.067000	0.000000	81.684000	0.000000

2024-09-09	13:21:04	1725880864.906798	-43128.994731	-0.044311	-0.147661	36.923926	81.600378	-247.313168	107.669383	294.926179	43.706168	161.764232	67.852075	-54.594694	82.425313	32.013399	80.913353	-305.280522	22.955201	121.682357	20.512592	-245.933349	0.221776	408.928126	0.151635	-195.504000	0.000000	37.202646	2.697399	-384.624000	0.000000	-1.976000	0.000000	65.896000	0.000000	123.875000	0.000000	-195.267000	0.000000	66.843000	0.000000	-115.378000	0.000000	-98.042000	0.000000	-51.739000	0.000000	-341.974000	0.000000	-119.067000	0.000000	81.684000	0.000000

2024-09-09	13:21:05	1725880865.907220	-43127.994308	-0.044311	-0.147661	43.652820	143.545006	-244.346244	159.298471	396.987261	71.559119	77.158784	55.177536	-143.421728	60.587786	132.990343	73.506624	-291.353055	46.379432	107.589530	49.849962	-245.954563	0.143624	408.546145	0.174631	-195.504000	0.000000	37.234711	3.180097	-384.624000	0.000000	-1.976000	0.000000	65.896000	0.000000	123.875000	0.000000	-195.267000	0.000000	66.843000	0.000000	-115.378000	0.000000	-98.042000	0.000000	-51.739000	0.000000	-341.974000	0.000000	-119.067000	0.000000	81.684000	0.000000

2024-09-09	13:21:06	1725880866.908643	-43126.992886	-0.044311	-0.147661	-30.084305	197.828602	-195.762392	189.749929	219.489201	95.162840	233.911929	101.557297	-150.422280	101.125926	129.005001	98.683638	-270.913362	30.569961	84.558438	33.375220	-246.146297	0.256231	408.666674	0.273072	-195.504000	0.000000	38.003714	4.558192	-384.624000	0.000000	-1.976000	0.000000	65.896000	0.000000	123.875000	0.000000	-195.267000	0.000000	66.843000	0.000000	-115.378000	0.000000	-98.042000	0.000000	-51.739000	0.000000	-341.974000	0.000000	-119.067000	0.000000	81.684000	0.000000

2024-09-09	13:21:07	1725880867.908066	-43125.993463	-0.044311	-0.147661	-13.554448	231.800698	-206.772838	202.406677	279.287361	102.060140	200.944210	83.616761	-22.284325	80.340288	13.035270	48.020965	-300.401116	95.618897	108.974095	85.090431	-246.258278	0.175733	408.703932	0.205344	-195.504000	0.000000	36.019544	3.565459	-384.624000	0.000000	-1.976000	0.000000	65.896000	0.000000	123.875000	0.000000	-195.267000	0.000000	66.843000	0.000000	-115.378000	0.000000	-98.042000	0.000000	-51.739000	0.000000	-341.974000	0.000000	-119.067000	0.000000	81.684000	0.000000

2024-09-09	13:21:08	1725880868.908509	-43124.993020	-0.044311	-0.147661	-9.380985	230.420897	-196.576507	182.889164	213.251997	129.969611	263.710951	153.061283	-199.573898	102.422078	175.860969	85.473203	-229.460393	59.860497	40.222931	49.545879	-246.038677	0.342198	408.447341	0.238423	-195.504000	0.000000	35.730051	3.635493	-384.624000	0.000000	-1.976000	0.000000	65.896000	0.000000	123.875000	0.000000	-195.267000	0.000000	66.843000	0.000000	-115.378000	0.000000	-98.042000	0.000000	-51.739000	0.000000	-341.974000	0.000000	-119.067000	0.000000	81.684000	0.000000

2024-09-09	13:21:09	1725880869.907933	-43123.993596	-0.044311	-0.147661	-49.964999	292.671207	-157.515247	275.268301	273.163451	152.438485	186.350917	151.511936	-117.977972	84.396454	99.421948	71.084148	-326.140755	59.660408	138.601841	64.978827	-246.135625	0.164888	408.401172	0.175739	-195.504000	0.000000	41.119710	3.584377	-384.624000	0.000000	-1.976000	0.000000	65.896000	0.000000	123.875000	0.000000	-195.267000	0.000000	66.843000	0.000000	-115.378000	0.000000	-98.042000	0.000000	-51.739000	0.000000	-341.974000	0.000000	-119.067000	0.000000	81.684000	0.000000

2024-09-09	13:21:10	1725880870.908356	-43122.993173	-0.044311	-0.147661	39.464340	225.598371	-254.048142	222.964306	308.885823	99.130147	156.270791	112.804948	-65.433499	93.672985	52.385091	96.771379	-311.850517	43.553727	124.927877	38.451149	-246.026308	0.132733	408.385006	0.273746	-195.504000	0.000000	36.361913	4.578980	-384.624000	0.000000	-1.976000	0.000000	65.896000	0.000000	123.875000	0.000000	-195.267000	0.000000	66.843000	0.000000	-115.378000	0.000000	-98.042000	0.000000	-51.739000	0.000000	-341.974000	0.000000	-119.067000	0.000000	81.684000	0.000000

2024-09-09	13:21:11	1725880871.907779	-43121.993750	-0.044311	-0.147661	-102.139305	143.549603	-116.456091	127.453672	333.133535	145.714101	131.122113	137.596111	-85.226187	41.411141	64.371776	34.322899	-283.202084	33.224520	93.582180	31.709448	-246.291660	0.189306	408.112373	0.182668	-195.504000	0.000000	33.995011	4.112899	-384.624000	0.000000	-1.976000	0.000000	65.896000	0.000000	123.875000	0.000000	-195.267000	0.000000	66.843000	0.000000	-115.378000	0.000000	-98.042000	0.000000	-51.739000	0.000000	-341.974000	0.000000	-119.067000	0.000000	81.684000	0.000000

2024-09-09	13:21:12	1725880872.908202	-43120.993327	-0.044311	-0.147661	29.044389	233.841245	-249.445314	231.911963	234.534539	183.891323	234.779500	186.299317	-85.852016	97.770895	65.983799	71.460979	-279.420402	40.492869	92.527012	34.294853	-246.261875	0.186666	408.230304	0.158944	-195.504000	0.000000	34.669332	5.835622	-384.624000	0.000000	-1.976000	0.000000	65.896000	0.000000	123.875000	0.000000	-195.267000	0.000000	66.843000	0.000000	-115.378000	0.000000	-98.042000	0.000000	-51.739000	0.000000	-341.974000	0.000000	-119.067000	0.000000	81.684000	0.000000

2024-09-09	13:21:13	1725880873.909626	-43119.991902	-0.044311	-0.167521	-41.226402	136.127296	-154.269231	141.521217	263.221383	146.982803	233.005863	135.230757	-139.461221	92.344128	131.570903	67.894317	-251.560547	56.996497	70.924435	57.737369	-246.307160	0.110337	408.245698	0.116708	-195.504000	0.000000	34.036632	4.356289	-384.624000	0.000000	-1.976000	0.000000	65.896000	0.000000	123.875000	0.000000	-195.267000	0.000000	66.843000	0.000000	-115.378000	0.000000	-98.042000	0.000000	-51.739000	0.000000	-341.974000	0.000000	-119.067000	0.000000	81.684000	0.000000

2024-09-09	13:21:14	1725880874.909050	-43118.992479	-0.044311	-0.167521	84.397836	192.021965	-312.016986	159.687769	261.101155	80.030032	187.393577	76.796775	-152.712333	63.201617	128.332576	97.519140	-297.267433	46.017878	108.273482	48.469955	-246.401970	0.194524	408.638411	0.143068	-195.504000	0.000000	37.789140	3.490744	-384.624000	0.000000	-1.976000	0.000000	65.896000	0.000000	123.875000	0.000000	-195.267000	0.000000	66.843000	0.000000	-115.378000	0.000000	-98.042000	0.000000	-51.739000	0.000000	-341.974000	0.000000	-119.067000	0.000000	81.684000	0.000000

2024-09-09	13:21:15	1725880875.909472	-43117.992056	-0.044311	-0.167521	-94.837762	187.866187	-110.322700	241.400843	329.279027	63.131067	146.224257	73.904793	-69.129001	114.646270	62.834369	94.200694	-261.513048	66.423085	77.003683	51.060686	-246.338239	0.233524	408.788247	0.245221	-195.504000	0.000000	35.896948	5.112992	-384.624000	0.000000	-1.976000	0.000000	65.896000	0.000000	123.875000	0.000000	-195.267000	0.000000	66.843000	0.000000	-115.378000	0.000000	-98.042000	0.000000	-51.739000	0.000000	-341.974000	0.000000	-119.067000	0.000000	81.684000	0.000000

2024-09-09	13:21:16	1725880876.908896	-43116.992633	-0.044311	-0.167521	42.268457	121.370679	-263.643745	115.765523	279.671452	116.533398	182.236138	158.195101	-125.147651	138.949010	95.356113	105.584927	-292.459658	72.924903	103.637214	57.958249	-246.528616	0.278405	408.422362	0.136719	-195.504000	0.000000	37.795090	3.924764	-384.624000	0.000000	-1.976000	0.000000	65.896000	0.000000	123.875000	0.000000	-195.267000	0.000000	66.843000	0.000000	-115.378000	0.000000	-98.042000	0.000000	-51.739000	0.000000	-341.974000	0.000000	-119.067000	0.000000	81.684000	0.000000

2024-09-09	13:21:17	1725880877.909318	-43115.992210	-0.044311	-0.167521	-8.054579	104.102581	-205.301814	88.836247	225.666568	74.794128	238.018233	95.527195	-49.955804	118.746809	33.457641	118.976227	-303.844065	67.372793	116.574069	67.527697	-246.810344	0.252607	408.409382	0.126373	-195.504000	0.000000	38.149385	3.147723	-384.624000	0.000000	-1.976000	0.000000	65.896000	0.000000	123.875000	0.000000	-195.267000	0.000000	66.843000	0.000000	-115.378000	0.000000	-98.042000	0.000000	-51.739000	0.000000	-341.974000	0.000000	-119.067000	0.000000	81.684000	0.000000

2024-09-09	13:21:18	1725880878.908742	-43114.992786	-0.044311	-0.167521	-68.348312	113.492344	-135.333010	98.030563	217.638420	176.778050	271.672261	144.235013	-109.358942	114.435969	100.038540	76.260328	-255.152025	50.654865	74.030258	48.701791	-246.456287	0.228551	408.475125	0.151069	-195.504000	0.000000	43.113785	3.202109	-384.624000	0.000000	-1.976000	0.000000	65.896000	0.000000	123.875000	0.000000	-195.267000	0.000000	66.843000	0.000000	-115.378000	0.000000	-98.042000	0.000000	-51.739000	0.000000	-341.974000	0.000000	-119.067000	0.000000	81.684000	0.000000

2024-09-09	13:21:19	1725880879.909165	-43113.992364	-0.044311	-0.167521	-45.761010	145.400839	-183.810465	135.235997	332.806375	138.892239	119.946228	177.538944	-129.829274	97.276855	103.625228	70.862658	-285.583036	48.813787	97.687532	41.513329	-246.342682	0.129564	407.821091	0.292336	-195.504000	0.000000	37.076825	3.306583	-384.624000	0.000000	-1.976000	0.000000	65.896000	0.000000	123.875000	0.000000	-195.267000	0.000000	66.843000	0.000000	-115.378000	0.000000	-98.042000	0.000000	-51.739000	0.000000	-341.974000	0.000000	-119.067000	0.000000	81.684000	0.000000

2024-09-09	13:21:20	1725880880.909587	-43112.991941	-0.044311	-0.147661	78.886034	99.682134	-284.119240	102.577311	263.931878	74.642980	221.550508	80.589730	-70.541051	100.720042	53.715733	105.893120	-323.435470	67.508697	137.950548	59.566658	-246.497662	0.264500	408.352801	0.240802	-195.504000	0.000000	37.960953	3.296792	-384.624000	0.000000	-1.976000	0.000000	65.896000	0.000000	123.875000	0.000000	-195.267000	0.000000	66.843000	0.000000	-115.378000	0.000000	-98.042000	0.000000	-51.739000	0.000000	-341.974000	0.000000	-119.067000	0.000000	81.684000	0.000000

2024-09-09	13:21:21	1725880881.909029	-43111.992500	-0.044311	-0.147661	-165.544769	31.100375	-45.687479	37.080865	230.254972	145.351429	232.505755	131.272280	-139.376784	148.781002	119.046406	125.351727	-232.909977	61.561857	50.240994	65.668323	-246.723460	0.286193	408.307037	0.199399	-195.504000	0.000000	42.116767	3.179458	-384.624000	0.000000	-1.976000	0.000000	65.896000	0.000000	123.875000	0.000000	-195.267000	0.000000	66.843000	0.000000	-115.378000	0.000000	-98.042000	0.000000	-51.739000	0.000000	-341.974000	0.000000	-119.067000	0.000000	81.684000	0.000000

2024-09-09	13:21:22	1725880882.909434	-43110.992095	-0.044311	-0.147661	-55.434415	161.103326	-162.629284	188.240481	270.114425	142.940959	189.741047	134.824703	-122.716663	67.919613	107.863053	42.630652	-301.305507	29.304822	114.084439	35.370818	-246.752357	0.218175	408.351946	0.108503	-195.504000	0.000000	40.664426	3.180973	-384.624000	0.000000	-1.976000	0.000000	65.896000	0.000000	123.875000	0.000000	-195.267000	0.000000	66.843000	0.000000	-115.378000	0.000000	-98.042000	0.000000	-51.739000	0.000000	-341.974000	0.000000	-119.067000	0.000000	81.684000	0.000000

2024-09-09	13:21:23	1725880883.908858	-43109.992671	-0.044311	-0.147661	15.725106	185.688945	-227.912563	163.726320	341.069420	63.808612	134.698438	67.223831	-65.174707	38.146898	50.916850	33.289467	-255.915547	68.750328	68.150559	66.471850	-246.502738	0.125065	408.638592	0.131988	-195.504000	0.000000	39.445694	4.133623	-384.624000	0.000000	-1.976000	0.000000	65.896000	0.000000	123.875000	0.000000	-195.267000	0.000000	66.843000	0.000000	-115.378000	0.000000	-98.042000	0.000000	-51.739000	0.000000	-341.974000	0.000000	-119.067000	0.000000	81.684000	0.000000

2024-09-09	13:21:24	1725880884.909282	-43108.992247	-0.044311	-0.147661	-61.193345	43.934054	-150.391883	39.174721	270.585305	90.910794	206.044520	114.575420	-93.332389	53.568931	76.605528	39.228615	-303.377401	81.405555	118.856656	78.173030	-246.515693	0.173222	408.689965	0.145458	-195.504000	0.000000	38.067499	4.412538	-384.624000	0.000000	-1.976000	0.000000	65.896000	0.000000	123.875000	0.000000	-195.267000	0.000000	66.843000	0.000000	-115.378000	0.000000	-98.042000	0.000000	-51.739000	0.000000	-341.974000	0.000000	-119.067000	0.000000	81.684000	0.000000

2024-09-09	13:21:25	1725880885.908706	-43107.992823	-0.044311	-0.147661	-23.318887	75.090417	-180.703992	71.994026	273.503132	82.230212	187.975006	76.521880	-117.948538	156.196806	95.815729	114.732815	-274.672703	43.938833	91.174104	26.145811	-246.184355	0.184572	408.647963	0.278389	-195.504000	0.000000	36.395176	4.547698	-384.624000	0.000000	-1.976000	0.000000	65.896000	0.000000	123.875000	0.000000	-195.267000	0.000000	66.843000	0.000000	-115.378000	0.000000	-98.042000	0.000000	-51.739000	0.000000	-341.974000	0.000000	-119.067000	0.000000	81.684000	0.000000

2024-09-09	13:21:26	1725880886.909129	-43106.992400	-0.044311	-0.147661	-44.690276	168.701714	-161.072257	161.414276	130.684319	179.016198	360.024171	159.150712	-86.627757	71.625221	86.084734	64.189217	-299.534125	64.444820	115.230702	57.183330	-246.405970	0.173366	408.395242	0.321013	-195.504000	0.000000	36.060688	4.630781	-384.624000	0.000000	-1.976000	0.000000	65.896000	0.000000	123.875000	0.000000	-195.267000	0.000000	66.843000	0.000000	-115.378000	0.000000	-98.042000	0.000000	-51.739000	0.000000	-341.974000	0.000000	-119.067000	0.000000	81.684000	0.000000

2024-09-09	13:21:27	1725880887.910551	-43105.990978	-0.044311	-0.147661	39.265099	242.055104	-262.970174	234.343637	332.909353	55.237089	114.369833	64.841472	-123.112549	63.258502	96.892707	88.122852	-281.296612	63.347182	90.193754	62.280828	-246.345081	0.176375	408.217827	0.151083	-195.504000	0.000000	34.080670	4.038109	-384.624000	0.000000	-1.976000	0.000000	65.896000	0.000000	123.875000	0.000000	-195.267000	0.000000	66.843000	0.000000	-115.378000	0.000000	-98.042000	0.000000	-51.739000	0.000000	-341.974000	0.000000	-119.067000	0.000000	81.684000	0.000000

2024-09-09	13:21:28	1725880888.909975	-43104.991554	-0.044311	-0.147661	3.672531	76.982384	-211.898133	86.049372	328.538292	60.861211	153.033153	45.870718	-134.145957	74.868377	116.898750	56.055483	-256.479150	87.004849	71.714119	79.322446	-246.366731	0.194546	408.486772	0.162880	-195.504000	0.000000	34.911642	5.267792	-384.624000	0.000000	-1.976000	0.000000	65.896000	0.000000	123.875000	0.000000	-195.267000	0.000000	66.843000	0.000000	-115.378000	0.000000	-98.042000	0.000000	-51.739000	0.000000	-341.974000	0.000000	-119.067000	0.000000	81.684000	0.000000

2024-09-09	13:21:29	1725880889.911562	-43103.989967	-0.044311	-0.147661	-9.463947	98.643889	-217.549399	82.374629	321.690321	110.399416	136.531255	147.574978	-17.920558	62.856300	-5.315011	62.076424	-294.832244	62.339936	107.587886	70.159877	-246.184498	0.228626	408.239180	0.169175	-195.504000	0.000000	35.899859	3.724764	-384.624000	0.000000	-1.976000	0.000000	65.896000	0.000000	123.875000	0.000000	-195.267000	0.000000	66.843000	0.000000	-115.378000	0.000000	-98.042000	0.000000	-51.739000	0.000000	-341.974000	0.000000	-119.067000	0.000000	81.684000	0.000000

2024-09-09	13:21:30	1725880890.910985	-43102.990543	-0.044311	-0.147661	-100.567387	271.536172	-109.635104	273.945061	352.445366	48.571830	113.299358	25.695817	-145.756211	85.322363	128.531152	78.609269	-283.009852	55.343503	96.314953	53.238843	-246.388888	0.238118	408.329714	0.151338	-195.504000	0.000000	35.236717	5.822879	-384.624000	0.000000	-1.976000	0.000000	65.896000	0.000000	123.875000	0.000000	-195.267000	0.000000	66.843000	0.000000	-115.378000	0.000000	-98.042000	0.000000	-51.739000	0.000000	-341.974000	0.000000	-119.067000	0.000000	81.684000	0.000000

2024-09-09	13:21:31	1725880891.911408	-43101.990120	-0.044311	-0.147661	-12.347385	200.311524	-200.066162	204.352758	301.776386	91.204578	155.970875	121.303113	-86.786902	47.858824	66.483696	35.041548	-294.043647	30.576646	110.231592	40.365805	-246.506149	0.292736	408.210846	0.220477	-195.504000	0.000000	36.369416	3.927980	-384.624000	0.000000	-1.976000	0.000000	65.896000	0.000000	123.875000	0.000000	-195.267000	0.000000	66.843000	0.000000	-115.378000	0.000000	-98.042000	0.000000	-51.739000	0.000000	-341.974000	0.000000	-119.067000	0.000000	81.684000	0.000000

2024-09-09	13:21:32	1725880892.910832	-43100.990697	-0.044311	-0.147661	-16.319389	117.593370	-205.614264	90.350389	203.062857	144.030635	254.845972	170.349174	-71.057610	116.427356	54.023843	86.408017	-257.813994	27.262570	68.956369	29.353943	-246.462632	0.170563	408.418598	0.208228	-195.504000	0.000000	35.246060	4.101307	-384.624000	0.000000	-1.976000	0.000000	65.896000	0.000000	123.875000	0.000000	-195.267000	0.000000	66.843000	0.000000	-115.378000	0.000000	-98.042000	0.000000	-51.739000	0.000000	-341.974000	0.000000	-119.067000	0.000000	81.684000	0.000000

2024-09-09	13:21:33	1725880893.911255	-43099.990274	-0.044311	-0.147661	-74.410532	89.858128	-134.169907	65.937475	333.057499	39.053994	146.014822	79.029508	-120.838739	130.830752	105.930071	133.179055	-277.152792	69.653747	92.266014	72.208006	-246.476029	0.261842	408.764959	0.194114	-195.504000	0.000000	35.012031	4.909594	-384.624000	0.000000	-1.976000	0.000000	65.896000	0.000000	123.875000	0.000000	-195.267000	0.000000	66.843000	0.000000	-115.378000	0.000000	-98.042000	0.000000	-51.739000	0.000000	-341.974000	0.000000	-119.067000	0.000000	81.684000	0.000000

