Date/C:Time:TimeStamp/D:time:VMeas:IMeas:I_00:DI_00:I_01:DI_01:I_02:DI_02:I_03:DI_03:I_04:DI_04:I_05:DI_05:I_06:DI_06:I_07:DI_07:I_08:DI_08:I_09:DI_09:I_10:DI_10:I_11:DI_11:I_12:DI_12:I_13:DI_13:I_14:DI_14:I_15:DI_15:I_16:DI_16:I_17:DI_17:I_18:DI_18:I_19:DI_19:I_20:DI_20:I_21:DI_21:I_22:DI_22:I_23:DI_23
2024-09-09	13:24:10	1725881050.924934	-43200.000000	-0.044311	-0.174143	11.035772	222.577750	-212.655001	207.175127	311.191598	172.884782	175.291651	193.832883	-62.262218	56.442815	75.814331	29.994446	-245.688342	47.754104	60.197456	41.875274	-246.330907	0.210647	407.587590	0.155330	-195.504000	0.000000	31.115230	3.748962	-384.624000	0.000000	-1.976000	0.000000	65.896000	0.000000	123.875000	0.000000	-195.267000	0.000000	66.843000	0.000000	-115.378000	0.000000	-98.042000	0.000000	-51.739000	0.000000	-341.974000	0.000000	-119.067000	0.000000	81.684000	0.000000

2024-09-09	13:24:11	1725881051.925375	-43198.999559	-0.044311	-0.174143	29.253762	238.511434	-245.626219	247.822556	360.700000	91.953755	101.544782	66.433473	-89.344116	141.741939	88.954524	94.252257	-266.313319	53.599737	80.156750	50.107898	-246.189918	0.347808	407.338920	0.290167	-195.504000	0.000000	29.859985	4.159315	-384.624000	0.000000	-1.976000	0.000000	65.896000	0.000000	123.875000	0.000000	-195.267000	0.000000	66.843000	0.000000	-115.378000	0.000000	-98.042000	0.000000	-51.739000	0.000000	-341.974000	0.000000	-119.067000	0.000000	81.684000	0.000000

2024-09-09	13:24:12	1725881052.924780	-43198.000154	-0.044311	-0.174143	59.559607	69.000588	-270.950017	54.192908	248.686465	72.870591	216.110887	68.961264	-67.209653	111.445142	76.045114	119.080969	-285.807311	23.496975	100.205238	20.889483	-246.106378	0.388197	406.945526	0.197820	-195.504000	0.000000	30.725971	4.754927	-384.624000	0.000000	-1.976000	0.000000	65.896000	0.000000	123.875000	0.000000	-195.267000	0.000000	66.843000	0.000000	-115.378000	0.000000	-98.042000	0.000000	-51.739000	0.000000	-341.974000	0.000000	-119.067000	0.000000	81.684000	0.000000

2024-09-09	13:24:13	1725881053.925204	-43196.999731	-0.044311	-0.174143	-26.677972	62.649772	-180.180135	70.733213	279.249820	133.230917	205.936770	145.229228	-51.360089	85.478937	62.455257	99.404893	-282.016923	86.569946	96.953666	88.425643	-246.760397	0.162076	407.460053	0.244928	-195.504000	0.000000	29.395150	3.654383	-384.624000	0.000000	-1.976000	0.000000	65.896000	0.000000	123.875000	0.000000	-195.267000	0.000000	66.843000	0.000000	-115.378000	0.000000	-98.042000	0.000000	-51.739000	0.000000	-341.974000	0.000000	-119.067000	0.000000	81.684000	0.000000

2024-09-09	13:24:14	1725881054.924628	-43196.000307	-0.044311	-0.174143	-1.670219	68.049280	-200.326333	73.544593	252.332737	145.649418	245.428543	147.282810	-41.449464	152.093037	59.316088	159.936448	-265.403357	64.544055	77.791535	62.496580	-246.849074	0.356597	407.340200	0.379333	-195.504000	0.000000	29.717915	3.285533	-384.624000	0.000000	-1.976000	0.000000	65.896000	0.000000	123.875000	0.000000	-195.267000	0.000000	66.843000	0.000000	-115.378000	0.000000	-98.042000	0.000000	-51.739000	0.000000	-341.974000	0.000000	-119.067000	0.000000	81.684000	0.000000

2024-09-09	13:24:15	1725881055.925050	-43194.999885	-0.044311	-0.174143	-92.575228	131.431859	-137.025088	144.949014	299.860130	52.336999	152.191496	39.406149	-141.514221	113.648345	132.431131	111.532653	-267.157578	29.022409	78.101922	20.592928	-246.706590	0.171717	407.306736	0.325562	-195.504000	0.000000	27.998074	4.679414	-384.624000	0.000000	-1.976000	0.000000	65.896000	0.000000	123.875000	0.000000	-195.267000	0.000000	66.843000	0.000000	-115.378000	0.000000	-98.042000	0.000000	-51.739000	0.000000	-341.974000	0.000000	-119.067000	0.000000	81.684000	0.000000

2024-09-09	13:24:16	1725881056.926472	-43193.998463	-0.044311	-0.174143	-61.982186	138.154646	-157.433161	121.657655	291.880577	74.104309	184.582951	92.323603	-141.938640	93.005333	151.998596	97.780889	-294.443441	90.338669	107.733303	87.437024	-246.851134	0.246530	406.990430	0.118941	-195.504000	0.000000	29.719879	3.906822	-384.624000	0.000000	-1.976000	0.000000	65.896000	0.000000	123.875000	0.000000	-195.267000	0.000000	66.843000	0.000000	-115.378000	0.000000	-98.042000	0.000000	-51.739000	0.000000	-341.974000	0.000000	-119.067000	0.000000	81.684000	0.000000

2024-09-09	13:24:17	1725881057.926115	-43192.998819	-0.044311	-0.141039	53.686993	114.187452	-277.509351	105.225595	291.428880	149.463980	175.103851	152.387037	-66.243567	92.046004	71.507139	102.668533	-255.877947	63.313600	62.334469	61.564805	-245.646045	0.411260	406.878331	0.249861	-195.504000	0.000000	30.182310	3.563099	-384.624000	0.000000	-1.976000	0.000000	65.896000	0.000000	123.875000	0.000000	-195.267000	0.000000	66.843000	0.000000	-115.378000	0.000000	-98.042000	0.000000	-51.739000	0.000000	-341.974000	0.000000	-119.067000	0.000000	81.684000	0.000000

2024-09-09	13:24:18	1725881058.927537	-43191.997397	-0.044311	-0.141039	41.628769	117.048944	-258.269150	135.364842	245.244789	112.522576	227.007644	99.863573	-114.264685	92.686897	117.936138	74.601062	-281.114035	47.384640	87.864538	43.460755	-245.961857	0.475705	406.907922	0.149554	-195.504000	0.000000	27.716391	5.490746	-384.624000	0.000000	-1.976000	0.000000	65.896000	0.000000	123.875000	0.000000	-195.267000	0.000000	66.843000	0.000000	-115.378000	0.000000	-98.042000	0.000000	-51.739000	0.000000	-341.974000	0.000000	-119.067000	0.000000	81.684000	0.000000

2024-09-09	13:24:19	1725881059.926960	-43190.997974	-0.044311	-0.141039	-95.047541	207.630643	-107.453791	192.113590	274.757832	203.411051	203.445290	211.095373	-20.689711	97.470717	37.173481	82.102765	-293.338742	60.357277	107.053368	61.189394	-245.945232	0.272115	406.985033	0.177349	-195.504000	0.000000	29.458571	3.884017	-384.624000	0.000000	-1.976000	0.000000	65.896000	0.000000	123.875000	0.000000	-195.267000	0.000000	66.843000	0.000000	-115.378000	0.000000	-98.042000	0.000000	-51.739000	0.000000	-341.974000	0.000000	-119.067000	0.000000	81.684000	0.000000

2024-09-09	13:24:20	1725881060.927402	-43189.997532	-0.044311	-0.141039	-86.181120	188.457830	-114.972470	164.391336	283.078438	86.575893	191.526340	113.551198	-76.759260	111.880614	94.992039	103.179315	-269.538793	35.864694	82.366024	40.435468	-245.735245	0.739045	406.572320	0.224806	-195.504000	0.000000	29.627393	3.596769	-384.624000	0.000000	-1.976000	0.000000	65.896000	0.000000	123.875000	0.000000	-195.267000	0.000000	66.843000	0.000000	-115.378000	0.000000	-98.042000	0.000000	-51.739000	0.000000	-341.974000	0.000000	-119.067000	0.000000	81.684000	0.000000

2024-09-09	13:24:21	1725881061.926807	-43188.998127	-0.044311	-0.141039	125.985284	333.542376	-347.208193	353.934819	296.821971	70.199064	178.561662	86.048479	-108.423777	93.894928	111.579221	68.577529	-289.693933	50.422343	90.173778	47.125595	-246.554266	0.218760	407.135487	0.145834	-195.504000	0.000000	32.383295	3.937812	-384.624000	0.000000	-1.976000	0.000000	65.896000	0.000000	123.875000	0.000000	-195.267000	0.000000	66.843000	0.000000	-115.378000	0.000000	-98.042000	0.000000	-51.739000	0.000000	-341.974000	0.000000	-119.067000	0.000000	81.684000	0.000000

2024-09-09	13:24:22	1725881062.927230	-43187.997704	-0.044311	-0.141039	-65.354943	73.192523	-149.811174	75.674310	243.261823	50.152082	227.774856	67.240903	-101.423257	87.875269	91.855184	76.912376	-284.326467	48.662099	95.681993	42.249939	-246.353600	0.209940	407.304053	0.144534	-195.504000	0.000000	30.947690	3.768803	-384.624000	0.000000	-1.976000	0.000000	65.896000	0.000000	123.875000	0.000000	-195.267000	0.000000	66.843000	0.000000	-115.378000	0.000000	-98.042000	0.000000	-51.739000	0.000000	-341.974000	0.000000	-119.067000	0.000000	81.684000	0.000000

2024-09-09	13:24:23	1725881063.926653	-43186.998281	-0.044311	-0.141039	78.288294	76.628956	-289.034307	80.492162	231.070456	127.397310	233.483725	149.923291	-80.484200	28.112607	77.298667	26.409656	-294.927549	35.163667	111.939853	38.755828	-246.648812	0.165111	407.799472	0.240912	-195.504000	0.000000	34.817063	3.445649	-384.624000	0.000000	-1.976000	0.000000	65.896000	0.000000	123.875000	0.000000	-195.267000	0.000000	66.843000	0.000000	-115.378000	0.000000	-98.042000	0.000000	-51.739000	0.000000	-341.974000	0.000000	-119.067000	0.000000	81.684000	0.000000

2024-09-09	13:24:24	1725881064.927076	-43185.997859	-0.044311	-0.141039	-145.287238	129.880530	-82.587815	133.504036	261.867740	173.427326	190.656091	156.554253	-113.410373	50.233966	105.931249	33.214912	-260.237136	61.584848	70.952768	61.607311	-246.243980	0.243815	408.048957	0.360656	-195.504000	0.000000	31.623144	4.328785	-384.624000	0.000000	-1.976000	0.000000	65.896000	0.000000	123.875000	0.000000	-195.267000	0.000000	66.843000	0.000000	-115.378000	0.000000	-98.042000	0.000000	-51.739000	0.000000	-341.974000	0.000000	-119.067000	0.000000	81.684000	0.000000

2024-09-09	13:24:25	1725881065.927517	-43184.997417	-0.044311	-0.160902	-5.627059	268.255606	-196.096717	240.838205	266.701069	139.569951	223.614249	101.912535	-77.376922	65.927546	83.093443	49.754969	-264.229510	81.695901	80.191818	76.091411	-246.874493	0.343587	407.642892	0.281652	-195.504000	0.000000	33.185377	3.431879	-384.624000	0.000000	-1.976000	0.000000	65.896000	0.000000	123.875000	0.000000	-195.267000	0.000000	66.843000	0.000000	-115.378000	0.000000	-98.042000	0.000000	-51.739000	0.000000	-341.974000	0.000000	-119.067000	0.000000	81.684000	0.000000

2024-09-09	13:24:26	1725881066.926940	-43183.997994	-0.044311	-0.160902	-38.239668	270.356434	-174.038464	274.243468	298.251863	84.631211	182.865545	148.529510	-62.098648	70.055628	53.204729	57.611921	-300.947470	72.833446	112.795998	66.344828	-246.553937	0.163899	407.741020	0.171139	-195.504000	0.000000	31.793797	3.469887	-384.624000	0.000000	-1.976000	0.000000	65.896000	0.000000	123.875000	0.000000	-195.267000	0.000000	66.843000	0.000000	-115.378000	0.000000	-98.042000	0.000000	-51.739000	0.000000	-341.974000	0.000000	-119.067000	0.000000	81.684000	0.000000

2024-09-09	13:24:27	1725881067.927346	-43182.997589	-0.044311	-0.160902	-41.593807	85.568686	-174.808008	121.229441	372.316256	129.795724	87.311399	110.866515	-133.949862	93.560760	136.549387	94.288916	-268.112808	54.653260	83.275676	58.325632	-245.995510	0.343555	407.334884	0.223716	-195.504000	0.000000	30.251668	3.329484	-384.624000	0.000000	-1.976000	0.000000	65.896000	0.000000	123.875000	0.000000	-195.267000	0.000000	66.843000	0.000000	-115.378000	0.000000	-98.042000	0.000000	-51.739000	0.000000	-341.974000	0.000000	-119.067000	0.000000	81.684000	0.000000

2024-09-09	13:24:28	1725881068.926786	-43181.998148	-0.044311	-0.160902	150.445525	100.211737	-357.255467	82.630189	242.280227	95.274088	231.250516	79.194742	-55.259534	80.337136	66.604507	51.842138	-286.666405	23.536748	99.854945	25.575644	-246.646618	0.326178	407.134506	0.285894	-195.504000	0.000000	30.007022	2.681915	-384.624000	0.000000	-1.976000	0.000000	65.896000	0.000000	123.875000	0.000000	-195.267000	0.000000	66.843000	0.000000	-115.378000	0.000000	-98.042000	0.000000	-51.739000	0.000000	-341.974000	0.000000	-119.067000	0.000000	81.684000	0.000000

2024-09-09	13:24:29	1725881069.927191	-43180.997743	-0.044311	-0.160902	1.582335	101.692004	-227.681729	101.030076	250.807652	107.510540	210.671141	114.748900	-57.677693	49.237001	57.504244	36.603536	-258.923376	53.002915	68.408554	43.214755	-246.431049	0.245664	407.146666	0.404164	-195.504000	0.000000	30.282421	3.245082	-384.624000	0.000000	-1.976000	0.000000	65.896000	0.000000	123.875000	0.000000	-195.267000	0.000000	66.843000	0.000000	-115.378000	0.000000	-98.042000	0.000000	-51.739000	0.000000	-341.974000	0.000000	-119.067000	0.000000	81.684000	0.000000

2024-09-09	13:24:30	1725881070.926615	-43179.998320	-0.044311	-0.160902	-132.736270	178.544070	-86.485874	195.997763	305.960436	75.176935	159.238720	107.012694	-99.408386	90.601275	95.329180	72.531357	-277.008507	26.082745	88.500750	22.693829	-246.784699	0.209106	407.322423	0.251187	-195.504000	0.000000	27.507139	3.201317	-384.624000	0.000000	-1.976000	0.000000	65.896000	0.000000	123.875000	0.000000	-195.267000	0.000000	66.843000	0.000000	-115.378000	0.000000	-98.042000	0.000000	-51.739000	0.000000	-341.974000	0.000000	-119.067000	0.000000	81.684000	0.000000

2024-09-09	13:24:31	1725881071.927038	-43178.997897	-0.044311	-0.160902	73.169210	124.929601	-291.749165	132.923154	298.784430	137.117999	183.214329	102.607382	-42.285857	97.453121	51.593387	91.224502	-283.649826	38.718192	92.022114	38.462612	-246.738911	0.191834	407.316900	0.124307	-195.504000	0.000000	29.875036	3.422908	-384.624000	0.000000	-1.976000	0.000000	65.896000	0.000000	123.875000	0.000000	-195.267000	0.000000	66.843000	0.000000	-115.378000	0.000000	-98.042000	0.000000	-51.739000	0.000000	-341.974000	0.000000	-119.067000	0.000000	81.684000	0.000000

2024-09-09	13:24:32	1725881072.927478	-43177.997457	-0.044311	-0.154283	110.987362	153.446868	-329.064398	169.629157	229.032465	135.331884	235.323841	126.433810	-115.797129	108.015174	109.763933	85.065316	-261.951902	63.291096	76.850551	62.641358	-246.611465	0.245456	407.560184	0.268206	-195.504000	0.000000	32.640441	3.142423	-384.624000	0.000000	-1.976000	0.000000	65.896000	0.000000	123.875000	0.000000	-195.267000	0.000000	66.843000	0.000000	-115.378000	0.000000	-98.042000	0.000000	-51.739000	0.000000	-341.974000	0.000000	-119.067000	0.000000	81.684000	0.000000

2024-09-09	13:24:33	1725881073.926883	-43176.998051	-0.044311	-0.154283	-58.979633	248.438793	-158.064128	254.377570	298.884415	62.446963	168.717396	86.669577	-142.367523	78.520563	150.856614	86.996524	-280.269507	39.310103	92.281959	41.057495	-246.430666	0.202424	407.421853	0.212353	-195.504000	0.000000	31.235447	3.031087	-384.624000	0.000000	-1.976000	0.000000	65.896000	0.000000	123.875000	0.000000	-195.267000	0.000000	66.843000	0.000000	-115.378000	0.000000	-98.042000	0.000000	-51.739000	0.000000	-341.974000	0.000000	-119.067000	0.000000	81.684000	0.000000

2024-09-09	13:24:34	1725881074.927307	-43175.997628	-0.044311	-0.154283	-82.380342	206.427487	-128.806569	192.291349	305.246390	152.667881	151.253344	169.170963	-57.509433	304.425560	53.902837	358.739387	-263.671599	26.285984	74.156150	25.945391	-246.516370	0.326030	407.525757	0.261280	-195.504000	0.000000	30.784436	6.745188	-384.624000	0.000000	-1.976000	0.000000	65.896000	0.000000	123.875000	0.000000	-195.267000	0.000000	66.843000	0.000000	-115.378000	0.000000	-98.042000	0.000000	-51.739000	0.000000	-341.974000	0.000000	-119.067000	0.000000	81.684000	0.000000

2024-09-09	13:24:35	1725881075.926730	-43174.998204	-0.044311	-0.154283	2.103662	203.442106	-213.336324	224.919387	357.018012	173.745498	117.801071	193.136489	-67.742132	72.378374	69.012338	78.658539	-296.744321	46.736788	108.542785	49.017428	-246.971212	0.142128	407.631631	0.306507	-195.504000	0.000000	30.537734	3.884286	-384.624000	0.000000	-1.976000	0.000000	65.896000	0.000000	123.875000	0.000000	-195.267000	0.000000	66.843000	0.000000	-115.378000	0.000000	-98.042000	0.000000	-51.739000	0.000000	-341.974000	0.000000	-119.067000	0.000000	81.684000	0.000000

2024-09-09	13:24:36	1725881076.927170	-43173.997765	-0.044311	-0.154283	-59.380064	84.914819	-170.445290	78.005580	309.133344	110.743031	148.750243	125.573465	-73.319627	31.709884	58.842287	25.430506	-317.037323	70.686675	130.199950	64.069644	-246.624083	0.306415	407.994996	0.129515	-195.504000	0.000000	34.628379	4.002113	-384.624000	0.000000	-1.976000	0.000000	65.896000	0.000000	123.875000	0.000000	-195.267000	0.000000	66.843000	0.000000	-115.378000	0.000000	-98.042000	0.000000	-51.739000	0.000000	-341.974000	0.000000	-119.067000	0.000000	81.684000	0.000000

2024-09-09	13:24:37	1725881077.926576	-43172.998359	-0.044311	-0.154283	-7.025827	187.576713	-191.366348	173.086646	203.214518	83.477573	292.074920	77.718760	-91.238417	78.001107	100.541228	69.835190	-268.645434	72.576222	89.439863	75.676925	-246.247775	0.201470	408.025854	0.163236	-195.504000	0.000000	35.067595	4.876130	-384.624000	0.000000	-1.976000	0.000000	65.896000	0.000000	123.875000	0.000000	-195.267000	0.000000	66.843000	0.000000	-115.378000	0.000000	-98.042000	0.000000	-51.739000	0.000000	-341.974000	0.000000	-119.067000	0.000000	81.684000	0.000000

2024-09-09	13:24:38	1725881078.927000	-43171.997935	-0.044311	-0.154283	-111.978980	168.589283	-99.305350	151.633796	216.483951	119.941763	245.705246	149.886541	-19.675660	84.425788	15.222655	99.337387	-252.133749	69.007946	62.770866	61.263853	-246.042976	0.221674	407.527306	0.172858	-195.504000	0.000000	35.785573	3.174424	-384.624000	0.000000	-1.976000	0.000000	65.896000	0.000000	123.875000	0.000000	-195.267000	0.000000	66.843000	0.000000	-115.378000	0.000000	-98.042000	0.000000	-51.739000	0.000000	-341.974000	0.000000	-119.067000	0.000000	81.684000	0.000000

2024-09-09	13:24:39	1725881079.927422	-43170.997513	-0.044311	-0.154283	-48.570262	213.122378	-178.925402	227.068783	299.629708	95.275155	161.651457	37.198060	-135.737937	144.388972	142.255929	132.562454	-270.654846	70.989800	81.508897	72.231003	-245.959461	0.308266	407.128750	0.254070	-195.504000	0.000000	30.401326	5.824767	-384.624000	0.000000	-1.976000	0.000000	65.896000	0.000000	123.875000	0.000000	-195.267000	0.000000	66.843000	0.000000	-115.378000	0.000000	-98.042000	0.000000	-51.739000	0.000000	-341.974000	0.000000	-119.067000	0.000000	81.684000	0.000000

2024-09-09	13:24:40	1725881080.926864	-43169.998071	-0.044311	-0.167521	11.731500	184.459434	-209.163588	204.983801	322.653660	93.248189	163.481846	89.217856	-90.407841	51.162958	94.581831	80.238627	-280.397924	24.033323	94.354353	14.787943	-245.771331	0.902787	407.234822	0.277960	-195.504000	0.000000	27.981761	4.284080	-384.624000	0.000000	-1.976000	0.000000	65.896000	0.000000	123.875000	0.000000	-195.267000	0.000000	66.843000	0.000000	-115.378000	0.000000	-98.042000	0.000000	-51.739000	0.000000	-341.974000	0.000000	-119.067000	0.000000	81.684000	0.000000

2024-09-09	13:24:41	1725881081.927268	-43168.997666	-0.044311	-0.167521	-55.522133	221.156365	-168.820462	211.580358	163.956709	98.190597	307.949804	86.555597	-85.365592	74.198878	89.406825	82.178969	-307.066653	69.513387	116.911579	70.268006	-245.114912	0.652649	406.813282	0.172038	-195.504000	0.000000	30.093961	3.656988	-384.624000	0.000000	-1.976000	0.000000	65.896000	0.000000	123.875000	0.000000	-195.267000	0.000000	66.843000	0.000000	-115.378000	0.000000	-98.042000	0.000000	-51.739000	0.000000	-341.974000	0.000000	-119.067000	0.000000	81.684000	0.000000

2024-09-09	13:24:42	1725881082.926709	-43167.998226	-0.044311	-0.167521	-57.016099	227.174871	-148.545630	247.702289	315.285672	223.413899	168.226712	233.279266	-40.265197	87.244071	64.808070	72.167551	-256.387305	44.939287	71.115624	46.608044	-246.277722	0.203365	406.932019	0.230616	-195.504000	0.000000	31.269337	3.576827	-384.624000	0.000000	-1.976000	0.000000	65.896000	0.000000	123.875000	0.000000	-195.267000	0.000000	66.843000	0.000000	-115.378000	0.000000	-98.042000	0.000000	-51.739000	0.000000	-341.974000	0.000000	-119.067000	0.000000	81.684000	0.000000

2024-09-09	13:24:43	1725881083.927114	-43166.997820	-0.044311	-0.167521	-145.988795	502.459890	-78.456204	517.298324	280.730258	118.755103	183.560469	104.150792	-145.514392	120.506714	143.790287	111.552539	-301.429058	76.352820	109.765771	75.460310	-245.711046	0.423752	406.903069	0.134446	-195.504000	0.000000	25.724795	5.296085	-384.624000	0.000000	-1.976000	0.000000	65.896000	0.000000	123.875000	0.000000	-195.267000	0.000000	66.843000	0.000000	-115.378000	0.000000	-98.042000	0.000000	-51.739000	0.000000	-341.974000	0.000000	-119.067000	0.000000	81.684000	0.000000

2024-09-09	13:24:44	1725881084.926558	-43165.998376	-0.044311	-0.167521	125.852764	218.868349	-336.979297	204.901219	330.273855	74.694346	140.983853	40.353343	-43.120819	108.541945	46.039557	81.518056	-250.655605	64.087129	63.960042	66.995404	-246.531878	0.140609	407.401745	0.129442	-195.504000	0.000000	31.983167	3.398287	-384.624000	0.000000	-1.976000	0.000000	65.896000	0.000000	123.875000	0.000000	-195.267000	0.000000	66.843000	0.000000	-115.378000	0.000000	-98.042000	0.000000	-51.739000	0.000000	-341.974000	0.000000	-119.067000	0.000000	81.684000	0.000000

2024-09-09	13:24:45	1725881085.926964	-43164.997971	-0.044311	-0.167521	-41.206102	94.848573	-179.368620	110.060143	223.651554	111.167514	245.087618	92.515400	-94.152689	92.709723	94.414590	87.770745	-292.446916	59.046259	101.252408	55.677224	-246.514086	0.126360	406.906742	0.199264	-195.504000	0.000000	33.491540	4.061049	-384.624000	0.000000	-1.976000	0.000000	65.896000	0.000000	123.875000	0.000000	-195.267000	0.000000	66.843000	0.000000	-115.378000	0.000000	-98.042000	0.000000	-51.739000	0.000000	-341.974000	0.000000	-119.067000	0.000000	81.684000	0.000000

2024-09-09	13:24:46	1725881086.927385	-43163.997549	-0.044311	-0.167521	49.790351	125.157357	-269.062133	129.913393	239.989124	92.461553	230.164646	77.943293	-64.382279	31.561499	71.129724	56.271092	-260.437549	42.382316	71.970049	38.488541	-246.629909	0.165618	406.572909	0.218500	-195.504000	0.000000	30.086997	5.447252	-384.624000	0.000000	-1.976000	0.000000	65.896000	0.000000	123.875000	0.000000	-195.267000	0.000000	66.843000	0.000000	-115.378000	0.000000	-98.042000	0.000000	-51.739000	0.000000	-341.974000	0.000000	-119.067000	0.000000	81.684000	0.000000

2024-09-09	13:24:47	1725881087.926809	-43162.998125	-0.044311	-0.167521	111.783566	93.505744	-328.282754	78.554265	241.001633	68.951960	232.661365	103.756803	-84.521833	49.832568	89.494808	78.415765	-308.229646	63.727202	118.752879	47.057669	-246.802884	0.241684	406.556679	0.274147	-195.504000	0.000000	32.937436	3.741518	-384.624000	0.000000	-1.976000	0.000000	65.896000	0.000000	123.875000	0.000000	-195.267000	0.000000	66.843000	0.000000	-115.378000	0.000000	-98.042000	0.000000	-51.739000	0.000000	-341.974000	0.000000	-119.067000	0.000000	81.684000	0.000000

2024-09-09	13:24:48	1725881088.927232	-43161.997703	-0.044311	-0.187380	-67.389447	168.532148	-141.149817	152.410419	378.926420	200.134824	84.673165	174.957963	-64.054632	99.618223	67.700499	74.476161	-264.679366	70.630652	81.531362	60.796085	-246.533153	0.343176	407.145841	0.429580	-195.504000	0.000000	30.802036	5.160226	-384.624000	0.000000	-1.976000	0.000000	65.896000	0.000000	123.875000	0.000000	-195.267000	0.000000	66.843000	0.000000	-115.378000	0.000000	-98.042000	0.000000	-51.739000	0.000000	-341.974000	0.000000	-119.067000	0.000000	81.684000	0.000000

2024-09-09	13:24:49	1725881089.926655	-43160.998279	-0.044311	-0.187380	-82.453756	138.069438	-129.413187	128.888955	265.872007	70.055554	227.510199	66.050752	-82.700941	71.045468	93.484620	81.709498	-286.060910	70.570426	103.199011	71.663411	-246.630937	0.146982	407.348903	0.147864	-195.504000	0.000000	27.188117	5.663005	-384.624000	0.000000	-1.976000	0.000000	65.896000	0.000000	123.875000	0.000000	-195.267000	0.000000	66.843000	0.000000	-115.378000	0.000000	-98.042000	0.000000	-51.739000	0.000000	-341.974000	0.000000	-119.067000	0.000000	81.684000	0.000000

2024-09-09	13:24:50	1725881090.927095	-43159.997839	-0.044311	-0.187380	133.079148	40.610131	-339.983015	45.050786	309.196747	159.702860	149.913295	150.926989	-68.570009	72.614525	74.136005	55.130662	-250.530779	57.710549	66.307320	53.861013	-246.478247	0.202953	406.954337	0.218442	-195.504000	0.000000	33.714072	4.313442	-384.624000	0.000000	-1.976000	0.000000	65.896000	0.000000	123.875000	0.000000	-195.267000	0.000000	66.843000	0.000000	-115.378000	0.000000	-98.042000	0.000000	-51.739000	0.000000	-341.974000	0.000000	-119.067000	0.000000	81.684000	0.000000

2024-09-09	13:24:51	1725881091.928500	-43158.996435	-0.044311	-0.187380	-30.874251	122.465064	-184.523423	123.466627	292.074138	147.431776	183.704065	156.171143	-173.401589	73.069729	171.216881	88.964023	-277.913260	55.153167	90.488682	55.123104	-246.221181	0.170554	407.112396	0.139526	-195.504000	0.000000	32.834263	4.250140	-384.624000	0.000000	-1.976000	0.000000	65.896000	0.000000	123.875000	0.000000	-195.267000	0.000000	66.843000	0.000000	-115.378000	0.000000	-98.042000	0.000000	-51.739000	0.000000	-341.974000	0.000000	-119.067000	0.000000	81.684000	0.000000

2024-09-09	13:24:52	1725881092.927924	-43157.997010	-0.044311	-0.187380	-30.551121	92.729846	-176.518086	97.444142	406.807958	152.728831	71.132216	185.862238	-62.132196	114.665270	66.966925	89.638236	-272.733032	92.712452	84.806982	97.446802	-246.398672	0.185040	406.961891	0.159248	-195.504000	0.000000	27.627307	4.831655	-384.624000	0.000000	-1.976000	0.000000	65.896000	0.000000	123.875000	0.000000	-195.267000	0.000000	66.843000	0.000000	-115.378000	0.000000	-98.042000	0.000000	-51.739000	0.000000	-341.974000	0.000000	-119.067000	0.000000	81.684000	0.000000

2024-09-09	13:24:53	1725881093.928347	-43156.996588	-0.044311	-0.187380	-3.319635	132.281883	-227.677164	132.640996	144.528747	134.701125	302.249307	102.802953	-77.044941	270.200373	70.343620	250.401710	-262.523971	79.888009	75.784595	87.315964	-246.507310	0.244554	407.289737	0.320852	-195.504000	0.000000	35.477352	3.428182	-384.624000	0.000000	-1.976000	0.000000	65.896000	0.000000	123.875000	0.000000	-195.267000	0.000000	66.843000	0.000000	-115.378000	0.000000	-98.042000	0.000000	-51.739000	0.000000	-341.974000	0.000000	-119.067000	0.000000	81.684000	0.000000

2024-09-09	13:24:54	1725881094.927770	-43155.997165	-0.044311	-0.187380	-45.759457	111.583978	-155.830144	97.738284	280.304914	146.060766	202.659600	195.156168	-51.565903	192.377120	55.083944	171.255632	-284.799075	88.700909	101.671440	74.495139	-246.342322	0.180899	407.290862	0.227751	-195.504000	0.000000	35.984938	3.550709	-384.624000	0.000000	-1.976000	0.000000	65.896000	0.000000	123.875000	0.000000	-195.267000	0.000000	66.843000	0.000000	-115.378000	0.000000	-98.042000	0.000000	-51.739000	0.000000	-341.974000	0.000000	-119.067000	0.000000	81.684000	0.000000

2024-09-09	13:24:55	1725881095.928193	-43154.996741	-0.044311	-0.187380	40.277383	119.872526	-257.516272	112.569799	231.602046	157.959956	228.218704	174.846574	-178.048002	132.944618	182.962964	118.722107	-264.117535	47.570965	77.322551	48.035679	-246.503658	0.364620	406.798741	0.373734	-195.504000	0.000000	30.800589	3.757618	-384.624000	0.000000	-1.976000	0.000000	65.896000	0.000000	123.875000	0.000000	-195.267000	0.000000	66.843000	0.000000	-115.378000	0.000000	-98.042000	0.000000	-51.739000	0.000000	-341.974000	0.000000	-119.067000	0.000000	81.684000	0.000000

2024-09-09	13:24:56	1725881096.927633	-43153.997301	-0.044311	-0.141039	35.379692	124.358792	-237.666812	127.906415	297.468592	101.802988	198.005635	114.469232	-87.635352	43.560165	98.525055	72.154331	-266.398350	36.311166	83.300795	23.508527	-246.527273	0.305660	406.928096	0.156240	-195.504000	0.000000	30.742630	3.700721	-384.624000	0.000000	-1.976000	0.000000	65.896000	0.000000	123.875000	0.000000	-195.267000	0.000000	66.843000	0.000000	-115.378000	0.000000	-98.042000	0.000000	-51.739000	0.000000	-341.974000	0.000000	-119.067000	0.000000	81.684000	0.000000

2024-09-09	13:24:57	1725881097.928057	-43152.996877	-0.044311	-0.141039	-91.031241	106.530858	-131.504471	97.323632	278.970760	172.561548	178.932228	166.232570	-101.659263	65.505191	92.499886	70.471064	-264.851701	41.441266	77.817427	35.023098	-246.400193	0.217199	407.272224	0.280054	-195.504000	0.000000	30.811676	2.685475	-384.624000	0.000000	-1.976000	0.000000	65.896000	0.000000	123.875000	0.000000	-195.267000	0.000000	66.843000	0.000000	-115.378000	0.000000	-98.042000	0.000000	-51.739000	0.000000	-341.974000	0.000000	-119.067000	0.000000	81.684000	0.000000

2024-09-09	13:24:58	1725881098.929461	-43151.995474	-0.044311	-0.141039	-98.070376	246.914292	-111.343167	235.006398	264.154198	183.569635	223.393011	226.959286	-99.200550	49.165466	97.128944	66.446793	-282.045473	30.908737	95.322376	34.458549	-246.561095	0.231606	407.435618	0.182389	-195.504000	0.000000	30.387466	5.093636	-384.624000	0.000000	-1.976000	0.000000	65.896000	0.000000	123.875000	0.000000	-195.267000	0.000000	66.843000	0.000000	-115.378000	0.000000	-98.042000	0.000000	-51.739000	0.000000	-341.974000	0.000000	-119.067000	0.000000	81.684000	0.000000

2024-09-09	13:24:59	1725881099.928904	-43150.996031	-0.044311	-0.141039	-113.291312	250.880868	-102.720739	232.814559	331.912850	39.594919	102.324194	77.422399	-78.973765	31.595960	74.848156	56.863266	-268.754403	52.555863	80.084639	53.262973	-246.292628	0.161410	407.432341	0.215966	-195.504000	0.000000	32.110720	2.423725	-384.624000	0.000000	-1.976000	0.000000	65.896000	0.000000	123.875000	0.000000	-195.267000	0.000000	66.843000	0.000000	-115.378000	0.000000	-98.042000	0.000000	-51.739000	0.000000	-341.974000	0.000000	-119.067000	0.000000	81.684000	0.000000

2024-09-09	13:25:00	1725881100.929307	-43149.995627	-0.044311	-0.141039	25.566115	232.386991	-222.729454	217.379997	319.119919	187.350299	175.297256	127.269499	-68.363201	121.527385	77.386391	96.526429	-242.031013	58.817303	55.576611	54.520729	-245.953980	0.321205	406.996181	0.126608	-195.504000	0.000000	28.033128	6.022903	-384.624000	0.000000	-1.976000	0.000000	65.896000	0.000000	123.875000	0.000000	-195.267000	0.000000	66.843000	0.000000	-115.378000	0.000000	-98.042000	0.000000	-51.739000	0.000000	-341.974000	0.000000	-119.067000	0.000000	81.684000	0.000000

2024-09-09	13:25:01	1725881101.928730	-43148.996204	-0.044311	-0.141039	-97.413412	269.905595	-126.937242	252.120731	227.167649	96.859013	247.388471	130.521651	-78.861980	58.116571	86.737514	57.275303	-309.258224	32.980015	124.983017	35.765568	-246.402649	0.198719	406.947877	0.226990	-195.504000	0.000000	34.837283	4.866884	-384.624000	0.000000	-1.976000	0.000000	65.896000	0.000000	123.875000	0.000000	-195.267000	0.000000	66.843000	0.000000	-115.378000	0.000000	-98.042000	0.000000	-51.739000	0.000000	-341.974000	0.000000	-119.067000	0.000000	81.684000	0.000000

2024-09-09	13:25:02	1725881102.929153	-43147.995781	-0.044311	-0.141039	142.440164	100.087412	-356.788368	125.810099	295.922365	118.062932	167.001960	69.667694	-69.007968	48.240680	65.737916	37.514976	-257.683075	83.317918	69.625453	76.621301	-246.351393	0.144632	406.964293	0.189087	-195.504000	0.000000	31.723337	3.315482	-384.624000	0.000000	-1.976000	0.000000	65.896000	0.000000	123.875000	0.000000	-195.267000	0.000000	66.843000	0.000000	-115.378000	0.000000	-98.042000	0.000000	-51.739000	0.000000	-341.974000	0.000000	-119.067000	0.000000	81.684000	0.000000

2024-09-09	13:25:03	1725881103.928577	-43146.996357	-0.044311	-0.174143	-50.634705	37.075361	-173.830468	45.159468	316.471081	67.130873	148.212687	77.399596	-95.384808	126.957858	95.791532	97.206870	-313.843647	77.386625	123.362824	76.046195	-246.677975	0.241037	406.880437	0.143780	-195.504000	0.000000	30.474299	3.413220	-384.624000	0.000000	-1.976000	0.000000	65.896000	0.000000	123.875000	0.000000	-195.267000	0.000000	66.843000	0.000000	-115.378000	0.000000	-98.042000	0.000000	-51.739000	0.000000	-341.974000	0.000000	-119.067000	0.000000	81.684000	0.000000

2024-09-09	13:25:04	1725881104.929000	-43145.995934	-0.044311	-0.174143	81.461837	141.511845	-283.508286	157.694376	317.075352	140.654122	169.500530	161.424605	-57.309834	65.590707	73.588598	50.760791	-273.244317	47.110316	89.664802	43.856596	-245.633704	0.789141	406.445882	0.310403	-195.504000	0.000000	31.694123	3.640242	-384.624000	0.000000	-1.976000	0.000000	65.896000	0.000000	123.875000	0.000000	-195.267000	0.000000	66.843000	0.000000	-115.378000	0.000000	-98.042000	0.000000	-51.739000	0.000000	-341.974000	0.000000	-119.067000	0.000000	81.684000	0.000000

2024-09-09	13:25:05	1725881105.930421	-43144.994513	-0.044311	-0.174143	97.176246	221.267429	-315.419172	234.717810	198.539524	168.830126	261.337240	155.914750	-106.216426	61.646946	93.539018	46.433272	-291.605359	32.797729	103.209006	32.588127	-246.297163	0.969287	407.868813	0.676452	-195.504000	0.000000	33.524801	6.034454	-384.624000	0.000000	-1.976000	0.000000	65.896000	0.000000	123.875000	0.000000	-195.267000	0.000000	66.843000	0.000000	-115.378000	0.000000	-98.042000	0.000000	-51.739000	0.000000	-341.974000	0.000000	-119.067000	0.000000	81.684000	0.000000

2024-09-09	13:25:06	1725881106.929863	-43143.995071	-0.044311	-0.174143	-45.136013	139.175561	-168.175017	123.070930	357.416168	98.364661	113.400534	81.822141	-98.263615	106.982125	91.919879	100.438964	-273.867254	40.952817	92.431988	38.652546	-246.666890	0.220801	408.332103	0.279983	-195.504000	0.000000	41.395011	4.726466	-384.624000	0.000000	-1.976000	0.000000	65.896000	0.000000	123.875000	0.000000	-195.267000	0.000000	66.843000	0.000000	-115.378000	0.000000	-98.042000	0.000000	-51.739000	0.000000	-341.974000	0.000000	-119.067000	0.000000	81.684000	0.000000

2024-09-09	13:25:07	1725881107.930268	-43142.994666	-0.044311	-0.174143	-81.969632	251.483589	-133.081463	238.342159	295.957496	189.618112	163.566044	147.154438	-92.258696	122.344665	72.187688	102.095379	-264.048193	48.213223	78.334362	55.923918	-246.798049	0.313759	408.642876	0.158483	-195.504000	0.000000	37.271727	3.283552	-384.624000	0.000000	-1.976000	0.000000	65.896000	0.000000	123.875000	0.000000	-195.267000	0.000000	66.843000	0.000000	-115.378000	0.000000	-98.042000	0.000000	-51.739000	0.000000	-341.974000	0.000000	-119.067000	0.000000	81.684000	0.000000

2024-09-09	13:25:08	1725881108.929692	-43141.995242	-0.044311	-0.174143	-132.813171	171.732136	-78.852524	163.490262	356.479775	67.211619	110.956776	74.751900	-96.458594	150.193807	82.797396	136.687106	-311.371217	56.646810	124.493991	61.817472	-246.844653	0.134360	408.686732	0.160946	-195.504000	0.000000	38.754100	2.811457	-384.624000	0.000000	-1.976000	0.000000	65.896000	0.000000	123.875000	0.000000	-195.267000	0.000000	66.843000	0.000000	-115.378000	0.000000	-98.042000	0.000000	-51.739000	0.000000	-341.974000	0.000000	-119.067000	0.000000	81.684000	0.000000

2024-09-09	13:25:09	1725881109.930114	-43140.994820	-0.044311	-0.174143	-30.023563	172.726298	-175.330797	164.817990	246.335329	89.606367	233.074090	87.978252	-104.309967	109.521904	91.225134	115.928104	-296.980914	77.877889	84.804220	68.426480	-246.482063	0.176149	408.252798	0.178511	-195.504000	0.000000	35.708550	2.983660	-384.624000	0.000000	-1.976000	0.000000	65.896000	0.000000	123.875000	0.000000	-195.267000	0.000000	66.843000	0.000000	-115.378000	0.000000	-98.042000	0.000000	-51.739000	0.000000	-341.974000	0.000000	-119.067000	0.000000	81.684000	0.000000

2024-09-09	13:25:10	1725881110.929687	-43139.995247	-0.044311	-0.174143	-61.590923	199.288362	-156.597399	188.782574	231.970853	142.652319	233.242861	124.115579	-94.435022	35.485399	81.434022	44.723035	-344.677686	62.112235	141.970478	60.955679	-246.661893	0.202103	408.259992	0.164957	-195.504000	0.000000	37.724037	4.908647	-384.624000	0.000000	-1.976000	0.000000	65.896000	0.000000	123.875000	0.000000	-195.267000	0.000000	66.843000	0.000000	-115.378000	0.000000	-98.042000	0.000000	-51.739000	0.000000	-341.974000	0.000000	-119.067000	0.000000	81.684000	0.000000

2024-09-09	13:25:11	1725881111.930128	-43138.994806	-0.044311	-0.174143	62.164670	73.840299	-275.400790	76.688115	339.840583	171.343486	127.759313	182.331088	-124.039930	53.601195	111.859289	49.717322	-268.509375	24.602202	84.294844	25.891786	-246.439329	0.261772	408.016335	0.201112	-195.504000	0.000000	35.244127	4.158062	-384.624000	0.000000	-1.976000	0.000000	65.896000	0.000000	123.875000	0.000000	-195.267000	0.000000	66.843000	0.000000	-115.378000	0.000000	-98.042000	0.000000	-51.739000	0.000000	-341.974000	0.000000	-119.067000	0.000000	81.684000	0.000000

2024-09-09	13:25:12	1725881112.929534	-43137.995400	-0.044311	-0.174143	1.693478	122.634024	-209.706652	148.125714	253.505260	141.911924	206.565194	121.144219	-87.874012	96.797024	82.291101	107.368596	-242.299540	57.287045	57.406849	55.167602	-246.454924	0.230495	408.503257	0.188289	-195.504000	0.000000	36.722871	4.035483	-384.624000	0.000000	-1.976000	0.000000	65.896000	0.000000	123.875000	0.000000	-195.267000	0.000000	66.843000	0.000000	-115.378000	0.000000	-98.042000	0.000000	-51.739000	0.000000	-341.974000	0.000000	-119.067000	0.000000	81.684000	0.000000

2024-09-09	13:25:13	1725881113.929956	-43136.994978	-0.044311	-0.174143	49.092581	138.271967	-265.941710	131.629404	194.250776	101.336558	270.270218	125.655704	-132.669077	54.723441	107.349216	42.853929	-303.457332	39.611058	117.598435	48.785556	-246.201667	0.242776	408.985777	0.204230	-195.504000	0.000000	35.435072	3.077450	-384.624000	0.000000	-1.976000	0.000000	65.896000	0.000000	123.875000	0.000000	-195.267000	0.000000	66.843000	0.000000	-115.378000	0.000000	-98.042000	0.000000	-51.739000	0.000000	-341.974000	0.000000	-119.067000	0.000000	81.684000	0.000000

2024-09-09	13:25:14	1725881114.930397	-43135.994537	-0.044311	-0.174143	-93.476558	197.210315	-122.680315	192.486375	335.366060	165.306361	140.347973	152.596331	-67.790329	48.083976	62.241660	53.981025	-281.715633	33.765718	94.733186	28.619363	-246.111320	0.157276	409.133375	0.154915	-195.504000	0.000000	34.630157	3.444996	-384.624000	0.000000	-1.976000	0.000000	65.896000	0.000000	123.875000	0.000000	-195.267000	0.000000	66.843000	0.000000	-115.378000	0.000000	-98.042000	0.000000	-51.739000	0.000000	-341.974000	0.000000	-119.067000	0.000000	81.684000	0.000000

2024-09-09	13:25:15	1725881115.929802	-43134.995132	-0.044311	-0.174143	82.799433	210.864101	-290.051727	199.935298	327.980506	256.200983	144.146002	282.644105	-141.603433	72.203621	128.109829	86.793690	-304.407613	12.250966	120.962323	14.234293	-246.310887	0.154090	408.468705	0.228262	-195.504000	0.000000	32.235595	5.134568	-384.624000	0.000000	-1.976000	0.000000	65.896000	0.000000	123.875000	0.000000	-195.267000	0.000000	66.843000	0.000000	-115.378000	0.000000	-98.042000	0.000000	-51.739000	0.000000	-341.974000	0.000000	-119.067000	0.000000	81.684000	0.000000

2024-09-09	13:25:16	1725881116.930225	-43133.994709	-0.044311	-0.174143	-12.611635	250.282020	-197.457777	236.408586	206.087143	149.269180	261.485486	162.137330	-135.545492	108.872860	123.929841	116.325016	-260.622847	27.680658	74.557778	31.550725	-246.189940	0.183892	408.337704	0.231610	-195.504000	0.000000	39.171637	3.598712	-384.624000	0.000000	-1.976000	0.000000	65.896000	0.000000	123.875000	0.000000	-195.267000	0.000000	66.843000	0.000000	-115.378000	0.000000	-98.042000	0.000000	-51.739000	0.000000	-341.974000	0.000000	-119.067000	0.000000	81.684000	0.000000

2024-09-09	13:25:17	1725881117.929648	-43132.995286	-0.044311	-0.174143	144.681287	198.697015	-355.512213	167.412070	216.770575	133.023814	249.756206	136.941486	-52.487683	158.073899	38.027845	134.709432	-289.929008	33.323412	108.281695	33.894517	-246.021717	0.188111	408.889514	0.272031	-195.504000	0.000000	36.411751	2.959964	-384.624000	0.000000	-1.976000	0.000000	65.896000	0.000000	123.875000	0.000000	-195.267000	0.000000	66.843000	0.000000	-115.378000	0.000000	-98.042000	0.000000	-51.739000	0.000000	-341.974000	0.000000	-119.067000	0.000000	81.684000	0.000000

2024-09-09	13:25:18	1725881118.930089	-43131.994846	-0.044311	-0.167521	-37.952518	288.165836	-181.018111	292.658358	400.073961	144.305371	43.833513	153.829004	-99.813798	56.227927	80.231902	59.214358	-248.873558	66.227751	62.836263	71.815141	-246.067249	0.153863	408.477132	0.146549	-195.504000	0.000000	35.754894	4.064795	-384.624000	0.000000	-1.976000	0.000000	65.896000	0.000000	123.875000	0.000000	-195.267000	0.000000	66.843000	0.000000	-115.378000	0.000000	-98.042000	0.000000	-51.739000	0.000000	-341.974000	0.000000	-119.067000	0.000000	81.684000	0.000000

2024-09-09	13:25:19	1725881119.931494	-43130.993441	-0.044311	-0.167521	-76.666787	173.105265	-136.007318	163.630588	266.526448	102.007800	219.314770	152.715147	-109.728353	116.227698	96.762366	96.958875	-281.847753	44.536904	96.513759	49.478332	-246.411127	0.174657	408.675958	0.229984	-195.504000	0.000000	34.578651	4.300670	-384.624000	0.000000	-1.976000	0.000000	65.896000	0.000000	123.875000	0.000000	-195.267000	0.000000	66.843000	0.000000	-115.378000	0.000000	-98.042000	0.000000	-51.739000	0.000000	-341.974000	0.000000	-119.067000	0.000000	81.684000	0.000000

2024-09-09	13:25:20	1725881120.930934	-43129.994000	-0.044311	-0.167521	-155.152957	205.868869	-49.934002	211.348924	296.420811	117.965684	181.883055	142.299669	-59.075910	72.137074	46.889097	75.434326	-255.218120	80.405995	70.419322	78.119913	-246.407725	0.119203	408.856253	0.166240	-195.504000	0.000000	35.883277	3.553893	-384.624000	0.000000	-1.976000	0.000000	65.896000	0.000000	123.875000	0.000000	-195.267000	0.000000	66.843000	0.000000	-115.378000	0.000000	-98.042000	0.000000	-51.739000	0.000000	-341.974000	0.000000	-119.067000	0.000000	81.684000	0.000000

2024-09-09	13:25:21	1725881121.931358	-43128.993577	-0.044311	-0.167521	-99.064677	119.645093	-113.051840	91.460253	294.828448	150.532855	173.667045	170.157595	-71.345116	78.521442	58.679960	95.321947	-303.244152	58.030939	118.795990	62.582419	-246.397751	0.173866	408.618759	0.367394	-195.504000	0.000000	35.720705	3.138378	-384.624000	0.000000	-1.976000	0.000000	65.896000	0.000000	123.875000	0.000000	-195.267000	0.000000	66.843000	0.000000	-115.378000	0.000000	-98.042000	0.000000	-51.739000	0.000000	-341.974000	0.000000	-119.067000	0.000000	81.684000	0.000000

2024-09-09	13:25:22	1725881122.930763	-43127.994172	-0.044311	-0.167521	16.906058	301.542330	-238.938718	309.998353	204.765620	119.749980	243.964292	124.343303	-130.057245	133.571054	106.495205	131.339804	-280.666638	23.197677	91.944283	24.253196	-246.467699	0.158768	407.981201	0.134153	-195.504000	0.000000	37.231049	3.587108	-384.624000	0.000000	-1.976000	0.000000	65.896000	0.000000	123.875000	0.000000	-195.267000	0.000000	66.843000	0.000000	-115.378000	0.000000	-98.042000	0.000000	-51.739000	0.000000	-341.974000	0.000000	-119.067000	0.000000	81.684000	0.000000

2024-09-09	13:25:23	1725881123.931188	-43126.993747	-0.044311	-0.167521	-144.209267	205.057470	-67.879463	226.121642	369.369679	161.145101	105.542629	126.431973	-114.854377	141.543816	100.642467	91.729344	-261.645008	55.553163	75.210847	45.589656	-246.035342	0.245598	408.483659	0.220045	-195.504000	0.000000	34.621601	3.668551	-384.624000	0.000000	-1.976000	0.000000	65.896000	0.000000	123.875000	0.000000	-195.267000	0.000000	66.843000	0.000000	-115.378000	0.000000	-98.042000	0.000000	-51.739000	0.000000	-341.974000	0.000000	-119.067000	0.000000	81.684000	0.000000

2024-09-09	13:25:24	1725881124.930610	-43125.994325	-0.044311	-0.167521	-35.856900	149.192979	-170.778225	127.467630	157.296399	149.687037	330.426743	149.417032	-123.191832	96.008624	120.400240	94.452258	-284.541850	44.557843	104.311975	46.594409	-246.387148	0.255631	408.966175	0.216431	-195.504000	0.000000	37.657637	4.458251	-384.624000	0.000000	-1.976000	0.000000	65.896000	0.000000	123.875000	0.000000	-195.267000	0.000000	66.843000	0.000000	-115.378000	0.000000	-98.042000	0.000000	-51.739000	0.000000	-341.974000	0.000000	-119.067000	0.000000	81.684000	0.000000

2024-09-09	13:25:25	1725881125.931033	-43124.993902	-0.044311	-0.167521	76.239021	120.418952	-286.730883	101.451881	329.887376	60.034667	139.476596	120.210270	-122.611791	115.315425	107.640144	127.853689	-270.951172	54.829994	87.474648	59.813617	-246.446136	0.324626	409.151674	0.326812	-195.504000	0.000000	38.120855	4.058690	-384.624000	0.000000	-1.976000	0.000000	65.896000	0.000000	123.875000	0.000000	-195.267000	0.000000	66.843000	0.000000	-115.378000	0.000000	-98.042000	0.000000	-51.739000	0.000000	-341.974000	0.000000	-119.067000	0.000000	81.684000	0.000000

2024-09-09	13:25:26	1725881126.932472	-43123.992463	-0.044311	-0.160902	83.987112	198.780357	-302.561288	163.498657	273.504827	115.002720	189.460158	172.348685	-72.207249	119.309386	63.535247	100.307248	-292.885829	25.840848	105.071886	23.426970	-246.499567	0.189989	409.031743	0.129369	-195.504000	0.000000	41.114839	3.761468	-384.624000	0.000000	-1.976000	0.000000	65.896000	0.000000	123.875000	0.000000	-195.267000	0.000000	66.843000	0.000000	-115.378000	0.000000	-98.042000	0.000000	-51.739000	0.000000	-341.974000	0.000000	-119.067000	0.000000	81.684000	0.000000

2024-09-09	13:25:27	1725881127.931878	-43122.993056	-0.044311	-0.160902	-116.809478	139.136976	-105.456084	119.241250	200.645375	99.177490	247.015921	125.329305	-154.927049	88.547204	128.729328	73.170816	-324.181403	47.811134	135.862956	47.767645	-246.105694	0.172477	409.018348	0.191845	-195.504000	0.000000	33.981529	5.543464	-384.624000	0.000000	-1.976000	0.000000	65.896000	0.000000	123.875000	0.000000	-195.267000	0.000000	66.843000	0.000000	-115.378000	0.000000	-98.042000	0.000000	-51.739000	0.000000	-341.974000	0.000000	-119.067000	0.000000	81.684000	0.000000

2024-09-09	13:25:28	1725881128.932301	-43121.992633	-0.044311	-0.160902	-76.448274	196.069933	-111.823711	210.784565	347.543282	71.914891	133.465007	96.238109	-68.037078	130.260236	63.059269	135.549843	-254.155896	38.848112	73.924158	35.861688	-246.080178	0.184064	408.795064	0.214471	-195.504000	0.000000	40.360700	4.025165	-384.624000	0.000000	-1.976000	0.000000	65.896000	0.000000	123.875000	0.000000	-195.267000	0.000000	66.843000	0.000000	-115.378000	0.000000	-98.042000	0.000000	-51.739000	0.000000	-341.974000	0.000000	-119.067000	0.000000	81.684000	0.000000

2024-09-09	13:25:29	1725881129.931742	-43120.993193	-0.044311	-0.160902	-155.179622	156.492961	-63.945077	126.908484	261.839196	184.603408	202.925376	184.896909	-138.075220	69.777255	107.876863	84.280695	-266.778120	24.253742	80.800462	17.788309	-246.604079	0.291208	408.762565	0.183709	-195.504000	0.000000	39.911549	3.528145	-384.624000	0.000000	-1.976000	0.000000	65.896000	0.000000	123.875000	0.000000	-195.267000	0.000000	66.843000	0.000000	-115.378000	0.000000	-98.042000	0.000000	-51.739000	0.000000	-341.974000	0.000000	-119.067000	0.000000	81.684000	0.000000

2024-09-09	13:25:30	1725881130.932148	-43119.992787	-0.044311	-0.160902	-91.235918	263.170368	-135.671893	247.735439	263.719982	172.355300	208.254260	204.435705	-46.186804	78.864370	35.447734	98.144209	-268.610949	91.352956	80.363526	79.737897	-246.610050	0.236141	408.686220	0.198843	-195.504000	0.000000	32.985982	4.897684	-384.624000	0.000000	-1.976000	0.000000	65.896000	0.000000	123.875000	0.000000	-195.267000	0.000000	66.843000	0.000000	-115.378000	0.000000	-98.042000	0.000000	-51.739000	0.000000	-341.974000	0.000000	-119.067000	0.000000	81.684000	0.000000

2024-09-09	13:25:31	1725881131.931570	-43118.993364	-0.044311	-0.160902	211.602194	230.728044	-429.880776	260.761888	260.836077	275.101698	199.472255	270.192423	-147.212517	109.337621	130.565998	98.560735	-323.403382	60.580698	138.109320	58.139417	-246.529908	0.196950	408.392008	0.156819	-195.504000	0.000000	36.350956	4.316966	-384.624000	0.000000	-1.976000	0.000000	65.896000	0.000000	123.875000	0.000000	-195.267000	0.000000	66.843000	0.000000	-115.378000	0.000000	-98.042000	0.000000	-51.739000	0.000000	-341.974000	0.000000	-119.067000	0.000000	81.684000	0.000000

2024-09-09	13:25:32	1725881132.932011	-43117.992923	-0.044311	-0.160902	-84.700704	344.578667	-122.648923	341.620363	309.979813	39.963865	165.009429	61.443746	-68.020768	147.343391	57.549741	136.316215	-219.547447	65.765106	36.004483	67.577992	-246.090461	0.272730	408.461285	0.177675	-195.504000	0.000000	37.435531	3.294536	-384.624000	0.000000	-1.976000	0.000000	65.896000	0.000000	123.875000	0.000000	-195.267000	0.000000	66.843000	0.000000	-115.378000	0.000000	-98.042000	0.000000	-51.739000	0.000000	-341.974000	0.000000	-119.067000	0.000000	81.684000	0.000000

2024-09-09	13:25:33	1725881133.933415	-43116.991519	-0.044311	-0.160902	-31.927984	190.817083	-179.135966	176.678512	238.463270	100.093245	231.489116	110.808089	-81.317729	160.247945	67.280371	160.973480	-310.370470	64.187981	126.458629	63.198974	-246.451465	0.186482	408.523229	0.192553	-195.504000	0.000000	32.873418	4.900833	-384.624000	0.000000	-1.976000	0.000000	65.896000	0.000000	123.875000	0.000000	-195.267000	0.000000	66.843000	0.000000	-115.378000	0.000000	-98.042000	0.000000	-51.739000	0.000000	-341.974000	0.000000	-119.067000	0.000000	81.684000	0.000000

2024-09-09	13:25:34	1725881134.932857	-43115.992077	-0.044311	-0.154283	79.381702	169.579131	-289.572630	161.643509	334.125153	189.190724	154.619286	223.026204	-152.861197	70.618504	134.435906	99.785402	-285.088156	22.182031	100.770070	24.110213	-246.466133	0.136730	408.729319	0.252208	-195.504000	0.000000	38.063728	3.647659	-384.624000	0.000000	-1.976000	0.000000	65.896000	0.000000	123.875000	0.000000	-195.267000	0.000000	66.843000	0.000000	-115.378000	0.000000	-98.042000	0.000000	-51.739000	0.000000	-341.974000	0.000000	-119.067000	0.000000	81.684000	0.000000

2024-09-09	13:25:35	1725881135.933262	-43114.991673	-0.044311	-0.154283	-58.559132	88.179359	-149.489278	89.400297	265.375050	121.414934	182.780909	139.798604	-127.981254	109.974687	105.953170	96.095758	-260.553367	13.946831	77.246893	18.690330	-245.989233	0.151039	408.789508	0.212707	-195.504000	0.000000	37.089662	4.486496	-384.624000	0.000000	-1.976000	0.000000	65.896000	0.000000	123.875000	0.000000	-195.267000	0.000000	66.843000	0.000000	-115.378000	0.000000	-98.042000	0.000000	-51.739000	0.000000	-341.974000	0.000000	-119.067000	0.000000	81.684000	0.000000

2024-09-09	13:25:36	1725881136.932687	-43113.992247	-0.044311	-0.154283	89.810131	124.181826	-312.057112	143.195427	268.296796	87.494421	194.994974	76.596835	-63.439398	68.198443	53.132428	55.982398	-290.804491	22.869833	105.560169	18.616763	-246.350879	0.254752	408.916014	0.174149	-195.504000	0.000000	35.938053	3.893762	-384.624000	0.000000	-1.976000	0.000000	65.896000	0.000000	123.875000	0.000000	-195.267000	0.000000	66.843000	0.000000	-115.378000	0.000000	-98.042000	0.000000	-51.739000	0.000000	-341.974000	0.000000	-119.067000	0.000000	81.684000	0.000000

2024-09-09	13:25:37	1725881137.933129	-43112.991806	-0.044311	-0.154283	-164.302317	223.640265	-46.293595	212.069915	272.043964	142.326638	204.079394	177.613899	-143.522650	106.228525	127.725667	106.852048	-220.492254	31.359311	37.956058	33.421469	-246.843858	0.175664	408.796081	0.158647	-195.504000	0.000000	34.649847	3.752338	-384.624000	0.000000	-1.976000	0.000000	65.896000	0.000000	123.875000	0.000000	-195.267000	0.000000	66.843000	0.000000	-115.378000	0.000000	-98.042000	0.000000	-51.739000	0.000000	-341.974000	0.000000	-119.067000	0.000000	81.684000	0.000000

2024-09-09	13:25:38	1725881138.932534	-43111.992401	-0.044311	-0.154283	60.742121	344.010849	-283.324474	323.836228	246.430816	223.253347	221.490085	239.656407	-160.729977	65.058841	138.027412	71.484976	-304.548756	73.768948	120.263464	74.445919	-246.373956	0.127648	408.775695	0.141863	-195.504000	0.000000	35.898481	5.033304	-384.624000	0.000000	-1.976000	0.000000	65.896000	0.000000	123.875000	0.000000	-195.267000	0.000000	66.843000	0.000000	-115.378000	0.000000	-98.042000	0.000000	-51.739000	0.000000	-341.974000	0.000000	-119.067000	0.000000	81.684000	0.000000

2024-09-09	13:25:39	1725881139.932956	-43110.991978	-0.044311	-0.154283	79.055338	143.686630	-281.571612	128.694629	371.406540	108.948880	105.519716	79.748052	-56.339368	71.548550	51.261261	48.624062	-289.448985	50.979646	107.123470	51.946442	-246.461807	0.310573	408.599865	0.214293	-195.504000	0.000000	34.611185	3.617552	-384.624000	0.000000	-1.976000	0.000000	65.896000	0.000000	123.875000	0.000000	-195.267000	0.000000	66.843000	0.000000	-115.378000	0.000000	-98.042000	0.000000	-51.739000	0.000000	-341.974000	0.000000	-119.067000	0.000000	81.684000	0.000000

2024-09-09	13:25:40	1725881140.933380	-43109.991555	-0.044311	-0.154283	116.958323	77.846700	-330.269042	70.207642	252.138579	113.613963	222.735752	113.333940	-82.286623	110.998329	63.457955	126.588006	-260.017021	49.900090	77.305766	41.778533	-245.976964	0.254597	408.672250	0.243777	-195.504000	0.000000	40.552551	3.449546	-384.624000	0.000000	-1.976000	0.000000	65.896000	0.000000	123.875000	0.000000	-195.267000	0.000000	66.843000	0.000000	-115.378000	0.000000	-98.042000	0.000000	-51.739000	0.000000	-341.974000	0.000000	-119.067000	0.000000	81.684000	0.000000

2024-09-09	13:25:41	1725881141.932803	-43108.992131	-0.044311	-0.154283	-216.811677	82.089506	-8.061819	72.998201	236.916298	136.376073	223.817355	169.133743	-84.061064	105.463677	59.231667	76.725977	-281.594583	23.619181	92.261848	26.935430	-246.393897	0.222434	408.638359	0.337817	-195.504000	0.000000	33.460563	3.430368	-384.624000	0.000000	-1.976000	0.000000	65.896000	0.000000	123.875000	0.000000	-195.267000	0.000000	66.843000	0.000000	-115.378000	0.000000	-98.042000	0.000000	-51.739000	0.000000	-341.974000	0.000000	-119.067000	0.000000	81.684000	0.000000

