Date/C:Time:TimeStamp/D:time:VMeas:IMeas:I_00:DI_00:I_01:DI_01:I_02:DI_02:I_03:DI_03:I_04:DI_04:I_05:DI_05:I_06:DI_06:I_07:DI_07:I_08:DI_08:I_09:DI_09:I_10:DI_10:I_11:DI_11:I_12:DI_12:I_13:DI_13:I_14:DI_14:I_15:DI_15:I_16:DI_16:I_17:DI_17:I_18:DI_18:I_19:DI_19:I_20:DI_20:I_21:DI_21:I_22:DI_22:I_23:DI_23
2024-09-09	13:02:02	1725879722.804320	-43200.000000	-0.044311	-0.141039	-188.190522	334.075643	-139.540360	327.858089	121.153725	157.991940	189.813417	148.229503	-180.633056	79.541733	-51.676090	68.192207	-668.229738	36.866221	573.714206	38.121341	-247.706280	0.239160	406.480284	0.266402	-195.504000	0.000000	-32.585780	6.670266	-384.624000	0.000000	-1.976000	0.000000	65.896000	0.000000	123.875000	0.000000	-195.267000	0.000000	66.843000	0.000000	-115.378000	0.000000	-98.042000	0.000000	-51.739000	0.000000	-341.974000	0.000000	-119.067000	0.000000	81.684000	0.000000

2024-09-09	13:02:03	1725879723.803744	-43199.000576	-0.044311	-0.141039	-173.679212	265.438184	-207.032874	250.309295	169.132534	219.281367	100.265173	149.361026	-220.116339	64.310472	-61.533615	73.762792	-701.639375	56.395234	598.033349	47.516559	-247.218163	0.292792	407.060680	0.151573	-195.504000	0.000000	-34.706728	9.375307	-384.624000	0.000000	-1.976000	0.000000	65.896000	0.000000	123.875000	0.000000	-195.267000	0.000000	66.843000	0.000000	-115.378000	0.000000	-98.042000	0.000000	-51.739000	0.000000	-341.974000	0.000000	-119.067000	0.000000	81.684000	0.000000

2024-09-09	13:02:04	1725879724.804166	-43198.000154	-0.044311	-0.141039	-56.590667	459.831910	-281.245386	462.921691	96.288458	103.160850	236.368563	128.201520	-257.996291	153.534761	3.721646	135.351916	-629.037935	35.236869	529.648084	25.125371	-247.273623	0.329008	406.505726	0.213142	-195.504000	0.000000	-40.395251	8.863361	-384.624000	0.000000	-1.976000	0.000000	65.896000	0.000000	123.875000	0.000000	-195.267000	0.000000	66.843000	0.000000	-115.378000	0.000000	-98.042000	0.000000	-51.739000	0.000000	-341.974000	0.000000	-119.067000	0.000000	81.684000	0.000000

2024-09-09	13:02:05	1725879725.803593	-43197.000728	-0.044311	-0.141039	-148.933830	291.849762	-204.486445	267.258081	187.453803	129.551253	127.265949	136.753673	-109.664008	125.792273	-123.207530	110.415657	-672.455678	32.688274	576.398677	35.168940	-247.448594	0.165529	406.335311	0.302090	-195.504000	0.000000	-34.087104	10.819136	-384.624000	0.000000	-1.976000	0.000000	65.896000	0.000000	123.875000	0.000000	-195.267000	0.000000	66.843000	0.000000	-115.378000	0.000000	-98.042000	0.000000	-51.739000	0.000000	-341.974000	0.000000	-119.067000	0.000000	81.684000	0.000000

2024-09-09	13:02:06	1725879726.804033	-43196.000288	-0.044311	-0.160902	-182.779152	248.476998	-182.506613	224.641377	142.636627	107.201298	159.561572	193.311827	-313.122130	76.408899	35.783886	82.412760	-734.698517	44.387884	636.804430	51.254404	-247.614328	0.249021	406.599016	0.246085	-195.504000	0.000000	-41.483794	14.337644	-384.624000	0.000000	-1.976000	0.000000	65.896000	0.000000	123.875000	0.000000	-195.267000	0.000000	66.843000	0.000000	-115.378000	0.000000	-98.042000	0.000000	-51.739000	0.000000	-341.974000	0.000000	-119.067000	0.000000	81.684000	0.000000

2024-09-09	13:02:07	1725879727.803439	-43195.000881	-0.044311	-0.160902	-318.604971	268.885256	-60.469884	243.870163	439.372354	384.541392	-184.379321	458.803215	-251.825162	255.957576	-25.383246	233.964582	-667.104195	48.462512	570.107013	37.103136	-246.893333	0.291124	406.590391	0.174095	-195.504000	0.000000	-39.362093	14.276718	-384.624000	0.000000	-1.976000	0.000000	65.896000	0.000000	123.875000	0.000000	-195.267000	0.000000	66.843000	0.000000	-115.378000	0.000000	-98.042000	0.000000	-51.739000	0.000000	-341.974000	0.000000	-119.067000	0.000000	81.684000	0.000000

2024-09-09	13:02:08	1725879728.803861	-43194.000459	-0.044311	-0.160902	-222.864015	281.873393	-129.205919	286.246559	108.779014	156.091292	197.467562	133.285457	-256.289924	135.899101	1.966854	144.537174	-689.989874	28.106785	596.969090	23.073545	-247.299142	0.219265	406.855727	0.147608	-195.504000	0.000000	-42.318733	11.744274	-384.624000	0.000000	-1.976000	0.000000	65.896000	0.000000	123.875000	0.000000	-195.267000	0.000000	66.843000	0.000000	-115.378000	0.000000	-98.042000	0.000000	-51.739000	0.000000	-341.974000	0.000000	-119.067000	0.000000	81.684000	0.000000

2024-09-09	13:02:09	1725879729.805284	-43192.999037	-0.044311	-0.160902	-21.687315	139.338477	-339.328217	154.852008	210.814499	123.765359	93.003099	116.931994	-213.860255	66.495718	-45.314884	99.071225	-668.220309	40.220977	566.361511	47.401080	-247.337228	0.097351	406.586554	0.185493	-195.504000	0.000000	-33.109127	10.176280	-384.624000	0.000000	-1.976000	0.000000	65.896000	0.000000	123.875000	0.000000	-195.267000	0.000000	66.843000	0.000000	-115.378000	0.000000	-98.042000	0.000000	-51.739000	0.000000	-341.974000	0.000000	-119.067000	0.000000	81.684000	0.000000

2024-09-09	13:02:10	1725879730.804707	-43191.999613	-0.044311	-0.160902	-178.887147	129.371613	-161.588950	142.410312	218.099001	209.900810	97.769390	194.157632	-223.672068	126.883014	-19.244893	114.211035	-613.746028	61.627526	519.484509	64.175514	-247.509436	0.147359	406.434264	0.338042	-195.504000	0.000000	-35.229033	6.320212	-384.624000	0.000000	-1.976000	0.000000	65.896000	0.000000	123.875000	0.000000	-195.267000	0.000000	66.843000	0.000000	-115.378000	0.000000	-98.042000	0.000000	-51.739000	0.000000	-341.974000	0.000000	-119.067000	0.000000	81.684000	0.000000

2024-09-09	13:02:11	1725879731.805130	-43190.999191	-0.044311	-0.160902	-99.404301	120.312403	-253.004892	98.430291	118.775160	55.566884	182.437462	81.044235	-175.081310	151.794413	-79.951081	140.882882	-661.500666	63.247782	562.220173	61.071285	-247.543845	0.345948	406.799068	0.206361	-195.504000	0.000000	-32.609361	17.690084	-384.624000	0.000000	-1.976000	0.000000	65.896000	0.000000	123.875000	0.000000	-195.267000	0.000000	66.843000	0.000000	-115.378000	0.000000	-98.042000	0.000000	-51.739000	0.000000	-341.974000	0.000000	-119.067000	0.000000	81.684000	0.000000

2024-09-09	13:02:12	1725879732.804554	-43189.999767	-0.044311	-0.160902	-330.857886	142.289296	-21.641449	134.769937	139.310792	104.257422	167.798599	140.742484	-304.340670	111.992309	46.098828	101.574984	-659.408664	57.864991	560.561541	53.744175	-247.238094	0.222393	406.286503	0.257899	-195.504000	0.000000	-40.020568	10.186260	-384.624000	0.000000	-1.976000	0.000000	65.896000	0.000000	123.875000	0.000000	-195.267000	0.000000	66.843000	0.000000	-115.378000	0.000000	-98.042000	0.000000	-51.739000	0.000000	-341.974000	0.000000	-119.067000	0.000000	81.684000	0.000000

2024-09-09	13:02:13	1725879733.804976	-43188.999344	-0.044311	-0.160902	-11.835787	217.871760	-366.983613	173.408861	52.264430	98.798891	248.979268	216.986838	-229.606678	111.970907	-32.761819	100.436541	-645.632252	91.003280	550.013006	83.514761	-247.259662	0.260222	406.589769	0.160584	-195.504000	0.000000	-36.916020	12.492892	-384.624000	0.000000	-1.976000	0.000000	65.896000	0.000000	123.875000	0.000000	-195.267000	0.000000	66.843000	0.000000	-115.378000	0.000000	-98.042000	0.000000	-51.739000	0.000000	-341.974000	0.000000	-119.067000	0.000000	81.684000	0.000000

2024-09-09	13:02:14	1725879734.804400	-43187.999920	-0.044311	-0.160902	-141.320265	181.697388	-194.336469	188.472235	396.943456	261.243178	-90.877945	245.239200	-188.022036	245.337185	-53.722639	221.321037	-664.954705	45.131577	566.786097	45.709186	-247.489608	0.183957	406.572315	0.328535	-195.504000	0.000000	-46.857678	11.306910	-384.624000	0.000000	-1.976000	0.000000	65.896000	0.000000	123.875000	0.000000	-195.267000	0.000000	66.843000	0.000000	-115.378000	0.000000	-98.042000	0.000000	-51.739000	0.000000	-341.974000	0.000000	-119.067000	0.000000	81.684000	0.000000

2024-09-09	13:02:15	1725879735.804823	-43186.999497	-0.044311	-0.160902	-217.210390	295.009768	-136.802442	315.234088	220.871849	156.911257	86.823755	173.265022	-223.650908	144.588552	-27.367757	167.918951	-687.313429	42.998410	589.956669	39.719798	-247.579629	0.184607	406.605467	0.161571	-195.504000	0.000000	-37.156631	11.189910	-384.624000	0.000000	-1.976000	0.000000	65.896000	0.000000	123.875000	0.000000	-195.267000	0.000000	66.843000	0.000000	-115.378000	0.000000	-98.042000	0.000000	-51.739000	0.000000	-341.974000	0.000000	-119.067000	0.000000	81.684000	0.000000

2024-09-09	13:02:16	1725879736.805245	-43185.999075	-0.044311	-0.160902	7.084030	132.171185	-365.366637	118.204359	29.620989	265.427189	269.862503	235.613669	-181.703381	111.301001	-79.335393	69.760910	-665.956727	63.928693	568.088136	60.471980	-247.593813	0.209345	406.753930	0.145545	-195.504000	0.000000	-40.997564	15.444043	-384.624000	0.000000	-1.976000	0.000000	65.896000	0.000000	123.875000	0.000000	-195.267000	0.000000	66.843000	0.000000	-115.378000	0.000000	-98.042000	0.000000	-51.739000	0.000000	-341.974000	0.000000	-119.067000	0.000000	81.684000	0.000000

2024-09-09	13:02:17	1725879737.804669	-43184.999651	-0.044311	-0.160902	-292.132100	184.080186	-60.175041	165.242512	111.833925	206.236185	196.177360	208.815083	-198.535066	119.793772	-50.634969	88.443441	-656.639690	46.220068	558.445975	44.456598	-247.421993	0.192131	406.663245	0.177684	-195.504000	0.000000	-35.862913	12.299922	-384.624000	0.000000	-1.976000	0.000000	65.896000	0.000000	123.875000	0.000000	-195.267000	0.000000	66.843000	0.000000	-115.378000	0.000000	-98.042000	0.000000	-51.739000	0.000000	-341.974000	0.000000	-119.067000	0.000000	81.684000	0.000000

2024-09-09	13:02:18	1725879738.805110	-43183.999210	-0.044311	-0.160902	-190.014263	276.227833	-162.262626	283.317692	236.841372	263.536868	58.389645	319.995154	-262.513777	77.867969	8.023609	60.343046	-650.620336	56.875894	553.541150	59.903337	-247.279206	0.157608	407.055507	0.225482	-195.504000	0.000000	-45.133695	10.770197	-384.624000	0.000000	-1.976000	0.000000	65.896000	0.000000	123.875000	0.000000	-195.267000	0.000000	66.843000	0.000000	-115.378000	0.000000	-98.042000	0.000000	-51.739000	0.000000	-341.974000	0.000000	-119.067000	0.000000	81.684000	0.000000

2024-09-09	13:02:19	1725879739.804514	-43182.999806	-0.044311	-0.160902	-27.348633	265.066289	-330.157776	233.438344	33.832672	228.365741	285.369889	196.650855	-206.733739	206.603424	-51.600448	198.282840	-684.960177	41.809979	585.931676	41.501929	-247.506397	0.187790	406.957805	0.259836	-195.504000	0.000000	-34.269492	13.532479	-384.624000	0.000000	-1.976000	0.000000	65.896000	0.000000	123.875000	0.000000	-195.267000	0.000000	66.843000	0.000000	-115.378000	0.000000	-98.042000	0.000000	-51.739000	0.000000	-341.974000	0.000000	-119.067000	0.000000	81.684000	0.000000

2024-09-09	13:02:20	1725879740.804938	-43181.999382	-0.044311	-0.160902	-101.212558	265.260454	-252.915626	296.601294	180.344032	62.521959	109.750548	133.379348	-208.554908	169.594616	-63.086225	133.038595	-626.745356	24.159825	527.924063	28.692001	-247.604014	0.136738	407.165776	0.207144	-195.504000	0.000000	-33.785633	9.386111	-384.624000	0.000000	-1.976000	0.000000	65.896000	0.000000	123.875000	0.000000	-195.267000	0.000000	66.843000	0.000000	-115.378000	0.000000	-98.042000	0.000000	-51.739000	0.000000	-341.974000	0.000000	-119.067000	0.000000	81.684000	0.000000

2024-09-09	13:02:21	1725879741.804367	-43180.999953	-0.044311	-0.147661	-244.416310	170.264464	-109.259384	156.869805	255.304595	136.683462	59.864512	96.247780	-239.055345	172.205206	-4.854470	173.898988	-724.199632	52.891115	624.130038	53.931469	-247.790335	0.307241	406.803595	0.222672	-195.504000	0.000000	-36.982251	11.902336	-384.624000	0.000000	-1.976000	0.000000	65.896000	0.000000	123.875000	0.000000	-195.267000	0.000000	66.843000	0.000000	-115.378000	0.000000	-98.042000	0.000000	-51.739000	0.000000	-341.974000	0.000000	-119.067000	0.000000	81.684000	0.000000

2024-09-09	13:02:22	1725879742.804790	-43179.999531	-0.044311	-0.147661	-304.413317	286.138942	-35.744788	265.943765	82.995386	204.308634	231.129589	275.195318	-167.319915	80.810801	-81.927127	82.422146	-638.284071	73.398808	541.835742	72.495676	-247.664693	0.299046	406.800118	0.254299	-195.504000	0.000000	-37.626525	10.190755	-384.624000	0.000000	-1.976000	0.000000	65.896000	0.000000	123.875000	0.000000	-195.267000	0.000000	66.843000	0.000000	-115.378000	0.000000	-98.042000	0.000000	-51.739000	0.000000	-341.974000	0.000000	-119.067000	0.000000	81.684000	0.000000

2024-09-09	13:02:23	1725879743.805212	-43178.999108	-0.044311	-0.147661	-35.412953	129.236960	-327.282153	115.480708	238.000211	161.704836	62.865030	215.540089	-259.660962	71.354768	-0.105080	96.231857	-674.539802	75.549312	573.103001	66.383060	-247.389679	0.261734	406.860708	0.184772	-195.504000	0.000000	-44.036933	11.209124	-384.624000	0.000000	-1.976000	0.000000	65.896000	0.000000	123.875000	0.000000	-195.267000	0.000000	66.843000	0.000000	-115.378000	0.000000	-98.042000	0.000000	-51.739000	0.000000	-341.974000	0.000000	-119.067000	0.000000	81.684000	0.000000

2024-09-09	13:02:24	1725879744.804654	-43177.999666	-0.044311	-0.147661	-294.250440	109.781019	-74.432833	76.557442	227.094493	242.474104	71.588232	284.371931	-222.857096	71.751468	-38.151258	92.905093	-670.166649	29.605994	573.749984	29.043139	-247.580564	0.175075	407.082373	0.287891	-195.504000	0.000000	-34.032236	9.751695	-384.624000	0.000000	-1.976000	0.000000	65.896000	0.000000	123.875000	0.000000	-195.267000	0.000000	66.843000	0.000000	-115.378000	0.000000	-98.042000	0.000000	-51.739000	0.000000	-341.974000	0.000000	-119.067000	0.000000	81.684000	0.000000

2024-09-09	13:02:25	1725879745.805059	-43176.999261	-0.044311	-0.147661	153.895628	373.274337	-498.672620	359.499353	124.068035	168.918480	209.387077	206.594322	-222.145871	156.437396	-22.082048	137.312262	-695.278916	38.994821	598.611333	39.232243	-247.250056	0.104050	406.645903	0.184261	-195.504000	0.000000	-46.318626	6.488494	-384.624000	0.000000	-1.976000	0.000000	65.896000	0.000000	123.875000	0.000000	-195.267000	0.000000	66.843000	0.000000	-115.378000	0.000000	-98.042000	0.000000	-51.739000	0.000000	-341.974000	0.000000	-119.067000	0.000000	81.684000	0.000000

2024-09-09	13:02:26	1725879746.804492	-43175.999828	-0.044311	-0.147661	-310.660026	383.476739	-47.199815	397.423658	65.442942	147.012362	229.813161	174.397861	-157.906181	172.873975	-114.524389	173.049337	-654.894790	40.591281	552.968565	37.480097	-247.152870	0.110697	407.254621	0.293807	-195.504000	0.000000	-47.359821	7.219999	-384.624000	0.000000	-1.976000	0.000000	65.896000	0.000000	123.875000	0.000000	-195.267000	0.000000	66.843000	0.000000	-115.378000	0.000000	-98.042000	0.000000	-51.739000	0.000000	-341.974000	0.000000	-119.067000	0.000000	81.684000	0.000000

2024-09-09	13:02:27	1725879747.804915	-43174.999405	-0.044311	-0.147661	-126.290966	108.505818	-221.730030	92.232607	176.873220	175.245792	152.691466	217.511152	-299.776938	146.641207	59.192073	158.465363	-646.224045	41.179300	552.196227	33.080221	-247.297369	0.138011	406.912429	0.203670	-195.504000	0.000000	-39.155476	8.410313	-384.624000	0.000000	-1.976000	0.000000	65.896000	0.000000	123.875000	0.000000	-195.267000	0.000000	66.843000	0.000000	-115.378000	0.000000	-98.042000	0.000000	-51.739000	0.000000	-341.974000	0.000000	-119.067000	0.000000	81.684000	0.000000

2024-09-09	13:02:28	1725879748.804339	-43173.999981	-0.044311	-0.147661	-377.090204	263.002950	16.141237	256.135408	69.680048	155.837685	229.803062	122.059552	-189.367320	121.185434	-75.611754	107.960857	-632.460877	26.273972	530.229975	32.880183	-247.421974	0.330210	406.650450	0.216777	-195.504000	0.000000	-33.198307	12.550908	-384.624000	0.000000	-1.976000	0.000000	65.896000	0.000000	123.875000	0.000000	-195.267000	0.000000	66.843000	0.000000	-115.378000	0.000000	-98.042000	0.000000	-51.739000	0.000000	-341.974000	0.000000	-119.067000	0.000000	81.684000	0.000000

2024-09-09	13:02:29	1725879749.804762	-43172.999558	-0.044311	-0.147661	-78.372431	137.337359	-281.001897	137.197654	117.264303	209.071963	185.147986	251.341686	-223.767827	135.085424	-25.325680	139.025538	-661.042646	43.227148	563.326992	49.749923	-247.740047	0.227788	406.909399	0.227904	-195.504000	0.000000	-21.030897	9.669771	-384.624000	0.000000	-1.976000	0.000000	65.896000	0.000000	123.875000	0.000000	-195.267000	0.000000	66.843000	0.000000	-115.378000	0.000000	-98.042000	0.000000	-51.739000	0.000000	-341.974000	0.000000	-119.067000	0.000000	81.684000	0.000000

2024-09-09	13:02:30	1725879750.805184	-43171.999136	-0.044311	-0.147661	-52.693508	171.625604	-308.955449	197.403625	228.540207	165.402383	76.905213	175.730451	-285.876284	148.408976	26.669616	149.457738	-691.687051	90.136588	597.084645	90.566946	-247.641031	0.223870	407.422771	0.159454	-195.504000	0.000000	-38.216136	9.748526	-384.624000	0.000000	-1.976000	0.000000	65.896000	0.000000	123.875000	0.000000	-195.267000	0.000000	66.843000	0.000000	-115.378000	0.000000	-98.042000	0.000000	-51.739000	0.000000	-341.974000	0.000000	-119.067000	0.000000	81.684000	0.000000

2024-09-09	13:02:31	1725879751.804608	-43170.999712	-0.044311	-0.147661	-224.113284	203.433480	-105.131460	229.383246	216.489081	152.413048	120.696689	110.534344	-222.344155	171.075752	-11.772630	160.191707	-671.816370	64.501708	579.031241	60.392173	-247.888286	0.199304	406.970856	0.231553	-195.504000	0.000000	-35.986253	8.649274	-384.624000	0.000000	-1.976000	0.000000	65.896000	0.000000	123.875000	0.000000	-195.267000	0.000000	66.843000	0.000000	-115.378000	0.000000	-98.042000	0.000000	-51.739000	0.000000	-341.974000	0.000000	-119.067000	0.000000	81.684000	0.000000

2024-09-09	13:02:32	1725879752.805031	-43169.999290	-0.044311	-0.147661	-100.342359	146.565139	-269.631499	146.292412	79.565008	86.061041	175.318959	90.236853	-208.073373	158.059093	-68.909709	193.901497	-664.798118	44.066092	561.530118	50.298999	-247.755805	0.198090	406.762628	0.137669	-195.504000	0.000000	-43.100473	7.837578	-384.624000	0.000000	-1.976000	0.000000	65.896000	0.000000	123.875000	0.000000	-195.267000	0.000000	66.843000	0.000000	-115.378000	0.000000	-98.042000	0.000000	-51.739000	0.000000	-341.974000	0.000000	-119.067000	0.000000	81.684000	0.000000

2024-09-09	13:02:33	1725879753.804454	-43168.999866	-0.044311	-0.147661	-46.433486	329.330078	-307.923870	323.154279	231.148891	134.089766	71.518992	144.350524	-238.285751	134.109662	-15.140859	150.433886	-652.061417	58.297669	553.658639	48.523997	-247.573917	0.281455	406.857804	0.200567	-195.504000	0.000000	-28.808143	9.292466	-384.624000	0.000000	-1.976000	0.000000	65.896000	0.000000	123.875000	0.000000	-195.267000	0.000000	66.843000	0.000000	-115.378000	0.000000	-98.042000	0.000000	-51.739000	0.000000	-341.974000	0.000000	-119.067000	0.000000	81.684000	0.000000

2024-09-09	13:02:34	1725879754.804877	-43167.999444	-0.044311	-0.147661	-483.494222	187.753792	127.739276	147.504552	86.625105	164.220297	229.484136	143.203223	-298.950139	112.076303	46.535166	147.596879	-665.677723	54.021995	568.461282	44.917644	-247.636504	0.196248	406.680799	0.219357	-195.504000	0.000000	-27.006494	12.489237	-384.624000	0.000000	-1.976000	0.000000	65.896000	0.000000	123.875000	0.000000	-195.267000	0.000000	66.843000	0.000000	-115.378000	0.000000	-98.042000	0.000000	-51.739000	0.000000	-341.974000	0.000000	-119.067000	0.000000	81.684000	0.000000

2024-09-09	13:02:35	1725879755.805318	-43166.999002	-0.044311	-0.147661	-64.877040	239.218058	-265.144435	177.300102	185.871017	179.906129	142.459039	206.745477	-197.643710	49.921865	-52.773998	57.151502	-656.613138	43.762608	562.420616	33.883291	-247.741939	0.334974	406.586134	0.257546	-195.504000	0.000000	-30.770911	6.651159	-384.624000	0.000000	-1.976000	0.000000	65.896000	0.000000	123.875000	0.000000	-195.267000	0.000000	66.843000	0.000000	-115.378000	0.000000	-98.042000	0.000000	-51.739000	0.000000	-341.974000	0.000000	-119.067000	0.000000	81.684000	0.000000

2024-09-09	13:02:36	1725879756.804723	-43165.999597	-0.044311	-0.147661	-129.095729	280.489619	-231.558811	242.879112	215.033415	234.221677	103.476873	277.166841	-181.699380	76.866274	-71.030697	56.127088	-636.099691	47.027516	535.840076	49.556475	-247.706152	0.195667	406.902622	0.213431	-195.504000	0.000000	-42.918465	5.479959	-384.624000	0.000000	-1.976000	0.000000	65.896000	0.000000	123.875000	0.000000	-195.267000	0.000000	66.843000	0.000000	-115.378000	0.000000	-98.042000	0.000000	-51.739000	0.000000	-341.974000	0.000000	-119.067000	0.000000	81.684000	0.000000

2024-09-09	13:02:37	1725879757.805158	-43164.999162	-0.044311	-0.160902	-237.004885	219.052949	-132.514568	223.399273	94.549278	107.452533	188.946301	108.555123	-228.026210	51.829821	-37.108540	57.402296	-646.869506	74.570211	547.741176	73.982216	-247.866808	0.258336	406.700617	0.136415	-195.504000	0.000000	-28.047331	8.524238	-384.624000	0.000000	-1.976000	0.000000	65.896000	0.000000	123.875000	0.000000	-195.267000	0.000000	66.843000	0.000000	-115.378000	0.000000	-98.042000	0.000000	-51.739000	0.000000	-341.974000	0.000000	-119.067000	0.000000	81.684000	0.000000

2024-09-09	13:02:38	1725879758.804581	-43163.999739	-0.044311	-0.160902	-99.648040	256.631530	-234.192617	232.876273	123.634761	202.390174	192.113532	202.203521	-254.033091	45.754274	15.696399	35.095169	-663.525017	46.224356	566.941153	43.630876	-247.322548	0.250796	406.716874	0.178708	-195.504000	0.000000	-22.918527	7.893567	-384.624000	0.000000	-1.976000	0.000000	65.896000	0.000000	123.875000	0.000000	-195.267000	0.000000	66.843000	0.000000	-115.378000	0.000000	-98.042000	0.000000	-51.739000	0.000000	-341.974000	0.000000	-119.067000	0.000000	81.684000	0.000000

2024-09-09	13:02:39	1725879759.805004	-43162.999316	-0.044311	-0.160902	-222.778692	146.137333	-144.249815	185.746939	177.592654	143.236649	114.567667	136.572295	-197.550217	221.000922	-75.096102	243.222724	-712.126145	21.611743	614.860333	26.264165	-247.464498	0.199258	406.973447	0.237604	-195.504000	0.000000	-30.654029	9.508435	-384.624000	0.000000	-1.976000	0.000000	65.896000	0.000000	123.875000	0.000000	-195.267000	0.000000	66.843000	0.000000	-115.378000	0.000000	-98.042000	0.000000	-51.739000	0.000000	-341.974000	0.000000	-119.067000	0.000000	81.684000	0.000000

2024-09-09	13:02:40	1725879760.804427	-43161.999893	-0.044311	-0.160902	-136.192327	248.681280	-203.485355	222.825924	295.214293	203.735172	6.436417	259.922907	-241.400410	140.538546	-2.500711	127.067140	-625.292562	33.752723	526.950471	38.087124	-247.705159	0.225576	406.840498	0.185800	-195.504000	0.000000	-27.805706	7.490455	-384.624000	0.000000	-1.976000	0.000000	65.896000	0.000000	123.875000	0.000000	-195.267000	0.000000	66.843000	0.000000	-115.378000	0.000000	-98.042000	0.000000	-51.739000	0.000000	-341.974000	0.000000	-119.067000	0.000000	81.684000	0.000000

2024-09-09	13:02:41	1725879761.804851	-43160.999470	-0.044311	-0.160902	-116.642652	256.631777	-252.707654	256.868115	6.311392	135.393101	308.845081	138.059534	-194.948110	112.294381	-61.325171	81.194918	-639.871295	44.776987	540.327043	34.845980	-247.458886	0.172593	406.667377	0.207183	-195.504000	0.000000	-39.185879	9.866877	-384.624000	0.000000	-1.976000	0.000000	65.896000	0.000000	123.875000	0.000000	-195.267000	0.000000	66.843000	0.000000	-115.378000	0.000000	-98.042000	0.000000	-51.739000	0.000000	-341.974000	0.000000	-119.067000	0.000000	81.684000	0.000000

2024-09-09	13:02:42	1725879762.806273	-43159.998047	-0.044311	-0.160902	-151.281075	269.720765	-194.957921	287.269571	139.535339	174.504381	180.721001	167.991836	-278.854588	61.120872	24.764612	43.619006	-663.920525	50.172025	570.467879	45.920048	-247.558543	0.158657	406.765510	0.147049	-195.504000	0.000000	-33.721438	10.459820	-384.624000	0.000000	-1.976000	0.000000	65.896000	0.000000	123.875000	0.000000	-195.267000	0.000000	66.843000	0.000000	-115.378000	0.000000	-98.042000	0.000000	-51.739000	0.000000	-341.974000	0.000000	-119.067000	0.000000	81.684000	0.000000

2024-09-09	13:02:43	1725879763.805696	-43158.998624	-0.044311	-0.160902	-152.112779	189.593981	-216.007903	158.560621	205.817431	195.277038	83.725369	202.246681	-167.541372	51.937630	-91.283572	52.159212	-684.063845	77.522509	582.683495	75.517647	-247.590076	0.179287	406.505543	0.139658	-195.504000	0.000000	-30.586485	8.363259	-384.624000	0.000000	-1.976000	0.000000	65.896000	0.000000	123.875000	0.000000	-195.267000	0.000000	66.843000	0.000000	-115.378000	0.000000	-98.042000	0.000000	-51.739000	0.000000	-341.974000	0.000000	-119.067000	0.000000	81.684000	0.000000

2024-09-09	13:02:44	1725879764.806118	-43157.998202	-0.044311	-0.141039	-313.794078	220.810936	-23.153713	209.073827	175.461361	164.614353	147.838636	182.144607	-278.268630	96.957168	33.420157	103.617002	-648.604950	48.395281	553.670550	45.870697	-247.832107	0.163314	406.673794	0.176108	-195.504000	0.000000	-30.433137	12.029097	-384.624000	0.000000	-1.976000	0.000000	65.896000	0.000000	123.875000	0.000000	-195.267000	0.000000	66.843000	0.000000	-115.378000	0.000000	-98.042000	0.000000	-51.739000	0.000000	-341.974000	0.000000	-119.067000	0.000000	81.684000	0.000000

2024-09-09	13:02:45	1725879765.805542	-43156.998778	-0.044311	-0.141039	-108.503585	195.621366	-252.754447	187.794182	159.616167	137.567738	151.510263	135.479377	-271.533552	119.246643	23.512088	101.437888	-649.833328	72.761565	554.764595	73.218834	-247.709232	0.238360	406.623077	0.117380	-195.504000	0.000000	-39.530015	9.669206	-384.624000	0.000000	-1.976000	0.000000	65.896000	0.000000	123.875000	0.000000	-195.267000	0.000000	66.843000	0.000000	-115.378000	0.000000	-98.042000	0.000000	-51.739000	0.000000	-341.974000	0.000000	-119.067000	0.000000	81.684000	0.000000

2024-09-09	13:02:46	1725879766.805965	-43155.998355	-0.044311	-0.141039	-119.786555	166.242192	-234.251339	145.201531	142.461554	119.403596	162.304561	172.851152	-144.752960	134.616735	-116.866497	144.179543	-629.129036	71.518097	530.040707	61.256319	-247.862659	0.155460	406.602639	0.162170	-195.504000	0.000000	-30.501241	9.895830	-384.624000	0.000000	-1.976000	0.000000	65.896000	0.000000	123.875000	0.000000	-195.267000	0.000000	66.843000	0.000000	-115.378000	0.000000	-98.042000	0.000000	-51.739000	0.000000	-341.974000	0.000000	-119.067000	0.000000	81.684000	0.000000

2024-09-09	13:02:47	1725879767.805389	-43154.998931	-0.044311	-0.141039	-124.017218	185.409561	-230.602796	167.430242	191.148057	210.945587	108.435040	199.311026	-240.377498	117.083312	-4.965543	142.163201	-682.926546	40.464736	581.158253	40.236113	-247.657149	0.192398	406.684056	0.230473	-195.504000	0.000000	-29.677431	12.603466	-384.624000	0.000000	-1.976000	0.000000	65.896000	0.000000	123.875000	0.000000	-195.267000	0.000000	66.843000	0.000000	-115.378000	0.000000	-98.042000	0.000000	-51.739000	0.000000	-341.974000	0.000000	-119.067000	0.000000	81.684000	0.000000

2024-09-09	13:02:48	1725879768.805811	-43153.998509	-0.044311	-0.141039	-37.635860	115.359814	-318.468921	101.563514	208.038376	171.109452	94.667263	170.226983	-197.413461	102.214523	-67.336624	112.177609	-672.028148	44.580221	572.545514	44.278174	-247.693018	0.298160	406.542860	0.175255	-195.504000	0.000000	-44.073086	16.977216	-384.624000	0.000000	-1.976000	0.000000	65.896000	0.000000	123.875000	0.000000	-195.267000	0.000000	66.843000	0.000000	-115.378000	0.000000	-98.042000	0.000000	-51.739000	0.000000	-341.974000	0.000000	-119.067000	0.000000	81.684000	0.000000

2024-09-09	13:02:49	1725879769.806234	-43152.998086	-0.044311	-0.141039	-83.787638	210.133204	-266.751754	232.120625	178.050997	145.911451	122.656691	201.169303	-303.735759	96.304248	52.945003	60.726153	-650.304500	64.970640	552.423428	59.565793	-247.784812	0.168093	406.793570	0.242956	-195.504000	0.000000	-35.421071	13.492769	-384.624000	0.000000	-1.976000	0.000000	65.896000	0.000000	123.875000	0.000000	-195.267000	0.000000	66.843000	0.000000	-115.378000	0.000000	-98.042000	0.000000	-51.739000	0.000000	-341.974000	0.000000	-119.067000	0.000000	81.684000	0.000000

2024-09-09	13:02:50	1725879770.805657	-43151.998663	-0.044311	-0.141039	-202.322510	425.653776	-143.587284	426.131438	92.728248	118.383442	224.847756	131.241400	-232.393129	73.927933	-16.720531	76.985195	-625.705201	36.315956	524.035762	25.905107	-247.627141	0.215063	406.794944	0.299876	-195.504000	0.000000	-30.911193	8.011502	-384.624000	0.000000	-1.976000	0.000000	65.896000	0.000000	123.875000	0.000000	-195.267000	0.000000	66.843000	0.000000	-115.378000	0.000000	-98.042000	0.000000	-51.739000	0.000000	-341.974000	0.000000	-119.067000	0.000000	81.684000	0.000000

2024-09-09	13:02:51	1725879771.806080	-43150.998240	-0.044311	-0.141039	-474.721438	184.838749	127.976166	189.342232	192.164450	224.997636	96.683862	208.430324	-219.750676	67.951224	-25.404529	53.841571	-637.548344	39.833426	539.856259	38.194497	-247.819733	0.169298	407.125735	0.177585	-195.504000	0.000000	-38.338055	12.158403	-384.624000	0.000000	-1.976000	0.000000	65.896000	0.000000	123.875000	0.000000	-195.267000	0.000000	66.843000	0.000000	-115.378000	0.000000	-98.042000	0.000000	-51.739000	0.000000	-341.974000	0.000000	-119.067000	0.000000	81.684000	0.000000

2024-09-09	13:02:52	1725879772.805503	-43149.998817	-0.044311	-0.141039	-19.594850	255.777293	-336.488382	262.394506	222.927569	71.015567	98.626602	85.419886	-291.199472	111.022483	20.973690	94.254250	-693.225873	47.561018	598.237757	41.479243	-247.872213	0.131733	407.032705	0.228750	-195.504000	0.000000	-29.085544	16.252918	-384.624000	0.000000	-1.976000	0.000000	65.896000	0.000000	123.875000	0.000000	-195.267000	0.000000	66.843000	0.000000	-115.378000	0.000000	-98.042000	0.000000	-51.739000	0.000000	-341.974000	0.000000	-119.067000	0.000000	81.684000	0.000000

2024-09-09	13:02:53	1725879773.805578	-43148.998742	-0.044311	-0.160902	-48.281461	497.800716	-290.395910	465.432277	125.706572	155.862156	181.464344	150.830635	-184.651821	119.462992	-53.875647	112.674388	-639.916351	50.233934	543.692462	54.804873	-247.478010	0.189402	406.990981	0.144869	-195.504000	0.000000	-36.273885	11.183461	-384.624000	0.000000	-1.976000	0.000000	65.896000	0.000000	123.875000	0.000000	-195.267000	0.000000	66.843000	0.000000	-115.378000	0.000000	-98.042000	0.000000	-51.739000	0.000000	-341.974000	0.000000	-119.067000	0.000000	81.684000	0.000000

2024-09-09	13:02:54	1725879774.806001	-43147.998319	-0.044311	-0.160902	-150.849996	288.495449	-212.392544	260.128193	138.065337	239.040998	180.018173	230.824247	-247.790139	158.120719	-18.216348	149.135901	-684.504366	23.708950	585.894907	19.112756	-247.545174	0.210076	406.724753	0.196586	-195.504000	0.000000	-29.614680	6.397069	-384.624000	0.000000	-1.976000	0.000000	65.896000	0.000000	123.875000	0.000000	-195.267000	0.000000	66.843000	0.000000	-115.378000	0.000000	-98.042000	0.000000	-51.739000	0.000000	-341.974000	0.000000	-119.067000	0.000000	81.684000	0.000000

2024-09-09	13:02:55	1725879775.805425	-43146.998896	-0.044311	-0.160902	-181.795721	202.937031	-171.123744	176.175482	193.660120	150.522157	89.418155	182.727596	-190.796955	102.904011	-49.489978	93.086206	-687.751678	104.375366	592.163674	96.895593	-247.735044	0.225727	406.398048	0.225401	-195.504000	0.000000	-44.044325	7.619610	-384.624000	0.000000	-1.976000	0.000000	65.896000	0.000000	123.875000	0.000000	-195.267000	0.000000	66.843000	0.000000	-115.378000	0.000000	-98.042000	0.000000	-51.739000	0.000000	-341.974000	0.000000	-119.067000	0.000000	81.684000	0.000000

2024-09-09	13:02:56	1725879776.820839	-43145.983481	-0.044311	-0.160902	-12.537940	248.226479	-352.918590	248.377317	146.854110	61.865748	158.487096	105.092301	-252.389434	82.001912	-7.369667	110.775885	-639.233916	23.236041	541.667362	19.537617	-247.559457	0.208662	407.021580	0.162029	-195.504000	0.000000	-43.712437	7.234595	-384.624000	0.000000	-1.976000	0.000000	65.896000	0.000000	123.875000	0.000000	-195.267000	0.000000	66.843000	0.000000	-115.378000	0.000000	-98.042000	0.000000	-51.739000	0.000000	-341.974000	0.000000	-119.067000	0.000000	81.684000	0.000000

2024-09-09	13:02:57	1725879777.819275	-43144.985045	-0.044311	-0.160902	15.590713	150.519966	-371.398633	140.613201	176.763592	140.089368	149.721804	146.604883	-191.624704	113.402034	-63.841439	117.876282	-680.520731	85.099173	585.209292	85.195954	-247.766010	0.281897	406.804781	0.334332	-195.504000	0.000000	-34.245208	6.618642	-384.624000	0.000000	-1.976000	0.000000	65.896000	0.000000	123.875000	0.000000	-195.267000	0.000000	66.843000	0.000000	-115.378000	0.000000	-98.042000	0.000000	-51.739000	0.000000	-341.974000	0.000000	-119.067000	0.000000	81.684000	0.000000

2024-09-09	13:02:58	1725879778.818686	-43143.985634	-0.044311	-0.160902	-184.858965	108.427947	-182.620451	100.825407	83.952401	104.724708	209.752135	99.672177	-272.914535	133.212886	8.446967	163.612663	-663.138397	46.797193	565.525710	49.726932	-247.678428	0.189265	406.577731	0.169031	-195.504000	0.000000	-30.564477	10.393171	-384.624000	0.000000	-1.976000	0.000000	65.896000	0.000000	123.875000	0.000000	-195.267000	0.000000	66.843000	0.000000	-115.378000	0.000000	-98.042000	0.000000	-51.739000	0.000000	-341.974000	0.000000	-119.067000	0.000000	81.684000	0.000000

2024-09-09	13:02:59	1725879779.819108	-43142.985212	-0.044311	-0.160902	-253.765818	457.820487	-87.680968	472.043063	344.009028	139.962353	-17.469341	167.806655	-211.163504	49.876205	-29.928391	80.294315	-615.342141	62.582407	516.629401	62.449913	-247.446642	0.168485	406.392454	0.148717	-195.504000	0.000000	-32.100687	11.350529	-384.624000	0.000000	-1.976000	0.000000	65.896000	0.000000	123.875000	0.000000	-195.267000	0.000000	66.843000	0.000000	-115.378000	0.000000	-98.042000	0.000000	-51.739000	0.000000	-341.974000	0.000000	-119.067000	0.000000	81.684000	0.000000

2024-09-09	13:03:00	1725879780.818550	-43141.985771	-0.044311	-0.154283	-218.066920	215.997511	-124.115485	226.027909	144.649975	162.039617	161.998500	199.646110	-191.791665	85.769236	-65.027710	97.380121	-688.581726	73.582637	589.474755	68.664104	-247.233646	0.145537	406.537659	0.263081	-195.504000	0.000000	-23.734676	8.446937	-384.624000	0.000000	-1.976000	0.000000	65.896000	0.000000	123.875000	0.000000	-195.267000	0.000000	66.843000	0.000000	-115.378000	0.000000	-98.042000	0.000000	-51.739000	0.000000	-341.974000	0.000000	-119.067000	0.000000	81.684000	0.000000

2024-09-09	13:03:01	1725879781.818955	-43140.985365	-0.044311	-0.154283	-24.307889	272.057972	-364.202416	245.743532	23.506495	197.907542	287.489295	160.223959	-221.536506	197.210239	-59.878072	148.036414	-674.814302	69.785565	576.030268	76.384500	-247.289071	0.157803	406.587663	0.122459	-195.504000	0.000000	-39.625072	13.371584	-384.624000	0.000000	-1.976000	0.000000	65.896000	0.000000	123.875000	0.000000	-195.267000	0.000000	66.843000	0.000000	-115.378000	0.000000	-98.042000	0.000000	-51.739000	0.000000	-341.974000	0.000000	-119.067000	0.000000	81.684000	0.000000

2024-09-09	13:03:02	1725879782.818378	-43139.985942	-0.044311	-0.154283	-545.693607	239.875355	189.389514	248.842473	69.932079	213.624970	228.472913	236.054898	-251.170153	230.023085	2.590511	170.153874	-658.546082	35.989448	562.064750	44.322668	-247.634094	0.103423	406.424611	0.171770	-195.504000	0.000000	-33.247834	10.483548	-384.624000	0.000000	-1.976000	0.000000	65.896000	0.000000	123.875000	0.000000	-195.267000	0.000000	66.843000	0.000000	-115.378000	0.000000	-98.042000	0.000000	-51.739000	0.000000	-341.974000	0.000000	-119.067000	0.000000	81.684000	0.000000

2024-09-09	13:03:03	1725879783.818802	-43138.985518	-0.044311	-0.154283	7.847475	195.008827	-342.185926	195.269043	172.345632	158.285371	157.852764	200.161112	-172.165605	98.595208	-63.921928	78.114683	-659.419593	75.350438	562.527532	77.274363	-247.664294	0.162611	406.180027	0.194822	-195.504000	0.000000	-29.302093	9.368107	-384.624000	0.000000	-1.976000	0.000000	65.896000	0.000000	123.875000	0.000000	-195.267000	0.000000	66.843000	0.000000	-115.378000	0.000000	-98.042000	0.000000	-51.739000	0.000000	-341.974000	0.000000	-119.067000	0.000000	81.684000	0.000000

2024-09-09	13:03:04	1725879784.819224	-43137.985096	-0.044311	-0.154283	-48.989041	114.723598	-301.827487	144.618366	153.279858	171.156080	166.252842	200.158751	-240.799053	148.671171	-5.770636	130.863036	-669.482044	66.242762	571.970874	72.842646	-247.499363	0.289446	406.167991	0.231927	-195.504000	0.000000	-37.494134	10.244716	-384.624000	0.000000	-1.976000	0.000000	65.896000	0.000000	123.875000	0.000000	-195.267000	0.000000	66.843000	0.000000	-115.378000	0.000000	-98.042000	0.000000	-51.739000	0.000000	-341.974000	0.000000	-119.067000	0.000000	81.684000	0.000000

2024-09-09	13:03:05	1725879785.818647	-43136.985673	-0.044311	-0.154283	-129.234413	305.688964	-233.929680	298.878491	123.082732	80.677316	157.714934	79.324554	-286.143794	98.568105	15.561151	95.494063	-661.064935	20.144943	556.521578	17.139552	-247.650175	0.168132	406.270404	0.245607	-195.504000	0.000000	-39.082871	12.674416	-384.624000	0.000000	-1.976000	0.000000	65.896000	0.000000	123.875000	0.000000	-195.267000	0.000000	66.843000	0.000000	-115.378000	0.000000	-98.042000	0.000000	-51.739000	0.000000	-341.974000	0.000000	-119.067000	0.000000	81.684000	0.000000

2024-09-09	13:03:06	1725879786.819071	-43135.985250	-0.044311	-0.154283	-232.072306	292.593555	-124.718829	248.686709	146.665987	83.929842	156.290426	79.119793	-173.901901	75.947649	-77.166969	73.468458	-683.436113	44.707429	586.668553	50.758656	-247.588610	0.250012	406.365026	0.268546	-195.504000	0.000000	-35.331956	8.082038	-384.624000	0.000000	-1.976000	0.000000	65.896000	0.000000	123.875000	0.000000	-195.267000	0.000000	66.843000	0.000000	-115.378000	0.000000	-98.042000	0.000000	-51.739000	0.000000	-341.974000	0.000000	-119.067000	0.000000	81.684000	0.000000

2024-09-09	13:03:07	1725879787.818493	-43134.985827	-0.044311	-0.154283	-275.223087	443.769948	-53.428421	471.620863	132.738474	83.855663	180.755431	124.074435	-288.919614	89.193152	44.158920	64.985934	-653.728189	28.804010	556.723192	25.462868	-247.628992	0.168493	406.407101	0.223971	-195.504000	0.000000	-25.928954	10.922054	-384.624000	0.000000	-1.976000	0.000000	65.896000	0.000000	123.875000	0.000000	-195.267000	0.000000	66.843000	0.000000	-115.378000	0.000000	-98.042000	0.000000	-51.739000	0.000000	-341.974000	0.000000	-119.067000	0.000000	81.684000	0.000000

2024-09-09	13:03:08	1725879788.818917	-43133.985403	-0.044311	-0.134420	-96.028951	153.041282	-276.401667	155.636656	51.827370	136.397189	243.439855	124.312550	-207.709816	66.797794	-61.704358	71.378188	-685.008234	57.530765	587.587364	54.159643	-247.682975	0.203168	406.341471	0.336511	-195.504000	0.000000	-37.459653	11.346342	-384.624000	0.000000	-1.976000	0.000000	65.896000	0.000000	123.875000	0.000000	-195.267000	0.000000	66.843000	0.000000	-115.378000	0.000000	-98.042000	0.000000	-51.739000	0.000000	-341.974000	0.000000	-119.067000	0.000000	81.684000	0.000000

2024-09-09	13:03:09	1725879789.818679	-43132.985641	-0.044311	-0.134420	-110.931136	111.501141	-255.798043	106.561237	220.170552	203.074751	76.195366	177.727260	-271.944088	80.450598	20.147851	88.611758	-669.523559	53.971247	569.413794	53.066364	-247.349157	0.200570	406.445993	0.373741	-195.504000	0.000000	-37.934650	11.488530	-384.624000	0.000000	-1.976000	0.000000	65.896000	0.000000	123.875000	0.000000	-195.267000	0.000000	66.843000	0.000000	-115.378000	0.000000	-98.042000	0.000000	-51.739000	0.000000	-341.974000	0.000000	-119.067000	0.000000	81.684000	0.000000

2024-09-09	13:03:10	1725879790.819103	-43131.985218	-0.044311	-0.134420	-134.970259	200.001995	-196.818379	176.279504	169.309717	189.258559	151.111368	185.795014	-248.210033	152.848006	2.682219	117.135200	-634.046123	62.434036	538.752025	73.571247	-247.138893	0.096350	405.984646	0.196181	-195.504000	0.000000	-30.814564	12.721276	-384.624000	0.000000	-1.976000	0.000000	65.896000	0.000000	123.875000	0.000000	-195.267000	0.000000	66.843000	0.000000	-115.378000	0.000000	-98.042000	0.000000	-51.739000	0.000000	-341.974000	0.000000	-119.067000	0.000000	81.684000	0.000000

2024-09-09	13:03:11	1725879791.818544	-43130.985776	-0.044311	-0.134420	-146.212589	215.420392	-227.013747	217.995460	149.826196	129.984775	133.946893	115.208494	-191.370942	55.287904	-77.925156	68.337032	-666.246220	24.710089	565.612150	29.342952	-247.520433	0.213370	406.153267	0.175099	-195.504000	0.000000	-40.486239	6.981528	-384.624000	0.000000	-1.976000	0.000000	65.896000	0.000000	123.875000	0.000000	-195.267000	0.000000	66.843000	0.000000	-115.378000	0.000000	-98.042000	0.000000	-51.739000	0.000000	-341.974000	0.000000	-119.067000	0.000000	81.684000	0.000000

2024-09-09	13:03:12	1725879792.818948	-43129.985372	-0.044311	-0.134420	-317.330625	144.402936	-29.623809	181.143108	182.755735	150.489113	145.928104	132.829688	-235.540854	62.574526	-26.328387	70.104602	-699.415804	81.166749	605.212630	76.120783	-247.842336	0.212597	406.339309	0.322384	-195.504000	0.000000	-38.097514	7.822647	-384.624000	0.000000	-1.976000	0.000000	65.896000	0.000000	123.875000	0.000000	-195.267000	0.000000	66.843000	0.000000	-115.378000	0.000000	-98.042000	0.000000	-51.739000	0.000000	-341.974000	0.000000	-119.067000	0.000000	81.684000	0.000000

2024-09-09	13:03:13	1725879793.818372	-43128.985948	-0.044311	-0.134420	-99.433726	189.186333	-261.134722	209.618877	206.277324	175.219922	97.976714	159.079628	-206.101366	139.083628	-47.763157	156.748217	-646.007872	23.426045	550.973126	28.752520	-247.473246	0.231477	406.180654	0.169722	-195.504000	0.000000	-45.454955	12.030246	-384.624000	0.000000	-1.976000	0.000000	65.896000	0.000000	123.875000	0.000000	-195.267000	0.000000	66.843000	0.000000	-115.378000	0.000000	-98.042000	0.000000	-51.739000	0.000000	-341.974000	0.000000	-119.067000	0.000000	81.684000	0.000000

2024-09-09	13:03:14	1725879794.819048	-43127.985272	-0.044311	-0.134420	-135.970363	217.721517	-216.103603	185.865564	162.409243	174.211611	129.473270	182.811223	-199.667286	134.411154	-50.236375	121.208936	-607.074136	37.566737	504.603181	35.627650	-247.248155	0.140752	406.025016	0.247333	-195.504000	0.000000	-31.886394	9.618199	-384.624000	0.000000	-1.976000	0.000000	65.896000	0.000000	123.875000	0.000000	-195.267000	0.000000	66.843000	0.000000	-115.378000	0.000000	-98.042000	0.000000	-51.739000	0.000000	-341.974000	0.000000	-119.067000	0.000000	81.684000	0.000000

2024-09-09	13:03:15	1725879795.818471	-43126.985849	-0.044311	-0.180762	-83.867200	217.867931	-247.704973	190.790706	251.635818	173.958046	69.089241	153.078225	-192.884908	186.380633	-54.048559	163.709550	-659.647076	76.637091	562.273852	73.878837	-247.057819	0.194942	406.238519	0.155075	-195.504000	0.000000	-25.330317	9.651362	-384.624000	0.000000	-1.976000	0.000000	65.896000	0.000000	123.875000	0.000000	-195.267000	0.000000	66.843000	0.000000	-115.378000	0.000000	-98.042000	0.000000	-51.739000	0.000000	-341.974000	0.000000	-119.067000	0.000000	81.684000	0.000000

2024-09-09	13:03:16	1725879796.818894	-43125.985426	-0.044311	-0.180762	-308.167750	280.176114	-44.811493	275.850225	108.499422	156.888827	219.771119	227.192963	-242.042426	65.787478	-2.445048	56.601743	-631.539760	58.191731	533.473876	52.658119	-247.258797	0.217757	406.642352	0.141329	-195.504000	0.000000	-34.142210	9.402576	-384.624000	0.000000	-1.976000	0.000000	65.896000	0.000000	123.875000	0.000000	-195.267000	0.000000	66.843000	0.000000	-115.378000	0.000000	-98.042000	0.000000	-51.739000	0.000000	-341.974000	0.000000	-119.067000	0.000000	81.684000	0.000000

2024-09-09	13:03:17	1725879797.818317	-43124.986003	-0.044311	-0.180762	-89.664110	166.632817	-273.418195	87.448019	31.549293	97.034400	258.894239	76.419450	-282.147067	138.904577	6.892480	90.109230	-694.271961	91.605471	593.392474	79.696004	-247.114740	0.130208	406.601459	0.202789	-195.504000	0.000000	-29.975175	8.219612	-384.624000	0.000000	-1.976000	0.000000	65.896000	0.000000	123.875000	0.000000	-195.267000	0.000000	66.843000	0.000000	-115.378000	0.000000	-98.042000	0.000000	-51.739000	0.000000	-341.974000	0.000000	-119.067000	0.000000	81.684000	0.000000

2024-09-09	13:03:18	1725879798.818741	-43123.985579	-0.044311	-0.180762	-176.930532	103.336094	-165.470560	118.226620	318.025471	83.348314	16.883905	171.929288	-161.797409	184.687611	-68.598972	178.400475	-610.880761	71.909635	516.585663	69.325320	-247.287002	0.315017	406.528687	0.165606	-195.504000	0.000000	-54.548113	12.500537	-384.624000	0.000000	-1.976000	0.000000	65.896000	0.000000	123.875000	0.000000	-195.267000	0.000000	66.843000	0.000000	-115.378000	0.000000	-98.042000	0.000000	-51.739000	0.000000	-341.974000	0.000000	-119.067000	0.000000	81.684000	0.000000

2024-09-09	13:03:19	1725879799.819163	-43122.985157	-0.044311	-0.180762	-245.314415	218.954184	-84.234613	192.812097	229.832631	274.751717	70.522858	216.918856	-248.635632	138.481295	3.896430	108.251921	-660.771650	58.259936	561.341123	54.826755	-247.638608	0.257389	406.563663	0.199166	-195.504000	0.000000	-25.188016	11.627242	-384.624000	0.000000	-1.976000	0.000000	65.896000	0.000000	123.875000	0.000000	-195.267000	0.000000	66.843000	0.000000	-115.378000	0.000000	-98.042000	0.000000	-51.739000	0.000000	-341.974000	0.000000	-119.067000	0.000000	81.684000	0.000000

2024-09-09	13:03:20	1725879800.818586	-43121.985734	-0.044311	-0.180762	-137.500416	144.421087	-228.234362	151.951988	166.452158	121.978812	118.141203	147.044460	-187.513397	138.851197	-81.390192	126.596219	-652.285803	76.137725	559.926344	75.434894	-247.737884	0.218507	406.427395	0.332220	-195.504000	0.000000	-31.921342	7.731113	-384.624000	0.000000	-1.976000	0.000000	65.896000	0.000000	123.875000	0.000000	-195.267000	0.000000	66.843000	0.000000	-115.378000	0.000000	-98.042000	0.000000	-51.739000	0.000000	-341.974000	0.000000	-119.067000	0.000000	81.684000	0.000000

2024-09-09	13:03:21	1725879801.819009	-43120.985311	-0.044311	-0.180762	-77.056027	200.864384	-292.953107	182.573391	75.759550	132.909593	218.452590	184.324014	-203.875277	75.336761	-49.110934	93.409897	-667.476011	56.554528	568.097541	57.820656	-247.670223	0.163531	406.539105	0.165195	-195.504000	0.000000	-42.606131	6.388604	-384.624000	0.000000	-1.976000	0.000000	65.896000	0.000000	123.875000	0.000000	-195.267000	0.000000	66.843000	0.000000	-115.378000	0.000000	-98.042000	0.000000	-51.739000	0.000000	-341.974000	0.000000	-119.067000	0.000000	81.684000	0.000000

2024-09-09	13:03:22	1725879802.818433	-43119.985887	-0.044311	-0.180762	-211.870162	296.971319	-136.791786	299.932954	159.105748	98.073326	157.682725	152.756642	-313.324356	166.424996	58.638813	133.385684	-665.420030	53.370130	565.629738	58.916073	-247.196808	0.197951	406.251621	0.258335	-195.504000	0.000000	-38.219500	8.419356	-384.624000	0.000000	-1.976000	0.000000	65.896000	0.000000	123.875000	0.000000	-195.267000	0.000000	66.843000	0.000000	-115.378000	0.000000	-98.042000	0.000000	-51.739000	0.000000	-341.974000	0.000000	-119.067000	0.000000	81.684000	0.000000

2024-09-09	13:03:23	1725879803.818855	-43118.985465	-0.044311	-0.160902	-7.161645	264.169849	-344.872704	270.310204	235.356614	112.705408	71.566697	95.313148	-205.766467	86.202795	-42.662470	98.151435	-673.559402	59.643488	575.102247	64.862201	-247.613668	0.291739	406.509105	0.117612	-195.504000	0.000000	-34.986656	9.165478	-384.624000	0.000000	-1.976000	0.000000	65.896000	0.000000	123.875000	0.000000	-195.267000	0.000000	66.843000	0.000000	-115.378000	0.000000	-98.042000	0.000000	-51.739000	0.000000	-341.974000	0.000000	-119.067000	0.000000	81.684000	0.000000

2024-09-09	13:03:24	1725879804.820278	-43117.984042	-0.044311	-0.160902	-152.427895	268.571592	-200.813513	277.367801	81.769436	166.757506	235.565966	198.728894	-187.096257	78.290879	-56.453643	87.565998	-659.014140	84.998119	562.934612	82.030868	-247.242227	0.186340	406.462493	0.218016	-195.504000	0.000000	-34.870532	10.675488	-384.624000	0.000000	-1.976000	0.000000	65.896000	0.000000	123.875000	0.000000	-195.267000	0.000000	66.843000	0.000000	-115.378000	0.000000	-98.042000	0.000000	-51.739000	0.000000	-341.974000	0.000000	-119.067000	0.000000	81.684000	0.000000

2024-09-09	13:03:25	1725879805.819701	-43116.984619	-0.044311	-0.160902	-210.457040	192.546139	-130.522904	174.891703	154.459434	105.321145	161.400646	135.835748	-214.469161	105.114771	-34.804484	113.368402	-667.363612	43.127227	571.250558	41.826025	-247.217959	0.147549	406.410149	0.178567	-195.504000	0.000000	-38.665010	14.091299	-384.624000	0.000000	-1.976000	0.000000	65.896000	0.000000	123.875000	0.000000	-195.267000	0.000000	66.843000	0.000000	-115.378000	0.000000	-98.042000	0.000000	-51.739000	0.000000	-341.974000	0.000000	-119.067000	0.000000	81.684000	0.000000

2024-09-09	13:03:26	1725879806.820124	-43115.984196	-0.044311	-0.160902	-69.438137	126.215224	-303.926489	101.865591	231.248029	237.191061	52.496154	197.846420	-227.759689	60.260466	-39.819098	68.141940	-684.411972	63.257776	583.427550	63.723461	-247.366908	0.229460	406.621024	0.160579	-195.504000	0.000000	-34.326193	9.225286	-384.624000	0.000000	-1.976000	0.000000	65.896000	0.000000	123.875000	0.000000	-195.267000	0.000000	66.843000	0.000000	-115.378000	0.000000	-98.042000	0.000000	-51.739000	0.000000	-341.974000	0.000000	-119.067000	0.000000	81.684000	0.000000

2024-09-09	13:03:27	1725879807.819548	-43114.984772	-0.044311	-0.160902	-149.527005	157.801909	-201.406587	145.236305	115.169993	72.464122	187.923192	104.826221	-185.196026	143.237065	-77.823857	147.372488	-674.496396	45.458008	575.467302	37.858238	-247.377760	0.209904	406.569862	0.211557	-195.504000	0.000000	-29.031563	12.360583	-384.624000	0.000000	-1.976000	0.000000	65.896000	0.000000	123.875000	0.000000	-195.267000	0.000000	66.843000	0.000000	-115.378000	0.000000	-98.042000	0.000000	-51.739000	0.000000	-341.974000	0.000000	-119.067000	0.000000	81.684000	0.000000

2024-09-09	13:03:28	1725879808.819971	-43113.984350	-0.044311	-0.160902	-166.338401	241.469074	-171.044649	252.641552	118.785856	322.483283	200.535747	311.016956	-225.227620	67.592590	-16.160330	69.105083	-644.324629	56.532183	551.178435	57.128987	-247.559704	0.213599	406.726722	0.126345	-195.504000	0.000000	-33.650487	11.207657	-384.624000	0.000000	-1.976000	0.000000	65.896000	0.000000	123.875000	0.000000	-195.267000	0.000000	66.843000	0.000000	-115.378000	0.000000	-98.042000	0.000000	-51.739000	0.000000	-341.974000	0.000000	-119.067000	0.000000	81.684000	0.000000

2024-09-09	13:03:29	1725879809.819394	-43112.984927	-0.044311	-0.160902	-231.244699	150.172594	-133.549365	114.454929	194.817221	185.887931	127.775296	229.514803	-292.045946	87.765003	27.428821	78.480762	-703.543021	40.147515	606.994162	35.919834	-247.552946	0.119552	406.832779	0.109741	-195.504000	0.000000	-44.920872	9.061466	-384.624000	0.000000	-1.976000	0.000000	65.896000	0.000000	123.875000	0.000000	-195.267000	0.000000	66.843000	0.000000	-115.378000	0.000000	-98.042000	0.000000	-51.739000	0.000000	-341.974000	0.000000	-119.067000	0.000000	81.684000	0.000000

2024-09-09	13:03:30	1725879810.819823	-43111.984498	-0.044311	-0.147661	-92.347038	310.668778	-276.224597	295.622744	140.131172	127.257635	136.867773	135.251031	-193.491207	120.608266	-72.385452	111.687772	-678.185583	25.516797	578.332980	16.660743	-247.808112	0.185637	406.422376	0.206817	-195.504000	0.000000	-41.730247	13.730561	-384.624000	0.000000	-1.976000	0.000000	65.896000	0.000000	123.875000	0.000000	-195.267000	0.000000	66.843000	0.000000	-115.378000	0.000000	-98.042000	0.000000	-51.739000	0.000000	-341.974000	0.000000	-119.067000	0.000000	81.684000	0.000000

2024-09-09	13:03:31	1725879811.821245	-43110.983075	-0.044311	-0.147661	-16.048535	329.533720	-335.864890	319.741615	223.075450	248.681494	110.938969	273.583944	-269.380550	131.673053	31.518862	105.418153	-601.471172	42.549179	508.775330	38.061938	-248.124035	0.184583	406.218355	0.172771	-195.504000	0.000000	-46.919895	10.077640	-384.624000	0.000000	-1.976000	0.000000	65.896000	0.000000	123.875000	0.000000	-195.267000	0.000000	66.843000	0.000000	-115.378000	0.000000	-98.042000	0.000000	-51.739000	0.000000	-341.974000	0.000000	-119.067000	0.000000	81.684000	0.000000

2024-09-09	13:03:32	1725879812.820669	-43109.983652	-0.044311	-0.147661	-192.193423	364.387919	-155.470434	343.984257	120.694357	109.138592	161.050501	133.586622	-237.906188	123.090971	-35.135191	124.131894	-685.979514	63.033596	587.669261	62.226013	-247.837234	0.186779	406.735918	0.123375	-195.504000	0.000000	-39.073972	15.398211	-384.624000	0.000000	-1.976000	0.000000	65.896000	0.000000	123.875000	0.000000	-195.267000	0.000000	66.843000	0.000000	-115.378000	0.000000	-98.042000	0.000000	-51.739000	0.000000	-341.974000	0.000000	-119.067000	0.000000	81.684000	0.000000

2024-09-09	13:03:33	1725879813.821092	-43108.983228	-0.044311	-0.147661	-299.605222	138.953673	-56.152240	152.197120	117.392266	231.316479	190.256760	242.182919	-196.980860	115.675090	-67.311597	132.521718	-723.661929	31.685936	624.540553	31.803240	-247.493423	0.203395	406.637130	0.165453	-195.504000	0.000000	-40.823216	8.162717	-384.624000	0.000000	-1.976000	0.000000	65.896000	0.000000	123.875000	0.000000	-195.267000	0.000000	66.843000	0.000000	-115.378000	0.000000	-98.042000	0.000000	-51.739000	0.000000	-341.974000	0.000000	-119.067000	0.000000	81.684000	0.000000

2024-09-09	13:03:34	1725879814.820516	-43107.983805	-0.044311	-0.147661	-338.274714	283.403061	-33.321947	274.728340	268.651946	344.763909	32.036224	382.653126	-246.622709	81.313200	-18.916836	74.160421	-683.861614	50.211823	582.776425	45.465839	-247.836340	0.239980	406.518684	0.183234	-195.504000	0.000000	-28.591581	12.085623	-384.624000	0.000000	-1.976000	0.000000	65.896000	0.000000	123.875000	0.000000	-195.267000	0.000000	66.843000	0.000000	-115.378000	0.000000	-98.042000	0.000000	-51.739000	0.000000	-341.974000	0.000000	-119.067000	0.000000	81.684000	0.000000

2024-09-09	13:03:35	1725879815.820891	-43106.983429	-0.044311	-0.147661	96.919614	107.490830	-456.372232	107.432819	120.745409	181.764271	171.130471	212.590463	-174.862837	109.909859	-86.455228	86.099952	-665.310349	33.362705	568.905188	30.889783	-247.389327	0.258150	406.758926	0.229066	-195.504000	0.000000	-25.298909	9.524284	-384.624000	0.000000	-1.976000	0.000000	65.896000	0.000000	123.875000	0.000000	-195.267000	0.000000	66.843000	0.000000	-115.378000	0.000000	-98.042000	0.000000	-51.739000	0.000000	-341.974000	0.000000	-119.067000	0.000000	81.684000	0.000000

2024-09-09	13:03:36	1725879816.820314	-43105.984006	-0.044311	-0.147661	-316.431818	340.562735	-24.488158	301.261010	100.224383	148.656628	215.080687	52.272304	-254.764209	191.985971	6.856784	163.801491	-675.121258	97.397587	579.149230	94.546312	-247.615540	0.144902	406.694315	0.181262	-195.504000	0.000000	-41.873980	10.101803	-384.624000	0.000000	-1.976000	0.000000	65.896000	0.000000	123.875000	0.000000	-195.267000	0.000000	66.843000	0.000000	-115.378000	0.000000	-98.042000	0.000000	-51.739000	0.000000	-341.974000	0.000000	-119.067000	0.000000	81.684000	0.000000

