Date/C:Time:TimeStamp/D:time:VMeas:IMeas:I_00:DI_00:I_01:DI_01:I_02:DI_02:I_03:DI_03:I_04:DI_04:I_05:DI_05:I_06:DI_06:I_07:DI_07:I_08:DI_08:I_09:DI_09:I_10:DI_10:I_11:DI_11:I_12:DI_12:I_13:DI_13:I_14:DI_14:I_15:DI_15:I_16:DI_16:I_17:DI_17:I_18:DI_18:I_19:DI_19:I_20:DI_20:I_21:DI_21:I_22:DI_22:I_23:DI_23
2024-09-09	13:32:54	1725881574.976950	-43200.000000	-0.044311	-0.167521	-256.734151	203.567883	61.278265	186.663188	287.739972	128.002868	190.997294	129.649546	-84.023917	76.773615	77.541917	90.562264	-244.869529	54.931590	69.128168	48.066519	-246.241469	0.217338	410.214950	0.319968	-195.504000	0.000000	39.945429	4.373636	-384.624000	0.000000	-1.976000	0.000000	65.896000	0.000000	123.875000	0.000000	-195.267000	0.000000	66.843000	0.000000	-115.378000	0.000000	-98.042000	0.000000	-51.739000	0.000000	-341.974000	0.000000	-119.067000	0.000000	81.684000	0.000000

2024-09-09	13:32:55	1725881575.976373	-43199.000577	-0.044311	-0.167521	-13.727750	68.556565	-201.453316	70.772512	233.890775	144.148235	231.376522	135.290718	-87.978272	70.774283	69.532509	71.914441	-281.607532	51.849605	97.527666	57.920865	-246.299119	0.197724	410.500797	0.138578	-195.504000	0.000000	35.400778	3.981233	-384.624000	0.000000	-1.976000	0.000000	65.896000	0.000000	123.875000	0.000000	-195.267000	0.000000	66.843000	0.000000	-115.378000	0.000000	-98.042000	0.000000	-51.739000	0.000000	-341.974000	0.000000	-119.067000	0.000000	81.684000	0.000000

2024-09-09	13:32:56	1725881576.976797	-43198.000153	-0.044311	-0.167521	57.734547	282.134414	-266.334134	261.106386	352.426734	92.290497	129.454033	110.652992	-85.774037	53.610423	76.644385	66.532868	-294.837905	50.810418	113.430840	52.059997	-246.013956	0.141473	410.188407	0.288851	-195.504000	0.000000	37.493936	4.201525	-384.624000	0.000000	-1.976000	0.000000	65.896000	0.000000	123.875000	0.000000	-195.267000	0.000000	66.843000	0.000000	-115.378000	0.000000	-98.042000	0.000000	-51.739000	0.000000	-341.974000	0.000000	-119.067000	0.000000	81.684000	0.000000

2024-09-09	13:32:57	1725881577.978235	-43196.998715	-0.044311	-0.167521	-22.476270	221.816619	-196.753353	223.600886	340.632139	162.222768	120.208042	163.298881	-122.878978	168.286349	97.352603	181.204632	-264.192942	62.122096	79.580140	61.486092	-246.169242	0.174376	410.242243	0.248607	-195.504000	0.000000	37.496755	3.163812	-384.624000	0.000000	-1.976000	0.000000	65.896000	0.000000	123.875000	0.000000	-195.267000	0.000000	66.843000	0.000000	-115.378000	0.000000	-98.042000	0.000000	-51.739000	0.000000	-341.974000	0.000000	-119.067000	0.000000	81.684000	0.000000

2024-09-09	13:32:58	1725881578.977657	-43195.999292	-0.044311	-0.174143	-27.795176	193.396446	-165.727352	160.953324	207.642478	118.217186	284.542803	79.868735	-141.398208	50.891879	141.699756	34.751310	-285.652351	76.481436	103.011212	68.121657	-245.839707	0.241118	410.669550	0.235933	-195.504000	0.000000	36.406472	3.388667	-384.624000	0.000000	-1.976000	0.000000	65.896000	0.000000	123.875000	0.000000	-195.267000	0.000000	66.843000	0.000000	-115.378000	0.000000	-98.042000	0.000000	-51.739000	0.000000	-341.974000	0.000000	-119.067000	0.000000	81.684000	0.000000

2024-09-09	13:32:59	1725881579.978080	-43194.998869	-0.044311	-0.174143	-133.163408	111.152521	-93.025038	84.851911	157.928492	64.581425	278.608876	103.563272	-171.852986	99.329854	130.115082	54.594200	-294.687110	45.083628	106.533413	45.583316	-246.052306	0.155582	410.699373	0.145301	-195.504000	0.000000	35.751154	3.522521	-384.624000	0.000000	-1.976000	0.000000	65.896000	0.000000	123.875000	0.000000	-195.267000	0.000000	66.843000	0.000000	-115.378000	0.000000	-98.042000	0.000000	-51.739000	0.000000	-341.974000	0.000000	-119.067000	0.000000	81.684000	0.000000

2024-09-09	13:33:00	1725881580.977504	-43193.999446	-0.044311	-0.174143	125.467088	135.280157	-332.874744	151.818349	289.424169	185.887034	186.234499	189.133157	-49.974285	119.661789	45.843145	104.693979	-254.003108	49.766966	77.547103	43.639963	-246.228554	0.165733	410.608440	0.171168	-195.504000	0.000000	36.753393	3.197253	-384.624000	0.000000	-1.976000	0.000000	65.896000	0.000000	123.875000	0.000000	-195.267000	0.000000	66.843000	0.000000	-115.378000	0.000000	-98.042000	0.000000	-51.739000	0.000000	-341.974000	0.000000	-119.067000	0.000000	81.684000	0.000000

2024-09-09	13:33:01	1725881581.977927	-43192.999023	-0.044311	-0.174143	-9.026063	221.114590	-196.175742	240.206950	252.760002	121.269822	227.653218	134.763935	-124.695048	91.243241	116.876357	97.535728	-261.176806	47.863629	77.852579	54.238926	-246.223977	0.132870	410.453244	0.205380	-195.504000	0.000000	36.343399	2.409926	-384.624000	0.000000	-1.976000	0.000000	65.896000	0.000000	123.875000	0.000000	-195.267000	0.000000	66.843000	0.000000	-115.378000	0.000000	-98.042000	0.000000	-51.739000	0.000000	-341.974000	0.000000	-119.067000	0.000000	81.684000	0.000000

2024-09-09	13:33:02	1725881582.977350	-43191.999599	-0.044311	-0.174143	-21.006178	129.284325	-186.735612	140.702903	300.560581	135.544656	160.673465	136.821432	-39.880383	59.509916	19.891201	57.376757	-272.889631	54.444018	88.529344	54.076298	-246.096861	0.171325	410.199773	0.135924	-195.504000	0.000000	37.669150	3.364598	-384.624000	0.000000	-1.976000	0.000000	65.896000	0.000000	123.875000	0.000000	-195.267000	0.000000	66.843000	0.000000	-115.378000	0.000000	-98.042000	0.000000	-51.739000	0.000000	-341.974000	0.000000	-119.067000	0.000000	81.684000	0.000000

2024-09-09	13:33:03	1725881583.977773	-43190.999177	-0.044311	-0.174143	67.368861	147.316734	-278.458882	158.072523	392.439704	86.729591	93.250488	80.033483	-111.695634	85.801996	98.134537	86.958400	-260.107243	94.941581	79.116557	91.124966	-246.499208	0.225753	410.165206	0.136694	-195.504000	0.000000	36.743880	4.346838	-384.624000	0.000000	-1.976000	0.000000	65.896000	0.000000	123.875000	0.000000	-195.267000	0.000000	66.843000	0.000000	-115.378000	0.000000	-98.042000	0.000000	-51.739000	0.000000	-341.974000	0.000000	-119.067000	0.000000	81.684000	0.000000

2024-09-09	13:33:04	1725881584.979196	-43189.997754	-0.044311	-0.174143	-149.252314	147.682833	-74.526462	119.973208	196.598425	240.005936	245.202316	209.943647	-134.716838	86.066804	105.185764	113.606015	-302.964768	39.305515	111.993742	35.603402	-246.435634	0.113810	409.849548	0.183993	-195.504000	0.000000	40.276459	3.829982	-384.624000	0.000000	-1.976000	0.000000	65.896000	0.000000	123.875000	0.000000	-195.267000	0.000000	66.843000	0.000000	-115.378000	0.000000	-98.042000	0.000000	-51.739000	0.000000	-341.974000	0.000000	-119.067000	0.000000	81.684000	0.000000

2024-09-09	13:33:05	1725881585.978619	-43188.998331	-0.044311	-0.174143	-6.108431	146.970429	-205.472715	110.549637	269.917024	116.806391	208.384821	147.205771	-77.668088	54.707624	62.361012	52.973830	-255.120042	56.131615	75.658588	53.451513	-246.077836	0.261851	410.457518	0.140700	-195.504000	0.000000	42.542747	5.239970	-384.624000	0.000000	-1.976000	0.000000	65.896000	0.000000	123.875000	0.000000	-195.267000	0.000000	66.843000	0.000000	-115.378000	0.000000	-98.042000	0.000000	-51.739000	0.000000	-341.974000	0.000000	-119.067000	0.000000	81.684000	0.000000

2024-09-09	13:33:06	1725881586.979042	-43187.997908	-0.044311	-0.174143	-8.700167	199.250356	-198.093660	202.552181	285.202326	45.001329	192.767671	79.110681	-115.305198	119.731212	104.689465	111.627176	-271.408289	64.779434	89.111650	67.287978	-246.130390	0.135018	410.380582	0.201616	-195.504000	0.000000	36.656900	3.523810	-384.624000	0.000000	-1.976000	0.000000	65.896000	0.000000	123.875000	0.000000	-195.267000	0.000000	66.843000	0.000000	-115.378000	0.000000	-98.042000	0.000000	-51.739000	0.000000	-341.974000	0.000000	-119.067000	0.000000	81.684000	0.000000

2024-09-09	13:33:07	1725881587.978465	-43186.998485	-0.044311	-0.174143	76.943292	242.511054	-290.293615	227.153814	325.476264	84.248280	131.524940	88.452720	-123.319823	88.141179	103.042005	76.953710	-300.673272	75.872969	118.200943	67.515531	-246.409816	0.132786	410.514327	0.119962	-195.504000	0.000000	39.512143	5.325814	-384.624000	0.000000	-1.976000	0.000000	65.896000	0.000000	123.875000	0.000000	-195.267000	0.000000	66.843000	0.000000	-115.378000	0.000000	-98.042000	0.000000	-51.739000	0.000000	-341.974000	0.000000	-119.067000	0.000000	81.684000	0.000000

2024-09-09	13:33:08	1725881588.978906	-43185.998044	-0.044311	-0.174143	-100.109278	87.146444	-99.766607	85.668525	275.849569	126.347195	195.035079	121.918149	-127.931152	77.941568	110.499829	90.835678	-288.197046	44.900341	103.676057	36.979070	-246.330425	0.177072	410.297667	0.213998	-195.504000	0.000000	39.248231	5.173716	-384.624000	0.000000	-1.976000	0.000000	65.896000	0.000000	123.875000	0.000000	-195.267000	0.000000	66.843000	0.000000	-115.378000	0.000000	-98.042000	0.000000	-51.739000	0.000000	-341.974000	0.000000	-119.067000	0.000000	81.684000	0.000000

2024-09-09	13:33:09	1725881589.978328	-43184.998621	-0.044311	-0.174143	99.311649	234.568425	-328.003883	234.235379	297.791310	147.543200	172.637745	192.661326	-87.834097	102.823305	70.689054	70.308820	-261.075897	48.427291	79.044804	43.325115	-246.364036	0.150006	409.675780	0.248943	-195.504000	0.000000	37.645122	3.843751	-384.624000	0.000000	-1.976000	0.000000	65.896000	0.000000	123.875000	0.000000	-195.267000	0.000000	66.843000	0.000000	-115.378000	0.000000	-98.042000	0.000000	-51.739000	0.000000	-341.974000	0.000000	-119.067000	0.000000	81.684000	0.000000

2024-09-09	13:33:10	1725881590.978734	-43183.998216	-0.044311	-0.174143	-59.009344	176.807980	-143.140754	196.049588	335.377539	134.462717	142.205002	178.116475	-81.912426	64.038587	65.230943	67.042039	-306.925076	28.403629	123.758752	33.438864	-246.360325	0.283473	409.665582	0.181164	-195.504000	0.000000	39.736066	4.563898	-384.624000	0.000000	-1.976000	0.000000	65.896000	0.000000	123.875000	0.000000	-195.267000	0.000000	66.843000	0.000000	-115.378000	0.000000	-98.042000	0.000000	-51.739000	0.000000	-341.974000	0.000000	-119.067000	0.000000	81.684000	0.000000

2024-09-09	13:33:11	1725881591.980156	-43182.996793	-0.044311	-0.174143	70.795260	219.777227	-290.800689	188.094663	289.064754	75.014154	165.032891	62.678792	-115.554781	75.531311	95.914067	125.762384	-279.406601	39.227630	93.705121	34.471060	-246.453128	0.178013	409.912239	0.160970	-195.504000	0.000000	40.664782	3.089119	-384.624000	0.000000	-1.976000	0.000000	65.896000	0.000000	123.875000	0.000000	-195.267000	0.000000	66.843000	0.000000	-115.378000	0.000000	-98.042000	0.000000	-51.739000	0.000000	-341.974000	0.000000	-119.067000	0.000000	81.684000	0.000000

2024-09-09	13:33:12	1725881592.979579	-43181.997371	-0.044311	-0.174143	-120.195700	309.344595	-82.830962	314.505527	365.938046	159.429610	113.673407	132.214674	-135.655578	112.932936	113.547187	97.316253	-263.021108	73.304364	79.807740	64.022624	-246.278432	0.141163	409.924946	0.177461	-195.504000	0.000000	37.961343	4.229158	-384.624000	0.000000	-1.976000	0.000000	65.896000	0.000000	123.875000	0.000000	-195.267000	0.000000	66.843000	0.000000	-115.378000	0.000000	-98.042000	0.000000	-51.739000	0.000000	-341.974000	0.000000	-119.067000	0.000000	81.684000	0.000000

2024-09-09	13:33:13	1725881593.980002	-43180.996947	-0.044311	-0.154283	-13.287652	315.532293	-218.742981	326.063293	90.386544	149.341909	363.504600	125.717923	-85.244089	96.139485	61.528711	86.244845	-241.289113	31.549492	55.716097	35.156184	-246.650699	0.281985	409.765299	0.272758	-195.504000	0.000000	40.552129	3.976516	-384.624000	0.000000	-1.976000	0.000000	65.896000	0.000000	123.875000	0.000000	-195.267000	0.000000	66.843000	0.000000	-115.378000	0.000000	-98.042000	0.000000	-51.739000	0.000000	-341.974000	0.000000	-119.067000	0.000000	81.684000	0.000000

2024-09-09	13:33:14	1725881594.979444	-43179.997506	-0.044311	-0.154283	208.503904	222.096533	-400.250383	200.488205	314.481074	191.174141	158.039308	210.457336	-13.771182	96.975249	2.819562	91.653758	-281.363618	29.903253	98.842808	32.279797	-246.663172	0.132053	409.546267	0.231125	-195.504000	0.000000	39.669917	4.027197	-384.624000	0.000000	-1.976000	0.000000	65.896000	0.000000	123.875000	0.000000	-195.267000	0.000000	66.843000	0.000000	-115.378000	0.000000	-98.042000	0.000000	-51.739000	0.000000	-341.974000	0.000000	-119.067000	0.000000	81.684000	0.000000

2024-09-09	13:33:15	1725881595.979849	-43178.997101	-0.044311	-0.154283	-27.526286	219.334214	-176.602090	210.196924	265.049773	74.370288	213.350720	57.178970	-129.461254	72.222027	119.099016	56.106066	-253.055749	101.587757	72.985764	97.233956	-246.537266	0.185360	409.400331	0.154469	-195.504000	0.000000	40.554999	2.980876	-384.624000	0.000000	-1.976000	0.000000	65.896000	0.000000	123.875000	0.000000	-195.267000	0.000000	66.843000	0.000000	-115.378000	0.000000	-98.042000	0.000000	-51.739000	0.000000	-341.974000	0.000000	-119.067000	0.000000	81.684000	0.000000

2024-09-09	13:33:16	1725881596.979290	-43177.997660	-0.044311	-0.154283	-143.258164	335.643506	-53.357193	269.790494	328.314455	115.783358	139.977923	164.956098	-110.200914	127.830903	101.658474	94.773133	-268.857790	64.914136	91.227564	51.132750	-246.119712	0.248247	409.639462	0.136757	-195.504000	0.000000	40.409358	3.964127	-384.624000	0.000000	-1.976000	0.000000	65.896000	0.000000	123.875000	0.000000	-195.267000	0.000000	66.843000	0.000000	-115.378000	0.000000	-98.042000	0.000000	-51.739000	0.000000	-341.974000	0.000000	-119.067000	0.000000	81.684000	0.000000

2024-09-09	13:33:17	1725881597.979695	-43176.997254	-0.044311	-0.154283	-115.314500	176.779784	-118.985920	165.238486	217.060303	54.257574	233.082686	80.455753	-120.737319	143.240328	93.804879	122.621164	-290.792062	26.096155	101.901189	38.560579	-246.372919	0.147056	409.860040	0.239514	-195.504000	0.000000	35.912061	4.445000	-384.624000	0.000000	-1.976000	0.000000	65.896000	0.000000	123.875000	0.000000	-195.267000	0.000000	66.843000	0.000000	-115.378000	0.000000	-98.042000	0.000000	-51.739000	0.000000	-341.974000	0.000000	-119.067000	0.000000	81.684000	0.000000

2024-09-09	13:33:18	1725881598.980118	-43175.996832	-0.044311	-0.154283	-100.469868	118.376980	-100.990183	107.849784	342.133568	184.438194	144.094780	169.295977	-44.855427	53.335545	38.683198	48.521424	-274.539418	14.071626	95.438639	15.608813	-246.615747	0.128267	409.791098	0.198090	-195.504000	0.000000	35.496937	4.588064	-384.624000	0.000000	-1.976000	0.000000	65.896000	0.000000	123.875000	0.000000	-195.267000	0.000000	66.843000	0.000000	-115.378000	0.000000	-98.042000	0.000000	-51.739000	0.000000	-341.974000	0.000000	-119.067000	0.000000	81.684000	0.000000

2024-09-09	13:33:19	1725881599.979541	-43174.997408	-0.044311	-0.154283	16.846018	270.850319	-228.633310	285.708412	293.028167	194.585649	176.577199	180.660093	-102.149480	98.965974	85.232415	84.122909	-262.470981	54.389153	80.389081	57.792159	-246.696031	0.188252	409.828884	0.302227	-195.504000	0.000000	32.531420	4.222118	-384.624000	0.000000	-1.976000	0.000000	65.896000	0.000000	123.875000	0.000000	-195.267000	0.000000	66.843000	0.000000	-115.378000	0.000000	-98.042000	0.000000	-51.739000	0.000000	-341.974000	0.000000	-119.067000	0.000000	81.684000	0.000000

2024-09-09	13:33:20	1725881600.979963	-43173.996986	-0.044311	-0.154283	30.102060	197.223826	-242.863058	182.963630	317.805998	90.394685	136.511824	99.212540	-85.124094	96.469189	71.161365	70.231532	-256.016794	28.250719	75.862902	31.395563	-246.437711	0.143936	410.367726	0.161149	-195.504000	0.000000	37.921829	3.675055	-384.624000	0.000000	-1.976000	0.000000	65.896000	0.000000	123.875000	0.000000	-195.267000	0.000000	66.843000	0.000000	-115.378000	0.000000	-98.042000	0.000000	-51.739000	0.000000	-341.974000	0.000000	-119.067000	0.000000	81.684000	0.000000

2024-09-09	13:33:21	1725881601.979405	-43172.997545	-0.044311	-0.167521	75.195592	70.393369	-290.110913	74.087769	117.677097	137.552651	356.999108	148.032797	-179.649661	114.109370	157.260237	103.529014	-242.482185	33.676031	61.461946	30.906534	-246.631875	0.141418	409.707996	0.193737	-195.504000	0.000000	37.387699	4.060177	-384.624000	0.000000	-1.976000	0.000000	65.896000	0.000000	123.875000	0.000000	-195.267000	0.000000	66.843000	0.000000	-115.378000	0.000000	-98.042000	0.000000	-51.739000	0.000000	-341.974000	0.000000	-119.067000	0.000000	81.684000	0.000000

2024-09-09	13:33:22	1725881602.979828	-43171.997122	-0.044311	-0.167521	-137.157943	115.995027	-71.537767	89.044923	317.023135	92.451936	150.677542	117.941419	-48.729413	135.843768	36.490646	146.042622	-311.725653	49.269498	126.548005	54.590149	-246.705472	0.197532	410.214359	0.227402	-195.504000	0.000000	36.359495	4.190388	-384.624000	0.000000	-1.976000	0.000000	65.896000	0.000000	123.875000	0.000000	-195.267000	0.000000	66.843000	0.000000	-115.378000	0.000000	-98.042000	0.000000	-51.739000	0.000000	-341.974000	0.000000	-119.067000	0.000000	81.684000	0.000000

2024-09-09	13:33:23	1725881603.979233	-43170.997716	-0.044311	-0.167521	-42.987260	96.808350	-162.195721	139.100348	349.242712	184.101220	118.336990	135.712435	-155.910954	147.419220	136.018303	120.905204	-271.165982	80.025526	91.597161	69.384496	-245.887516	0.279256	409.992739	0.256930	-195.504000	0.000000	37.650198	4.765676	-384.624000	0.000000	-1.976000	0.000000	65.896000	0.000000	123.875000	0.000000	-195.267000	0.000000	66.843000	0.000000	-115.378000	0.000000	-98.042000	0.000000	-51.739000	0.000000	-341.974000	0.000000	-119.067000	0.000000	81.684000	0.000000

2024-09-09	13:33:24	1725881604.979656	-43169.997293	-0.044311	-0.167521	-17.625736	382.481220	-202.790505	382.272627	233.419179	178.320674	229.961214	164.349140	-50.752546	110.378636	29.157900	104.173213	-282.170304	49.197402	101.300480	49.210650	-246.519333	0.181200	410.168609	0.147343	-195.504000	0.000000	41.499911	3.383904	-384.624000	0.000000	-1.976000	0.000000	65.896000	0.000000	123.875000	0.000000	-195.267000	0.000000	66.843000	0.000000	-115.378000	0.000000	-98.042000	0.000000	-51.739000	0.000000	-341.974000	0.000000	-119.067000	0.000000	81.684000	0.000000

2024-09-09	13:33:25	1725881605.980079	-43168.996871	-0.044311	-0.167521	-20.610748	155.530448	-185.351136	140.191868	280.807763	101.551810	209.672834	130.250679	-158.642747	80.189346	144.741720	77.221912	-251.076605	33.137574	65.029524	36.535460	-246.270265	0.299821	410.115390	0.192401	-195.504000	0.000000	37.519546	3.484257	-384.624000	0.000000	-1.976000	0.000000	65.896000	0.000000	123.875000	0.000000	-195.267000	0.000000	66.843000	0.000000	-115.378000	0.000000	-98.042000	0.000000	-51.739000	0.000000	-341.974000	0.000000	-119.067000	0.000000	81.684000	0.000000

2024-09-09	13:33:26	1725881606.979503	-43167.997447	-0.044311	-0.167521	-47.027652	155.618374	-167.146854	152.032547	260.752904	246.855102	187.182791	221.641709	-60.757524	111.509383	37.731582	94.104930	-258.881123	37.459038	74.794118	35.318546	-246.415736	0.184735	410.151019	0.199032	-195.504000	0.000000	37.922641	4.257230	-384.624000	0.000000	-1.976000	0.000000	65.896000	0.000000	123.875000	0.000000	-195.267000	0.000000	66.843000	0.000000	-115.378000	0.000000	-98.042000	0.000000	-51.739000	0.000000	-341.974000	0.000000	-119.067000	0.000000	81.684000	0.000000

2024-09-09	13:33:27	1725881607.979925	-43166.997025	-0.044311	-0.167521	196.855117	238.386888	-403.689695	219.128887	217.787204	271.273457	272.574931	239.200786	-118.096229	47.428412	111.221270	29.640932	-277.510875	41.388970	99.489179	41.796156	-246.445850	0.107452	410.230442	0.156185	-195.504000	0.000000	40.775072	3.464566	-384.624000	0.000000	-1.976000	0.000000	65.896000	0.000000	123.875000	0.000000	-195.267000	0.000000	66.843000	0.000000	-115.378000	0.000000	-98.042000	0.000000	-51.739000	0.000000	-341.974000	0.000000	-119.067000	0.000000	81.684000	0.000000

2024-09-09	13:33:28	1725881608.979349	-43165.997601	-0.044311	-0.167521	-44.396914	191.070404	-169.295577	212.820410	303.904186	153.767779	152.068975	156.309152	-125.536583	79.427463	106.758856	60.022950	-267.472693	46.399663	82.345461	38.920868	-246.462693	0.398772	410.229709	0.206386	-195.504000	0.000000	39.092118	3.968945	-384.624000	0.000000	-1.976000	0.000000	65.896000	0.000000	123.875000	0.000000	-195.267000	0.000000	66.843000	0.000000	-115.378000	0.000000	-98.042000	0.000000	-51.739000	0.000000	-341.974000	0.000000	-119.067000	0.000000	81.684000	0.000000

2024-09-09	13:33:29	1725881609.979772	-43164.997178	-0.044311	-0.127801	87.108536	220.143671	-303.077630	222.011169	371.667306	159.433593	104.701230	166.568996	-50.690396	72.696865	37.645140	53.276605	-305.179920	63.749414	120.719386	61.837502	-246.717191	0.142538	409.880872	0.141281	-195.504000	0.000000	36.514328	4.074165	-384.624000	0.000000	-1.976000	0.000000	65.896000	0.000000	123.875000	0.000000	-195.267000	0.000000	66.843000	0.000000	-115.378000	0.000000	-98.042000	0.000000	-51.739000	0.000000	-341.974000	0.000000	-119.067000	0.000000	81.684000	0.000000

2024-09-09	13:33:30	1725881610.981212	-43163.995738	-0.044311	-0.127801	-52.997435	197.123571	-164.067431	216.495315	215.156635	171.410021	231.471904	177.628539	-117.670882	43.095472	97.324256	29.708716	-263.059114	51.920167	79.444145	44.037721	-246.744642	0.208620	409.888007	0.249550	-195.504000	0.000000	41.846154	3.455545	-384.624000	0.000000	-1.976000	0.000000	65.896000	0.000000	123.875000	0.000000	-195.267000	0.000000	66.843000	0.000000	-115.378000	0.000000	-98.042000	0.000000	-51.739000	0.000000	-341.974000	0.000000	-119.067000	0.000000	81.684000	0.000000

2024-09-09	13:33:31	1725881611.980617	-43162.996333	-0.044311	-0.127801	-8.334009	194.503710	-195.840037	200.582442	313.904656	105.933777	174.126717	53.671188	-120.345734	78.004576	106.670619	66.593727	-258.618028	36.574774	79.315616	34.342454	-246.668044	0.236950	410.147109	0.426482	-195.504000	0.000000	40.064044	3.458196	-384.624000	0.000000	-1.976000	0.000000	65.896000	0.000000	123.875000	0.000000	-195.267000	0.000000	66.843000	0.000000	-115.378000	0.000000	-98.042000	0.000000	-51.739000	0.000000	-341.974000	0.000000	-119.067000	0.000000	81.684000	0.000000

2024-09-09	13:33:32	1725881612.981040	-43161.995910	-0.044311	-0.127801	19.981979	181.312004	-223.249947	206.393783	282.228768	87.713204	194.635733	93.210389	-115.193510	77.102414	103.769896	88.852499	-249.181451	61.264045	68.177239	63.338314	-246.443922	0.147524	410.058370	0.180404	-195.504000	0.000000	38.722800	5.070435	-384.624000	0.000000	-1.976000	0.000000	65.896000	0.000000	123.875000	0.000000	-195.267000	0.000000	66.843000	0.000000	-115.378000	0.000000	-98.042000	0.000000	-51.739000	0.000000	-341.974000	0.000000	-119.067000	0.000000	81.684000	0.000000

2024-09-09	13:33:33	1725881613.980464	-43160.996486	-0.044311	-0.127801	-44.547156	177.553117	-186.900614	178.983284	223.942520	130.856136	227.517039	126.335024	-89.614102	75.814847	63.072838	98.298384	-287.518626	53.987333	99.948027	54.951767	-246.438665	0.164011	409.974772	0.166814	-195.504000	0.000000	34.408625	4.954213	-384.624000	0.000000	-1.976000	0.000000	65.896000	0.000000	123.875000	0.000000	-195.267000	0.000000	66.843000	0.000000	-115.378000	0.000000	-98.042000	0.000000	-51.739000	0.000000	-341.974000	0.000000	-119.067000	0.000000	81.684000	0.000000

2024-09-09	13:33:34	1725881614.980553	-43159.996397	-0.044311	-0.127801	104.518685	94.489376	-311.436496	73.510192	316.428777	61.815834	163.108439	112.162921	-91.466235	73.433502	81.534973	83.386965	-295.185453	14.542878	116.725355	17.332687	-246.618827	0.154383	409.907229	0.166120	-195.504000	0.000000	34.141947	5.246679	-384.624000	0.000000	-1.976000	0.000000	65.896000	0.000000	123.875000	0.000000	-195.267000	0.000000	66.843000	0.000000	-115.378000	0.000000	-98.042000	0.000000	-51.739000	0.000000	-341.974000	0.000000	-119.067000	0.000000	81.684000	0.000000

2024-09-09	13:33:35	1725881615.980976	-43158.995974	-0.044311	-0.127801	-115.863253	207.274232	-84.802485	200.262166	228.523141	91.783104	254.480841	95.187213	-152.835428	42.712566	137.317352	45.265976	-252.166584	58.892933	73.705737	53.250357	-246.389844	0.171819	410.100821	0.173228	-195.504000	0.000000	36.650418	5.782540	-384.624000	0.000000	-1.976000	0.000000	65.896000	0.000000	123.875000	0.000000	-195.267000	0.000000	66.843000	0.000000	-115.378000	0.000000	-98.042000	0.000000	-51.739000	0.000000	-341.974000	0.000000	-119.067000	0.000000	81.684000	0.000000

2024-09-09	13:33:36	1725881616.980399	-43157.996551	-0.044311	-0.147661	-132.375080	181.594692	-72.175822	176.002196	288.276560	131.490604	191.769208	107.374784	-37.997321	80.488724	27.224865	73.570123	-278.815254	83.753269	95.545930	79.172386	-246.587497	0.194940	409.996561	0.401312	-195.504000	0.000000	35.748294	3.474257	-384.624000	0.000000	-1.976000	0.000000	65.896000	0.000000	123.875000	0.000000	-195.267000	0.000000	66.843000	0.000000	-115.378000	0.000000	-98.042000	0.000000	-51.739000	0.000000	-341.974000	0.000000	-119.067000	0.000000	81.684000	0.000000

2024-09-09	13:33:37	1725881617.980822	-43156.996128	-0.044311	-0.147661	-86.064025	110.714106	-121.977020	131.525424	291.495350	122.683387	160.754570	102.614935	-135.989535	73.210233	119.744360	74.333452	-257.041745	49.358050	78.606570	43.167116	-246.653329	0.197714	409.970733	0.205807	-195.504000	0.000000	37.400391	4.079487	-384.624000	0.000000	-1.976000	0.000000	65.896000	0.000000	123.875000	0.000000	-195.267000	0.000000	66.843000	0.000000	-115.378000	0.000000	-98.042000	0.000000	-51.739000	0.000000	-341.974000	0.000000	-119.067000	0.000000	81.684000	0.000000

2024-09-09	13:33:38	1725881618.980246	-43155.996704	-0.044311	-0.147661	-24.479116	135.999678	-194.604094	112.849675	310.133682	125.141133	156.437180	143.548508	-147.125841	113.370750	126.594922	114.051348	-288.569407	39.100717	102.307434	33.866737	-246.591837	0.138002	410.073480	0.182284	-195.504000	0.000000	34.919687	3.347851	-384.624000	0.000000	-1.976000	0.000000	65.896000	0.000000	123.875000	0.000000	-195.267000	0.000000	66.843000	0.000000	-115.378000	0.000000	-98.042000	0.000000	-51.739000	0.000000	-341.974000	0.000000	-119.067000	0.000000	81.684000	0.000000

2024-09-09	13:33:39	1725881619.980668	-43154.996282	-0.044311	-0.147661	-51.599338	299.535811	-159.732472	266.738144	231.299637	147.669824	229.387021	106.516969	-97.635018	99.247206	82.881304	115.137317	-262.466672	79.774419	79.360846	85.524903	-246.555566	0.195697	410.238562	0.262894	-195.504000	0.000000	37.829038	4.472582	-384.624000	0.000000	-1.976000	0.000000	65.896000	0.000000	123.875000	0.000000	-195.267000	0.000000	66.843000	0.000000	-115.378000	0.000000	-98.042000	0.000000	-51.739000	0.000000	-341.974000	0.000000	-119.067000	0.000000	81.684000	0.000000

2024-09-09	13:33:40	1725881620.982090	-43153.994859	-0.044311	-0.147661	-3.464388	172.594605	-206.647966	148.171075	271.694219	204.078830	198.865206	165.938724	-52.633926	138.350653	35.767540	120.578293	-328.324634	36.526000	143.393032	46.998283	-246.601125	0.166064	410.309711	0.210857	-195.504000	0.000000	36.318244	4.882798	-384.624000	0.000000	-1.976000	0.000000	65.896000	0.000000	123.875000	0.000000	-195.267000	0.000000	66.843000	0.000000	-115.378000	0.000000	-98.042000	0.000000	-51.739000	0.000000	-341.974000	0.000000	-119.067000	0.000000	81.684000	0.000000

2024-09-09	13:33:41	1725881621.981513	-43152.995436	-0.044311	-0.147661	-9.946707	172.493960	-197.900555	183.657215	287.005870	60.937246	199.589295	62.550324	-81.074483	57.432314	75.466800	78.086547	-278.255579	14.320188	95.009524	15.620694	-246.851630	0.220909	410.293132	0.221457	-195.504000	0.000000	39.596290	3.878410	-384.624000	0.000000	-1.976000	0.000000	65.896000	0.000000	123.875000	0.000000	-195.267000	0.000000	66.843000	0.000000	-115.378000	0.000000	-98.042000	0.000000	-51.739000	0.000000	-341.974000	0.000000	-119.067000	0.000000	81.684000	0.000000

2024-09-09	13:33:42	1725881622.981937	-43151.995013	-0.044311	-0.147661	206.735008	213.584137	-419.030148	201.716299	280.779823	71.226535	166.762268	56.429798	-117.230159	88.248995	88.679043	74.293830	-272.477294	45.375116	88.054856	41.997710	-246.941382	0.331232	410.624298	0.197331	-195.504000	0.000000	44.714523	3.582233	-384.624000	0.000000	-1.976000	0.000000	65.896000	0.000000	123.875000	0.000000	-195.267000	0.000000	66.843000	0.000000	-115.378000	0.000000	-98.042000	0.000000	-51.739000	0.000000	-341.974000	0.000000	-119.067000	0.000000	81.684000	0.000000

2024-09-09	13:33:43	1725881623.981360	-43150.995589	-0.044311	-0.147661	-8.456326	225.480728	-208.622582	204.783540	292.365759	163.362212	180.522658	151.680052	-149.045313	90.859869	140.066965	94.118347	-285.466328	93.533123	103.074906	90.438178	-247.098612	0.232230	410.258862	0.198769	-195.504000	0.000000	42.511638	4.046079	-384.624000	0.000000	-1.976000	0.000000	65.896000	0.000000	123.875000	0.000000	-195.267000	0.000000	66.843000	0.000000	-115.378000	0.000000	-98.042000	0.000000	-51.739000	0.000000	-341.974000	0.000000	-119.067000	0.000000	81.684000	0.000000

2024-09-09	13:33:44	1725881624.981783	-43149.995167	-0.044311	-0.160902	21.488003	205.167034	-237.671710	193.611011	300.504267	71.782995	161.302860	81.631560	-135.923998	105.086397	114.118487	80.194925	-257.691492	37.458815	73.785976	38.173931	-247.019746	0.284112	410.155279	0.279594	-195.504000	0.000000	37.965650	5.130948	-384.624000	0.000000	-1.976000	0.000000	65.896000	0.000000	123.875000	0.000000	-195.267000	0.000000	66.843000	0.000000	-115.378000	0.000000	-98.042000	0.000000	-51.739000	0.000000	-341.974000	0.000000	-119.067000	0.000000	81.684000	0.000000

2024-09-09	13:33:45	1725881625.981225	-43148.995725	-0.044311	-0.160902	-241.971647	219.600424	25.088452	205.631972	254.627716	121.814989	192.704156	117.076216	-102.725298	55.964497	73.856861	57.042349	-312.364460	36.315267	126.515086	34.573156	-246.959336	0.234551	410.104130	0.184880	-195.504000	0.000000	33.094429	4.095036	-384.624000	0.000000	-1.976000	0.000000	65.896000	0.000000	123.875000	0.000000	-195.267000	0.000000	66.843000	0.000000	-115.378000	0.000000	-98.042000	0.000000	-51.739000	0.000000	-341.974000	0.000000	-119.067000	0.000000	81.684000	0.000000

2024-09-09	13:33:46	1725881626.981629	-43147.995320	-0.044311	-0.160902	-0.769473	240.574341	-204.593121	231.500997	303.911127	117.069514	177.945772	150.083197	-81.435148	59.305642	73.380467	64.715113	-294.974409	65.521540	113.091017	60.234595	-246.584164	0.214442	410.511978	0.269584	-195.504000	0.000000	38.323396	4.431388	-384.624000	0.000000	-1.976000	0.000000	65.896000	0.000000	123.875000	0.000000	-195.267000	0.000000	66.843000	0.000000	-115.378000	0.000000	-98.042000	0.000000	-51.739000	0.000000	-341.974000	0.000000	-119.067000	0.000000	81.684000	0.000000

2024-09-09	13:33:47	1725881627.982052	-43146.994898	-0.044311	-0.160902	65.678067	61.054707	-275.414333	96.027024	248.113958	156.920417	223.318167	147.688014	-129.791328	89.670003	110.711258	55.927292	-264.580849	41.010158	84.860940	41.915954	-246.905891	0.347055	410.223594	0.205050	-195.504000	0.000000	36.937975	3.811743	-384.624000	0.000000	-1.976000	0.000000	65.896000	0.000000	123.875000	0.000000	-195.267000	0.000000	66.843000	0.000000	-115.378000	0.000000	-98.042000	0.000000	-51.739000	0.000000	-341.974000	0.000000	-119.067000	0.000000	81.684000	0.000000

2024-09-09	13:33:48	1725881628.981475	-43145.995474	-0.044311	-0.160902	-33.444733	125.683861	-170.572013	98.108653	351.196460	239.623467	130.205856	274.998193	-88.969982	39.968025	89.020957	51.857094	-265.174498	83.687905	81.846198	73.950277	-247.016938	0.141083	409.876771	0.122859	-195.504000	0.000000	39.945298	4.340791	-384.624000	0.000000	-1.976000	0.000000	65.896000	0.000000	123.875000	0.000000	-195.267000	0.000000	66.843000	0.000000	-115.378000	0.000000	-98.042000	0.000000	-51.739000	0.000000	-341.974000	0.000000	-119.067000	0.000000	81.684000	0.000000

2024-09-09	13:33:49	1725881629.981921	-43144.995028	-0.044311	-0.160902	-104.144981	210.155868	-112.482011	212.304532	337.128014	243.304136	129.596396	254.741785	-136.623309	86.669289	120.028644	92.042038	-317.105236	59.151744	129.640881	61.498043	-246.932203	0.202654	410.010671	0.154689	-195.504000	0.000000	36.727954	3.104384	-384.624000	0.000000	-1.976000	0.000000	65.896000	0.000000	123.875000	0.000000	-195.267000	0.000000	66.843000	0.000000	-115.378000	0.000000	-98.042000	0.000000	-51.739000	0.000000	-341.974000	0.000000	-119.067000	0.000000	81.684000	0.000000

2024-09-09	13:33:50	1725881630.981343	-43143.995607	-0.044311	-0.160902	110.305338	192.142858	-321.726599	173.711539	240.101201	111.964871	221.520895	112.278864	-103.233536	62.726605	73.716623	58.220305	-239.266071	25.034248	58.681043	33.152306	-246.815380	0.277048	410.278597	0.194123	-195.504000	0.000000	37.645358	3.548063	-384.624000	0.000000	-1.976000	0.000000	65.896000	0.000000	123.875000	0.000000	-195.267000	0.000000	66.843000	0.000000	-115.378000	0.000000	-98.042000	0.000000	-51.739000	0.000000	-341.974000	0.000000	-119.067000	0.000000	81.684000	0.000000

2024-09-09	13:33:51	1725881631.981766	-43142.995184	-0.044311	-0.167521	-71.542102	133.083509	-142.710685	114.328157	311.840843	53.755003	159.670992	96.108140	-128.786513	100.701532	117.488145	89.028098	-273.788014	54.548771	89.206964	50.736583	-246.637347	0.265510	410.735748	0.207106	-195.504000	0.000000	34.687949	3.863058	-384.624000	0.000000	-1.976000	0.000000	65.896000	0.000000	123.875000	0.000000	-195.267000	0.000000	66.843000	0.000000	-115.378000	0.000000	-98.042000	0.000000	-51.739000	0.000000	-341.974000	0.000000	-119.067000	0.000000	81.684000	0.000000

2024-09-09	13:33:52	1725881632.981207	-43141.995742	-0.044311	-0.167521	5.903384	78.205353	-207.828260	114.098621	201.250234	148.020964	275.625713	172.245757	-94.934754	66.783886	82.892995	51.279475	-281.188561	78.872465	98.048260	78.182662	-246.511164	0.204601	410.455942	0.216675	-195.504000	0.000000	38.293374	3.156098	-384.624000	0.000000	-1.976000	0.000000	65.896000	0.000000	123.875000	0.000000	-195.267000	0.000000	66.843000	0.000000	-115.378000	0.000000	-98.042000	0.000000	-51.739000	0.000000	-341.974000	0.000000	-119.067000	0.000000	81.684000	0.000000

2024-09-09	13:33:53	1725881633.981612	-43140.995338	-0.044311	-0.167521	-5.020966	336.929591	-207.363171	334.701158	362.510307	99.635911	93.147847	86.455357	-90.781599	68.297201	66.784523	62.187028	-272.579163	76.671198	89.333391	73.738105	-246.364890	0.287451	410.003717	0.174579	-195.504000	0.000000	38.570678	3.682140	-384.624000	0.000000	-1.976000	0.000000	65.896000	0.000000	123.875000	0.000000	-195.267000	0.000000	66.843000	0.000000	-115.378000	0.000000	-98.042000	0.000000	-51.739000	0.000000	-341.974000	0.000000	-119.067000	0.000000	81.684000	0.000000

2024-09-09	13:33:54	1725881634.982054	-43139.994895	-0.044311	-0.167521	168.349716	145.168128	-385.425892	130.210743	152.512958	133.912433	319.110862	107.101275	-67.938461	128.399662	56.573624	104.029655	-292.851280	31.248775	112.161891	33.765459	-246.834991	0.161127	409.855108	0.227984	-195.504000	0.000000	37.345747	3.898652	-384.624000	0.000000	-1.976000	0.000000	65.896000	0.000000	123.875000	0.000000	-195.267000	0.000000	66.843000	0.000000	-115.378000	0.000000	-98.042000	0.000000	-51.739000	0.000000	-341.974000	0.000000	-119.067000	0.000000	81.684000	0.000000

2024-09-09	13:33:55	1725881635.981458	-43138.995492	-0.044311	-0.167521	-382.139148	231.124232	186.351823	255.103842	313.063517	87.159478	156.790518	107.151176	-129.426997	71.729154	114.910650	83.783375	-278.551845	43.403252	92.963176	42.035782	-246.635694	0.201224	410.204392	0.140107	-195.504000	0.000000	35.800032	2.697039	-384.624000	0.000000	-1.976000	0.000000	65.896000	0.000000	123.875000	0.000000	-195.267000	0.000000	66.843000	0.000000	-115.378000	0.000000	-98.042000	0.000000	-51.739000	0.000000	-341.974000	0.000000	-119.067000	0.000000	81.684000	0.000000

2024-09-09	13:33:56	1725881636.981881	-43137.995069	-0.044311	-0.167521	257.821021	234.661838	-482.062127	222.917739	199.550121	124.727568	273.718484	78.863029	-112.316695	112.966832	92.706316	127.317279	-257.362311	38.757516	74.118390	31.921238	-246.522500	0.162386	410.066374	0.357266	-195.504000	0.000000	36.310783	3.488427	-384.624000	0.000000	-1.976000	0.000000	65.896000	0.000000	123.875000	0.000000	-195.267000	0.000000	66.843000	0.000000	-115.378000	0.000000	-98.042000	0.000000	-51.739000	0.000000	-341.974000	0.000000	-119.067000	0.000000	81.684000	0.000000

2024-09-09	13:33:57	1725881637.981304	-43136.995646	-0.044311	-0.167521	-143.751894	136.782682	-66.168688	125.977962	340.895620	115.595205	134.845181	115.313196	-113.673332	118.192589	100.288172	116.638255	-265.435490	51.659147	82.449052	49.025204	-246.923879	0.253903	410.142567	0.288530	-195.504000	0.000000	41.943225	3.164773	-384.624000	0.000000	-1.976000	0.000000	65.896000	0.000000	123.875000	0.000000	-195.267000	0.000000	66.843000	0.000000	-115.378000	0.000000	-98.042000	0.000000	-51.739000	0.000000	-341.974000	0.000000	-119.067000	0.000000	81.684000	0.000000

2024-09-09	13:33:58	1725881638.981727	-43135.995223	-0.044311	-0.167521	33.617970	212.003187	-231.122820	210.410889	260.343730	72.195464	223.922418	73.868444	-79.761480	61.205253	66.197590	64.949840	-280.194066	46.885028	97.550967	50.279818	-246.630707	0.146494	410.126979	0.225134	-195.504000	0.000000	34.083844	4.152268	-384.624000	0.000000	-1.976000	0.000000	65.896000	0.000000	123.875000	0.000000	-195.267000	0.000000	66.843000	0.000000	-115.378000	0.000000	-98.042000	0.000000	-51.739000	0.000000	-341.974000	0.000000	-119.067000	0.000000	81.684000	0.000000

2024-09-09	13:33:59	1725881639.983167	-43134.993783	-0.044311	-0.147661	-4.804051	102.684242	-216.540955	114.815874	191.678218	172.847792	259.309251	162.576831	-83.382536	45.525121	61.311473	57.871914	-264.625291	63.406374	85.090504	67.110289	-246.948867	0.238480	409.927651	0.188586	-195.504000	0.000000	39.692203	3.136203	-384.624000	0.000000	-1.976000	0.000000	65.896000	0.000000	123.875000	0.000000	-195.267000	0.000000	66.843000	0.000000	-115.378000	0.000000	-98.042000	0.000000	-51.739000	0.000000	-341.974000	0.000000	-119.067000	0.000000	81.684000	0.000000

2024-09-09	13:34:00	1725881640.982591	-43133.994359	-0.044311	-0.147661	-15.865289	142.308985	-201.929076	128.820051	271.456608	161.213828	187.773791	147.610814	-122.345717	37.594452	98.303531	54.597164	-269.377973	10.416469	82.330559	14.874416	-246.905909	0.249501	410.183069	0.128811	-195.504000	0.000000	35.124580	6.788140	-384.624000	0.000000	-1.976000	0.000000	65.896000	0.000000	123.875000	0.000000	-195.267000	0.000000	66.843000	0.000000	-115.378000	0.000000	-98.042000	0.000000	-51.739000	0.000000	-341.974000	0.000000	-119.067000	0.000000	81.684000	0.000000

2024-09-09	13:34:01	1725881641.982996	-43132.993954	-0.044311	-0.147661	-112.521927	148.582815	-98.694172	131.432627	323.281846	109.174452	152.323775	98.510857	-111.144072	74.635947	101.697892	46.868877	-280.519078	43.170697	98.402615	42.891295	-246.581436	0.170013	410.036889	0.176565	-195.504000	0.000000	39.843211	3.850713	-384.624000	0.000000	-1.976000	0.000000	65.896000	0.000000	123.875000	0.000000	-195.267000	0.000000	66.843000	0.000000	-115.378000	0.000000	-98.042000	0.000000	-51.739000	0.000000	-341.974000	0.000000	-119.067000	0.000000	81.684000	0.000000

2024-09-09	13:34:02	1725881642.982419	-43131.994531	-0.044311	-0.147661	-13.673263	198.658302	-199.936379	180.142215	360.656703	59.969780	106.778520	48.674339	-68.538234	176.828932	50.973375	159.556516	-283.540374	21.313993	98.802490	21.852346	-247.018674	0.369254	410.046865	0.155811	-195.504000	0.000000	36.388484	2.950521	-384.624000	0.000000	-1.976000	0.000000	65.896000	0.000000	123.875000	0.000000	-195.267000	0.000000	66.843000	0.000000	-115.378000	0.000000	-98.042000	0.000000	-51.739000	0.000000	-341.974000	0.000000	-119.067000	0.000000	81.684000	0.000000

2024-09-09	13:34:03	1725881643.982842	-43130.994108	-0.044311	-0.147661	47.776461	250.156494	-243.424555	255.439755	257.189524	91.845537	214.961389	114.950569	-86.152269	81.711474	63.997216	52.939455	-258.733518	79.265285	76.300342	70.264812	-246.908506	0.173705	410.223138	0.256058	-195.504000	0.000000	38.179358	3.754269	-384.624000	0.000000	-1.976000	0.000000	65.896000	0.000000	123.875000	0.000000	-195.267000	0.000000	66.843000	0.000000	-115.378000	0.000000	-98.042000	0.000000	-51.739000	0.000000	-341.974000	0.000000	-119.067000	0.000000	81.684000	0.000000

2024-09-09	13:34:04	1725881644.982266	-43129.994684	-0.044311	-0.147661	-111.178343	222.134225	-98.199883	195.910786	311.669131	108.789679	153.038552	131.355112	-151.389092	94.785816	139.294918	89.972163	-268.419366	55.499669	88.556463	53.780136	-246.755485	0.245628	410.336657	0.210666	-195.504000	0.000000	40.072624	3.600718	-384.624000	0.000000	-1.976000	0.000000	65.896000	0.000000	123.875000	0.000000	-195.267000	0.000000	66.843000	0.000000	-115.378000	0.000000	-98.042000	0.000000	-51.739000	0.000000	-341.974000	0.000000	-119.067000	0.000000	81.684000	0.000000

2024-09-09	13:34:05	1725881645.982688	-43128.994261	-0.044311	-0.147661	145.403719	178.099180	-368.448717	157.748155	243.413224	98.295676	214.738507	129.939439	-115.830673	85.838118	94.060343	83.816248	-288.221108	47.874520	105.252369	54.880817	-247.120355	0.223096	410.298618	0.213069	-195.504000	0.000000	38.181336	3.736193	-384.624000	0.000000	-1.976000	0.000000	65.896000	0.000000	123.875000	0.000000	-195.267000	0.000000	66.843000	0.000000	-115.378000	0.000000	-98.042000	0.000000	-51.739000	0.000000	-341.974000	0.000000	-119.067000	0.000000	81.684000	0.000000

2024-09-09	13:34:06	1725881646.983111	-43127.993838	-0.044311	-0.147661	-17.295105	231.945063	-203.266995	238.998067	295.364219	174.902842	173.586586	171.812318	-88.916768	107.342207	76.053622	105.460746	-291.956195	50.766813	103.071537	48.462631	-246.967559	0.421858	410.097795	0.183784	-195.504000	0.000000	35.690015	2.922170	-384.624000	0.000000	-1.976000	0.000000	65.896000	0.000000	123.875000	0.000000	-195.267000	0.000000	66.843000	0.000000	-115.378000	0.000000	-98.042000	0.000000	-51.739000	0.000000	-341.974000	0.000000	-119.067000	0.000000	81.684000	0.000000

2024-09-09	13:34:07	1725881647.982534	-43126.994415	-0.044311	-0.147661	-82.880849	131.298518	-120.661573	146.424369	308.242669	137.147948	177.362954	151.481161	-145.213429	99.360744	125.107958	98.791706	-256.972904	66.394494	75.073444	72.121415	-247.303811	0.409611	409.846723	0.148752	-195.504000	0.000000	38.070542	4.256808	-384.624000	0.000000	-1.976000	0.000000	65.896000	0.000000	123.875000	0.000000	-195.267000	0.000000	66.843000	0.000000	-115.378000	0.000000	-98.042000	0.000000	-51.739000	0.000000	-341.974000	0.000000	-119.067000	0.000000	81.684000	0.000000

2024-09-09	13:34:08	1725881648.982974	-43125.993976	-0.044311	-0.147661	-161.959626	40.167979	-56.086537	57.085686	288.703185	114.258351	162.631204	104.332475	-55.988981	108.660869	37.004220	137.491772	-268.272849	54.463417	88.738864	47.112410	-246.391631	0.450769	410.179932	0.159389	-195.504000	0.000000	38.236942	3.784538	-384.624000	0.000000	-1.976000	0.000000	65.896000	0.000000	123.875000	0.000000	-195.267000	0.000000	66.843000	0.000000	-115.378000	0.000000	-98.042000	0.000000	-51.739000	0.000000	-341.974000	0.000000	-119.067000	0.000000	81.684000	0.000000

2024-09-09	13:34:09	1725881649.982380	-43124.994570	-0.044311	-0.147661	93.678024	95.951440	-297.758054	107.750519	266.284083	54.759392	198.645608	41.916397	-102.290322	64.676161	88.341648	67.067218	-259.493391	67.677353	78.086949	66.402099	-246.524591	0.210112	409.778160	0.121975	-195.504000	0.000000	39.648947	3.862009	-384.624000	0.000000	-1.976000	0.000000	65.896000	0.000000	123.875000	0.000000	-195.267000	0.000000	66.843000	0.000000	-115.378000	0.000000	-98.042000	0.000000	-51.739000	0.000000	-341.974000	0.000000	-119.067000	0.000000	81.684000	0.000000

2024-09-09	13:34:10	1725881650.982803	-43123.994146	-0.044311	-0.147661	16.553647	115.867332	-226.523929	107.078251	257.606794	134.955930	220.902918	130.966183	-109.332760	78.211120	100.640405	76.715252	-315.873815	45.036438	133.647693	39.316816	-246.503419	0.207268	409.850322	0.153100	-195.504000	0.000000	34.666680	3.651291	-384.624000	0.000000	-1.976000	0.000000	65.896000	0.000000	123.875000	0.000000	-195.267000	0.000000	66.843000	0.000000	-115.378000	0.000000	-98.042000	0.000000	-51.739000	0.000000	-341.974000	0.000000	-119.067000	0.000000	81.684000	0.000000

2024-09-09	13:34:11	1725881651.982227	-43122.994723	-0.044311	-0.147661	-171.473777	57.220412	-43.273348	58.887095	300.498070	126.797206	155.201956	105.239152	-80.407110	58.232861	60.405117	59.590546	-267.844875	48.375164	83.848995	50.169646	-246.576752	0.153036	409.778748	0.159834	-195.504000	0.000000	34.785268	3.058238	-384.624000	0.000000	-1.976000	0.000000	65.896000	0.000000	123.875000	0.000000	-195.267000	0.000000	66.843000	0.000000	-115.378000	0.000000	-98.042000	0.000000	-51.739000	0.000000	-341.974000	0.000000	-119.067000	0.000000	81.684000	0.000000

2024-09-09	13:34:12	1725881652.982649	-43121.994300	-0.044311	-0.147661	-38.166796	131.003425	-162.305717	151.270976	250.166614	183.843742	234.012962	176.189275	-145.097293	65.920701	131.283749	54.566796	-270.950948	33.966144	90.276809	37.073132	-246.794758	0.334774	409.791697	0.217798	-195.504000	0.000000	37.462055	4.128122	-384.624000	0.000000	-1.976000	0.000000	65.896000	0.000000	123.875000	0.000000	-195.267000	0.000000	66.843000	0.000000	-115.378000	0.000000	-98.042000	0.000000	-51.739000	0.000000	-341.974000	0.000000	-119.067000	0.000000	81.684000	0.000000

2024-09-09	13:34:13	1725881653.984072	-43120.992878	-0.044311	-0.147661	-17.481869	160.931270	-194.963980	137.590508	416.821454	63.575338	56.473644	49.388466	-103.309731	93.218707	91.645769	104.048532	-257.805847	27.483342	74.913936	23.514005	-246.331055	0.208074	409.868005	0.171417	-195.504000	0.000000	39.228053	3.972117	-384.624000	0.000000	-1.976000	0.000000	65.896000	0.000000	123.875000	0.000000	-195.267000	0.000000	66.843000	0.000000	-115.378000	0.000000	-98.042000	0.000000	-51.739000	0.000000	-341.974000	0.000000	-119.067000	0.000000	81.684000	0.000000

2024-09-09	13:34:14	1725881654.983496	-43119.993454	-0.044311	-0.160902	57.542414	56.124621	-287.327519	56.590558	239.868063	189.572460	210.573263	159.093132	-34.086649	54.073048	7.721129	90.504379	-311.128891	95.709974	123.014443	88.316958	-246.422255	0.133064	410.216242	0.218787	-195.504000	0.000000	39.630718	4.343096	-384.624000	0.000000	-1.976000	0.000000	65.896000	0.000000	123.875000	0.000000	-195.267000	0.000000	66.843000	0.000000	-115.378000	0.000000	-98.042000	0.000000	-51.739000	0.000000	-341.974000	0.000000	-119.067000	0.000000	81.684000	0.000000

2024-09-09	13:34:15	1725881655.983918	-43118.993032	-0.044311	-0.160902	-38.475925	150.897938	-151.861829	138.163964	267.728982	144.546519	231.830349	146.068280	-131.028047	114.427589	127.403043	82.844511	-249.378252	83.335862	70.088192	78.946660	-246.440687	0.161465	409.597639	0.144555	-195.504000	0.000000	39.822614	3.578998	-384.624000	0.000000	-1.976000	0.000000	65.896000	0.000000	123.875000	0.000000	-195.267000	0.000000	66.843000	0.000000	-115.378000	0.000000	-98.042000	0.000000	-51.739000	0.000000	-341.974000	0.000000	-119.067000	0.000000	81.684000	0.000000

2024-09-09	13:34:16	1725881656.983361	-43117.993589	-0.044311	-0.160902	35.440274	104.621212	-250.814367	74.198831	297.649307	99.337935	146.005289	100.243899	-68.982673	61.227643	42.750729	92.221458	-276.046102	34.808850	89.908440	50.595730	-246.525986	0.276892	409.830888	0.259186	-195.504000	0.000000	42.676355	3.673497	-384.624000	0.000000	-1.976000	0.000000	65.896000	0.000000	123.875000	0.000000	-195.267000	0.000000	66.843000	0.000000	-115.378000	0.000000	-98.042000	0.000000	-51.739000	0.000000	-341.974000	0.000000	-119.067000	0.000000	81.684000	0.000000

2024-09-09	13:34:17	1725881657.983783	-43116.993166	-0.044311	-0.160902	-71.220950	136.053955	-134.825353	170.222720	173.137393	144.133718	316.286848	104.903401	-133.852743	118.099620	112.979374	99.586015	-289.801065	44.947657	106.941710	41.788520	-246.691734	0.303444	409.725937	0.222046	-195.504000	0.000000	39.132826	3.122349	-384.624000	0.000000	-1.976000	0.000000	65.896000	0.000000	123.875000	0.000000	-195.267000	0.000000	66.843000	0.000000	-115.378000	0.000000	-98.042000	0.000000	-51.739000	0.000000	-341.974000	0.000000	-119.067000	0.000000	81.684000	0.000000

2024-09-09	13:34:18	1725881658.983207	-43115.993742	-0.044311	-0.160902	65.540288	189.117372	-284.829351	183.164130	295.235571	147.584643	176.317527	152.126590	-94.025512	106.580022	82.975118	118.087139	-283.988928	67.132255	97.359025	63.671021	-246.734246	0.164562	409.995286	0.214269	-195.504000	0.000000	37.667176	3.050547	-384.624000	0.000000	-1.976000	0.000000	65.896000	0.000000	123.875000	0.000000	-195.267000	0.000000	66.843000	0.000000	-115.378000	0.000000	-98.042000	0.000000	-51.739000	0.000000	-341.974000	0.000000	-119.067000	0.000000	81.684000	0.000000

2024-09-09	13:34:19	1725881659.983612	-43114.993338	-0.044311	-0.160902	18.684988	249.903854	-235.223579	244.817040	266.499530	188.634235	191.601117	180.671360	-121.025887	118.391474	87.141254	118.033138	-255.713065	97.263188	70.355499	97.305153	-246.459530	0.151645	409.835896	0.162026	-195.504000	0.000000	38.603321	4.100555	-384.624000	0.000000	-1.976000	0.000000	65.896000	0.000000	123.875000	0.000000	-195.267000	0.000000	66.843000	0.000000	-115.378000	0.000000	-98.042000	0.000000	-51.739000	0.000000	-341.974000	0.000000	-119.067000	0.000000	81.684000	0.000000

2024-09-09	13:34:20	1725881660.985035	-43113.991914	-0.044311	-0.160902	-1.904405	119.323305	-218.190530	138.310495	323.902893	161.457154	129.347961	137.883810	-117.731053	70.990839	97.456447	56.348822	-298.477856	65.224683	111.658498	52.555839	-246.579629	0.199701	410.114637	0.209475	-195.504000	0.000000	39.373639	3.832090	-384.624000	0.000000	-1.976000	0.000000	65.896000	0.000000	123.875000	0.000000	-195.267000	0.000000	66.843000	0.000000	-115.378000	0.000000	-98.042000	0.000000	-51.739000	0.000000	-341.974000	0.000000	-119.067000	0.000000	81.684000	0.000000

2024-09-09	13:34:21	1725881661.984461	-43112.992489	-0.044311	-0.160902	-72.349887	146.694528	-122.553182	137.024485	294.953958	76.200743	194.685935	92.804234	-72.116537	68.370232	75.130047	57.229204	-256.346042	44.849604	73.584849	45.573029	-246.471084	0.157073	409.905460	0.300555	-195.504000	0.000000	39.988584	3.925402	-384.624000	0.000000	-1.976000	0.000000	65.896000	0.000000	123.875000	0.000000	-195.267000	0.000000	66.843000	0.000000	-115.378000	0.000000	-98.042000	0.000000	-51.739000	0.000000	-341.974000	0.000000	-119.067000	0.000000	81.684000	0.000000

2024-09-09	13:34:22	1725881662.984883	-43111.992066	-0.044311	-0.160902	90.282169	74.595725	-311.243394	60.614427	282.854993	93.853459	171.903959	92.673231	-117.961019	70.322199	93.870246	61.359218	-268.119976	50.048606	83.167261	42.092109	-246.546652	0.214360	409.989823	0.207239	-195.504000	0.000000	38.274357	3.617381	-384.624000	0.000000	-1.976000	0.000000	65.896000	0.000000	123.875000	0.000000	-195.267000	0.000000	66.843000	0.000000	-115.378000	0.000000	-98.042000	0.000000	-51.739000	0.000000	-341.974000	0.000000	-119.067000	0.000000	81.684000	0.000000

2024-09-09	13:34:23	1725881663.984324	-43110.992625	-0.044311	-0.160902	-98.092525	67.520867	-100.012775	46.140877	325.396846	67.665600	167.404184	57.551897	-144.357360	80.316430	141.407770	59.337518	-307.696178	82.206757	128.867021	78.430548	-246.705722	0.265387	410.214226	0.171937	-195.504000	0.000000	37.567475	3.839125	-384.624000	0.000000	-1.976000	0.000000	65.896000	0.000000	123.875000	0.000000	-195.267000	0.000000	66.843000	0.000000	-115.378000	0.000000	-98.042000	0.000000	-51.739000	0.000000	-341.974000	0.000000	-119.067000	0.000000	81.684000	0.000000

2024-09-09	13:34:24	1725881664.984731	-43109.992219	-0.044311	-0.160902	2.987136	113.336621	-225.680173	99.835058	252.847657	40.460053	199.741525	32.004441	-68.337801	48.157859	39.663540	47.303810	-251.415050	20.441498	63.575982	24.400864	-246.309617	0.297495	410.336903	0.142523	-195.504000	0.000000	34.615251	3.052071	-384.624000	0.000000	-1.976000	0.000000	65.896000	0.000000	123.875000	0.000000	-195.267000	0.000000	66.843000	0.000000	-115.378000	0.000000	-98.042000	0.000000	-51.739000	0.000000	-341.974000	0.000000	-119.067000	0.000000	81.684000	0.000000

2024-09-09	13:34:25	1725881665.986169	-43108.990780	-0.044311	-0.160902	18.516260	119.316014	-228.480087	77.191816	327.049205	85.642818	149.157624	109.338149	-121.041659	61.787109	110.874968	48.710997	-254.975698	21.742261	74.595662	15.091929	-246.521274	0.291250	410.284844	0.279020	-195.504000	0.000000	41.550057	5.369133	-384.624000	0.000000	-1.976000	0.000000	65.896000	0.000000	123.875000	0.000000	-195.267000	0.000000	66.843000	0.000000	-115.378000	0.000000	-98.042000	0.000000	-51.739000	0.000000	-341.974000	0.000000	-119.067000	0.000000	81.684000	0.000000

2024-09-09	13:34:26	1725881666.985577	-43107.991373	-0.044311	-0.160902	-108.882740	121.874275	-103.930887	129.471954	145.671758	155.706829	300.832526	160.841574	-129.584326	57.533311	97.572656	58.303922	-323.659885	64.669212	137.834777	68.124435	-246.666331	0.164996	410.221062	0.166845	-195.504000	0.000000	38.881719	3.166873	-384.624000	0.000000	-1.976000	0.000000	65.896000	0.000000	123.875000	0.000000	-195.267000	0.000000	66.843000	0.000000	-115.378000	0.000000	-98.042000	0.000000	-51.739000	0.000000	-341.974000	0.000000	-119.067000	0.000000	81.684000	0.000000

