Date/C:Time:TimeStamp/D:time:VMeas:IMeas:I_00:DI_00:I_01:DI_01:I_02:DI_02:I_03:DI_03:I_04:DI_04:I_05:DI_05:I_06:DI_06:I_07:DI_07:I_08:DI_08:I_09:DI_09:I_10:DI_10:I_11:DI_11:I_12:DI_12:I_13:DI_13:I_14:DI_14:I_15:DI_15:I_16:DI_16:I_17:DI_17:I_18:DI_18:I_19:DI_19:I_20:DI_20:I_21:DI_21:I_22:DI_22:I_23:DI_23
2024-09-09	13:16:23	1725880583.884638	-42628.951033	-0.044311	-0.167521	123.445750	104.309912	-340.996874	85.459244	251.425150	139.842162	229.167515	111.466361	-136.609845	101.969670	118.967359	87.255706	-223.158217	36.476147	38.900772	38.779219	-246.606852	0.242830	408.143792	0.188229	-195.504000	0.000000	37.701240	3.397796	-384.624000	0.000000	-1.976000	0.000000	65.896000	0.000000	123.875000	0.000000	-195.267000	0.000000	66.843000	0.000000	-115.378000	0.000000	-98.042000	0.000000	-51.739000	0.000000	-341.974000	0.000000	-119.067000	0.000000	81.684000	0.000000

2024-09-09	13:16:24	1725880584.884064	-42627.951606	-0.044311	-0.167521	45.363412	153.686420	-253.552464	133.751691	252.716684	94.727177	228.247958	100.002109	-85.357012	69.844421	73.340747	61.910273	-248.450782	54.236444	65.061315	50.117724	-246.296213	0.216602	407.882601	0.195086	-195.504000	0.000000	38.924126	3.742549	-384.624000	0.000000	-1.976000	0.000000	65.896000	0.000000	123.875000	0.000000	-195.267000	0.000000	66.843000	0.000000	-115.378000	0.000000	-98.042000	0.000000	-51.739000	0.000000	-341.974000	0.000000	-119.067000	0.000000	81.684000	0.000000

2024-09-09	13:16:25	1725880585.884487	-42626.951184	-0.044311	-0.167521	-266.946627	131.040638	61.855910	107.098405	182.931581	139.062922	289.528805	164.078653	-49.187785	42.345229	34.818349	70.646083	-269.005290	59.750167	86.580421	67.638576	-246.655711	0.197676	408.020039	0.143438	-195.504000	0.000000	40.863685	4.079204	-384.624000	0.000000	-1.976000	0.000000	65.896000	0.000000	123.875000	0.000000	-195.267000	0.000000	66.843000	0.000000	-115.378000	0.000000	-98.042000	0.000000	-51.739000	0.000000	-341.974000	0.000000	-119.067000	0.000000	81.684000	0.000000

2024-09-09	13:16:26	1725880586.883911	-42625.951760	-0.044311	-0.167521	6.187408	140.013527	-207.245242	111.709513	344.161082	116.901327	143.053951	79.701738	-104.761143	86.704926	86.446641	61.452097	-291.605566	43.491395	106.125584	52.827604	-246.520010	0.199001	407.848463	0.149293	-195.504000	0.000000	37.269776	5.037170	-384.624000	0.000000	-1.976000	0.000000	65.896000	0.000000	123.875000	0.000000	-195.267000	0.000000	66.843000	0.000000	-115.378000	0.000000	-98.042000	0.000000	-51.739000	0.000000	-341.974000	0.000000	-119.067000	0.000000	81.684000	0.000000

2024-09-09	13:16:27	1725880587.884333	-42624.951338	-0.044311	-0.167521	111.479285	156.043127	-314.926672	107.652295	319.628442	88.753940	164.547595	86.627899	-94.690142	118.923416	90.582876	86.108402	-243.179091	56.932803	60.418924	51.984647	-246.670925	0.176477	407.757112	0.194163	-195.504000	0.000000	38.997600	3.316393	-384.624000	0.000000	-1.976000	0.000000	65.896000	0.000000	123.875000	0.000000	-195.267000	0.000000	66.843000	0.000000	-115.378000	0.000000	-98.042000	0.000000	-51.739000	0.000000	-341.974000	0.000000	-119.067000	0.000000	81.684000	0.000000

2024-09-09	13:16:28	1725880588.884756	-42623.950915	-0.044311	-0.160902	-22.046505	157.942889	-206.267865	130.369581	276.579788	120.539143	181.695551	145.013286	-127.691027	103.776871	88.790803	83.864864	-272.821910	70.231589	82.745268	65.102482	-246.767878	0.126603	407.585257	0.207674	-195.504000	0.000000	38.810809	2.820445	-384.624000	0.000000	-1.976000	0.000000	65.896000	0.000000	123.875000	0.000000	-195.267000	0.000000	66.843000	0.000000	-115.378000	0.000000	-98.042000	0.000000	-51.739000	0.000000	-341.974000	0.000000	-119.067000	0.000000	81.684000	0.000000

2024-09-09	13:16:29	1725880589.884179	-42622.951491	-0.044311	-0.160902	-58.302470	337.851881	-150.903408	298.623600	238.083639	171.939019	246.343823	154.790620	-104.771491	117.324975	87.201715	122.054699	-281.310846	27.581175	96.288585	28.252490	-246.555255	0.122605	407.778569	0.215845	-195.504000	0.000000	40.327399	3.699951	-384.624000	0.000000	-1.976000	0.000000	65.896000	0.000000	123.875000	0.000000	-195.267000	0.000000	66.843000	0.000000	-115.378000	0.000000	-98.042000	0.000000	-51.739000	0.000000	-341.974000	0.000000	-119.067000	0.000000	81.684000	0.000000

2024-09-09	13:16:30	1725880590.884602	-42621.951069	-0.044311	-0.160902	77.079345	214.560178	-285.033039	197.545261	250.427863	147.422386	232.156914	191.993057	-157.993553	81.208033	148.050242	97.140124	-266.961754	49.287237	80.044086	53.490517	-246.682249	0.131986	407.948171	0.203293	-195.504000	0.000000	40.028556	3.993719	-384.624000	0.000000	-1.976000	0.000000	65.896000	0.000000	123.875000	0.000000	-195.267000	0.000000	66.843000	0.000000	-115.378000	0.000000	-98.042000	0.000000	-51.739000	0.000000	-341.974000	0.000000	-119.067000	0.000000	81.684000	0.000000

2024-09-09	13:16:31	1725880591.884025	-42620.951646	-0.044311	-0.160902	-150.450531	55.610268	-48.650597	47.488113	325.237473	106.199924	152.817595	121.052142	-113.973442	106.275707	100.900220	90.137588	-249.804450	39.063542	68.895667	38.636983	-246.837651	0.108677	408.246970	0.179218	-195.504000	0.000000	41.011881	5.565640	-384.624000	0.000000	-1.976000	0.000000	65.896000	0.000000	123.875000	0.000000	-195.267000	0.000000	66.843000	0.000000	-115.378000	0.000000	-98.042000	0.000000	-51.739000	0.000000	-341.974000	0.000000	-119.067000	0.000000	81.684000	0.000000

2024-09-09	13:16:32	1725880592.884449	-42619.951222	-0.044311	-0.160902	57.258035	259.882664	-282.674656	251.063046	285.641018	87.325250	169.760575	140.090738	-64.221763	47.548316	33.939189	47.291174	-284.912195	41.791094	95.372439	38.632498	-246.804179	0.228460	408.088023	0.232579	-195.504000	0.000000	42.568390	5.605811	-384.624000	0.000000	-1.976000	0.000000	65.896000	0.000000	123.875000	0.000000	-195.267000	0.000000	66.843000	0.000000	-115.378000	0.000000	-98.042000	0.000000	-51.739000	0.000000	-341.974000	0.000000	-119.067000	0.000000	81.684000	0.000000

2024-09-09	13:16:33	1725880593.883872	-42618.951799	-0.044311	-0.160902	-4.699690	284.499436	-196.586539	298.823400	254.146293	111.266297	243.312557	113.636198	-99.371052	147.519433	82.889806	129.050725	-257.259740	62.197528	75.843946	62.765021	-246.902999	0.216449	408.222077	0.218611	-195.504000	0.000000	38.678935	5.736400	-384.624000	0.000000	-1.976000	0.000000	65.896000	0.000000	123.875000	0.000000	-195.267000	0.000000	66.843000	0.000000	-115.378000	0.000000	-98.042000	0.000000	-51.739000	0.000000	-341.974000	0.000000	-119.067000	0.000000	81.684000	0.000000

2024-09-09	13:16:34	1725880594.884295	-42617.951376	-0.044311	-0.160902	-89.014022	175.069809	-128.166129	144.813795	258.493624	101.590258	210.345413	78.560056	-93.911338	84.498674	66.022699	82.591166	-297.524105	77.740619	110.623885	67.876836	-247.303064	0.191949	407.986883	0.225074	-195.504000	0.000000	41.591944	4.393255	-384.624000	0.000000	-1.976000	0.000000	65.896000	0.000000	123.875000	0.000000	-195.267000	0.000000	66.843000	0.000000	-115.378000	0.000000	-98.042000	0.000000	-51.739000	0.000000	-341.974000	0.000000	-119.067000	0.000000	81.684000	0.000000

2024-09-09	13:16:35	1725880595.884717	-42616.950953	-0.044311	-0.160902	-14.274858	137.782085	-192.956906	105.976749	352.713273	145.685467	138.264010	90.262899	-81.375572	104.495432	75.609097	136.801854	-271.992298	45.001450	87.335998	35.746615	-246.953683	0.228876	408.090137	0.269078	-195.504000	0.000000	38.310535	4.446561	-384.624000	0.000000	-1.976000	0.000000	65.896000	0.000000	123.875000	0.000000	-195.267000	0.000000	66.843000	0.000000	-115.378000	0.000000	-98.042000	0.000000	-51.739000	0.000000	-341.974000	0.000000	-119.067000	0.000000	81.684000	0.000000

2024-09-09	13:16:36	1725880596.884140	-42615.951530	-0.044311	-0.160902	-21.864740	128.961800	-192.760498	134.391733	271.997076	147.111932	192.692203	140.818801	-131.179441	194.740803	114.641827	176.401239	-249.116512	50.372915	66.690042	48.340137	-246.806795	0.154547	408.367617	0.218406	-195.504000	0.000000	39.610630	4.690477	-384.624000	0.000000	-1.976000	0.000000	65.896000	0.000000	123.875000	0.000000	-195.267000	0.000000	66.843000	0.000000	-115.378000	0.000000	-98.042000	0.000000	-51.739000	0.000000	-341.974000	0.000000	-119.067000	0.000000	81.684000	0.000000

2024-09-09	13:16:37	1725880597.884581	-42614.951089	-0.044311	-0.160902	-160.995351	143.999567	-52.133445	109.308523	261.282850	145.918756	209.237522	136.655504	-143.633253	165.257781	113.600439	137.922455	-294.169034	61.125500	105.806968	52.065156	-246.403582	0.113752	408.213758	0.269108	-195.504000	0.000000	39.470029	4.299170	-384.624000	0.000000	-1.976000	0.000000	65.896000	0.000000	123.875000	0.000000	-195.267000	0.000000	66.843000	0.000000	-115.378000	0.000000	-98.042000	0.000000	-51.739000	0.000000	-341.974000	0.000000	-119.067000	0.000000	81.684000	0.000000

2024-09-09	13:16:38	1725880598.883986	-42613.951684	-0.044311	-0.160902	273.565241	258.445327	-471.861791	236.986343	302.955735	81.773904	193.595044	101.290602	-110.058559	98.084822	103.373161	90.820930	-236.520889	55.069478	57.091861	54.274269	-246.080768	0.162280	408.129929	0.344204	-195.504000	0.000000	39.705268	3.726362	-384.624000	0.000000	-1.976000	0.000000	65.896000	0.000000	123.875000	0.000000	-195.267000	0.000000	66.843000	0.000000	-115.378000	0.000000	-98.042000	0.000000	-51.739000	0.000000	-341.974000	0.000000	-119.067000	0.000000	81.684000	0.000000

2024-09-09	13:16:39	1725880599.884428	-42612.951243	-0.044311	-0.160902	0.100677	194.092721	-212.781831	223.304298	293.043826	61.587397	194.730920	108.486894	-74.508994	145.852389	60.340652	131.670453	-260.339796	57.285446	76.121390	58.032469	-246.643673	0.312502	407.738694	0.173676	-195.504000	0.000000	39.604369	4.403222	-384.624000	0.000000	-1.976000	0.000000	65.896000	0.000000	123.875000	0.000000	-195.267000	0.000000	66.843000	0.000000	-115.378000	0.000000	-98.042000	0.000000	-51.739000	0.000000	-341.974000	0.000000	-119.067000	0.000000	81.684000	0.000000

2024-09-09	13:16:40	1725880600.883833	-42611.951838	-0.044311	-0.160902	-12.699059	101.325687	-203.407564	138.379171	247.213306	132.359359	212.023941	96.652739	-96.006926	164.417235	70.066319	127.120287	-312.092167	87.517768	122.732723	84.560722	-246.807303	0.176848	408.255144	0.337212	-195.504000	0.000000	35.913554	4.264332	-384.624000	0.000000	-1.976000	0.000000	65.896000	0.000000	123.875000	0.000000	-195.267000	0.000000	66.843000	0.000000	-115.378000	0.000000	-98.042000	0.000000	-51.739000	0.000000	-341.974000	0.000000	-119.067000	0.000000	81.684000	0.000000

2024-09-09	13:16:41	1725880601.884255	-42610.951415	-0.044311	-0.160902	-30.190226	112.815818	-169.051784	149.078553	250.257780	104.717967	251.140880	91.416783	-78.192774	165.771324	72.230848	115.806039	-254.043831	62.848433	72.308556	58.882208	-246.620816	0.244092	408.192205	0.153104	-195.504000	0.000000	34.963653	5.329667	-384.624000	0.000000	-1.976000	0.000000	65.896000	0.000000	123.875000	0.000000	-195.267000	0.000000	66.843000	0.000000	-115.378000	0.000000	-98.042000	0.000000	-51.739000	0.000000	-341.974000	0.000000	-119.067000	0.000000	81.684000	0.000000

2024-09-09	13:16:42	1725880602.884678	-42609.950992	-0.044311	-0.160902	21.419149	319.370144	-245.265325	292.936142	335.645242	134.573783	145.638755	92.361237	-154.542155	119.982506	127.896604	133.383953	-290.556188	42.384119	101.832042	37.861736	-246.534910	0.257198	408.494886	0.174446	-195.504000	0.000000	35.667337	3.453667	-384.624000	0.000000	-1.976000	0.000000	65.896000	0.000000	123.875000	0.000000	-195.267000	0.000000	66.843000	0.000000	-115.378000	0.000000	-98.042000	0.000000	-51.739000	0.000000	-341.974000	0.000000	-119.067000	0.000000	81.684000	0.000000

2024-09-09	13:16:43	1725880603.884120	-42608.951550	-0.044311	-0.167521	-99.174431	159.197189	-113.255002	178.853399	330.050534	89.547580	131.166909	127.391488	-155.415159	66.155202	132.069541	66.221895	-290.755584	65.537933	103.271472	60.353113	-247.185150	0.270949	408.384495	0.165329	-195.504000	0.000000	37.801245	4.909666	-384.624000	0.000000	-1.976000	0.000000	65.896000	0.000000	123.875000	0.000000	-195.267000	0.000000	66.843000	0.000000	-115.378000	0.000000	-98.042000	0.000000	-51.739000	0.000000	-341.974000	0.000000	-119.067000	0.000000	81.684000	0.000000

2024-09-09	13:16:44	1725880604.884525	-42607.951145	-0.044311	-0.167521	-148.201266	116.275238	-51.339927	134.305671	175.064351	217.026286	316.577531	209.129773	-97.107568	88.033946	85.614118	82.955868	-248.158910	62.123885	67.192368	61.416610	-246.799341	0.219638	408.238322	0.184071	-195.504000	0.000000	40.732085	3.866563	-384.624000	0.000000	-1.976000	0.000000	65.896000	0.000000	123.875000	0.000000	-195.267000	0.000000	66.843000	0.000000	-115.378000	0.000000	-98.042000	0.000000	-51.739000	0.000000	-341.974000	0.000000	-119.067000	0.000000	81.684000	0.000000

2024-09-09	13:16:45	1725880605.883948	-42606.951722	-0.044311	-0.167521	231.740784	177.330551	-458.689699	171.637379	267.234880	138.423707	202.412745	165.449040	-2.603635	69.365671	-24.795875	58.336903	-283.746424	57.647993	95.929688	49.931642	-246.781638	0.171228	407.961868	0.193989	-195.504000	0.000000	38.353440	2.817028	-384.624000	0.000000	-1.976000	0.000000	65.896000	0.000000	123.875000	0.000000	-195.267000	0.000000	66.843000	0.000000	-115.378000	0.000000	-98.042000	0.000000	-51.739000	0.000000	-341.974000	0.000000	-119.067000	0.000000	81.684000	0.000000

2024-09-09	13:16:46	1725880606.884371	-42605.951300	-0.044311	-0.167521	-46.384317	202.765167	-169.803325	192.951547	325.260409	234.601037	132.873915	287.897889	-128.905788	145.747652	107.753243	135.513026	-252.125605	99.473572	65.854867	94.379345	-246.670237	0.200730	408.097818	0.181555	-195.504000	0.000000	35.651553	3.574360	-384.624000	0.000000	-1.976000	0.000000	65.896000	0.000000	123.875000	0.000000	-195.267000	0.000000	66.843000	0.000000	-115.378000	0.000000	-98.042000	0.000000	-51.739000	0.000000	-341.974000	0.000000	-119.067000	0.000000	81.684000	0.000000

2024-09-09	13:16:47	1725880607.885794	-42604.949877	-0.044311	-0.167521	40.981731	131.426151	-255.717160	119.303266	210.148326	90.638707	280.597760	119.212300	-120.890650	62.092479	105.816980	41.024135	-297.176116	43.300657	111.497318	50.378059	-247.188621	0.260035	408.085346	0.215463	-195.504000	0.000000	37.871842	3.995954	-384.624000	0.000000	-1.976000	0.000000	65.896000	0.000000	123.875000	0.000000	-195.267000	0.000000	66.843000	0.000000	-115.378000	0.000000	-98.042000	0.000000	-51.739000	0.000000	-341.974000	0.000000	-119.067000	0.000000	81.684000	0.000000

2024-09-09	13:16:48	1725880608.885216	-42603.950454	-0.044311	-0.167521	-66.556005	126.568309	-139.334811	102.480144	357.254648	85.089484	130.576538	77.976402	-113.837378	62.640134	98.590412	68.941345	-264.776810	114.039476	80.142941	111.303298	-247.008880	0.194916	408.197569	0.306587	-195.504000	0.000000	38.437819	4.020618	-384.624000	0.000000	-1.976000	0.000000	65.896000	0.000000	123.875000	0.000000	-195.267000	0.000000	66.843000	0.000000	-115.378000	0.000000	-98.042000	0.000000	-51.739000	0.000000	-341.974000	0.000000	-119.067000	0.000000	81.684000	0.000000

2024-09-09	13:16:49	1725880609.885640	-42602.950030	-0.044311	-0.167521	42.674742	191.455361	-248.236509	159.528027	256.399774	155.025398	225.964619	156.669901	-77.276378	119.998228	51.516992	86.155481	-288.508131	26.850468	102.229505	31.194735	-246.612741	0.176322	408.094148	0.240292	-195.504000	0.000000	37.603586	3.764422	-384.624000	0.000000	-1.976000	0.000000	65.896000	0.000000	123.875000	0.000000	-195.267000	0.000000	66.843000	0.000000	-115.378000	0.000000	-98.042000	0.000000	-51.739000	0.000000	-341.974000	0.000000	-119.067000	0.000000	81.684000	0.000000

2024-09-09	13:16:50	1725880610.885063	-42601.950608	-0.044311	-0.167521	11.559341	136.300854	-224.553914	122.903386	266.025008	202.496182	200.865446	235.384234	-122.362936	143.060182	109.891490	121.049835	-231.494639	29.513995	50.722861	23.168340	-246.791087	0.175966	408.452055	0.220040	-195.504000	0.000000	38.176589	3.942125	-384.624000	0.000000	-1.976000	0.000000	65.896000	0.000000	123.875000	0.000000	-195.267000	0.000000	66.843000	0.000000	-115.378000	0.000000	-98.042000	0.000000	-51.739000	0.000000	-341.974000	0.000000	-119.067000	0.000000	81.684000	0.000000

2024-09-09	13:16:51	1725880611.885491	-42600.950180	-0.044311	-0.167521	-14.337052	100.332336	-208.313560	103.466811	316.538811	204.681347	149.496424	218.443438	-118.201210	61.919787	90.657030	69.160005	-298.690941	47.592803	105.833283	41.546563	-246.553691	0.269417	408.319315	0.312905	-195.504000	0.000000	38.054024	3.255482	-384.624000	0.000000	-1.976000	0.000000	65.896000	0.000000	123.875000	0.000000	-195.267000	0.000000	66.843000	0.000000	-115.378000	0.000000	-98.042000	0.000000	-51.739000	0.000000	-341.974000	0.000000	-119.067000	0.000000	81.684000	0.000000

2024-09-09	13:16:52	1725880612.884933	-42599.950738	-0.044311	-0.167521	-255.045718	230.803792	54.345630	218.958405	410.436277	152.128278	62.191947	102.652383	-52.856804	74.295773	42.283334	81.244688	-268.664330	46.178606	83.436723	30.436512	-246.435724	0.219259	408.016577	0.187746	-195.504000	0.000000	39.081605	5.574710	-384.624000	0.000000	-1.976000	0.000000	65.896000	0.000000	123.875000	0.000000	-195.267000	0.000000	66.843000	0.000000	-115.378000	0.000000	-98.042000	0.000000	-51.739000	0.000000	-341.974000	0.000000	-119.067000	0.000000	81.684000	0.000000

2024-09-09	13:16:53	1725880613.885337	-42598.950333	-0.044311	-0.167521	-34.364518	147.247051	-174.319621	156.058967	223.727090	198.636801	263.405228	179.502581	-64.680835	91.126063	42.573271	94.145257	-279.901244	62.154181	94.507957	55.164377	-246.370825	0.404585	408.237223	0.263454	-195.504000	0.000000	38.492012	3.222789	-384.624000	0.000000	-1.976000	0.000000	65.896000	0.000000	123.875000	0.000000	-195.267000	0.000000	66.843000	0.000000	-115.378000	0.000000	-98.042000	0.000000	-51.739000	0.000000	-341.974000	0.000000	-119.067000	0.000000	81.684000	0.000000

2024-09-09	13:16:54	1725880614.886759	-42597.948911	-0.044311	-0.167521	145.950978	240.165158	-357.571186	231.311013	365.958150	89.376305	120.644774	94.505453	-148.519986	88.389627	137.774515	61.882578	-272.462092	41.375099	85.902587	35.424224	-246.756849	0.230150	408.487571	0.252748	-195.504000	0.000000	36.607764	4.383777	-384.624000	0.000000	-1.976000	0.000000	65.896000	0.000000	123.875000	0.000000	-195.267000	0.000000	66.843000	0.000000	-115.378000	0.000000	-98.042000	0.000000	-51.739000	0.000000	-341.974000	0.000000	-119.067000	0.000000	81.684000	0.000000

2024-09-09	13:16:55	1725880615.886183	-42596.949487	-0.044311	-0.167521	1.616735	199.675633	-212.224621	182.339767	200.761622	117.861267	278.551348	158.069205	-105.118988	61.553016	83.617491	75.666298	-299.122502	46.454054	113.349024	50.646331	-246.744739	0.218581	408.484489	0.158754	-195.504000	0.000000	39.466046	3.256652	-384.624000	0.000000	-1.976000	0.000000	65.896000	0.000000	123.875000	0.000000	-195.267000	0.000000	66.843000	0.000000	-115.378000	0.000000	-98.042000	0.000000	-51.739000	0.000000	-341.974000	0.000000	-119.067000	0.000000	81.684000	0.000000

2024-09-09	13:16:56	1725880616.886606	-42595.949064	-0.044311	-0.167521	-35.678383	161.944695	-180.599513	139.430554	340.732296	149.915607	125.262671	113.528500	-132.822980	69.239191	110.477854	73.625554	-241.447010	41.999449	54.854657	50.768634	-246.871818	0.247090	408.255216	0.306877	-195.504000	0.000000	41.425293	3.362809	-384.624000	0.000000	-1.976000	0.000000	65.896000	0.000000	123.875000	0.000000	-195.267000	0.000000	66.843000	0.000000	-115.378000	0.000000	-98.042000	0.000000	-51.739000	0.000000	-341.974000	0.000000	-119.067000	0.000000	81.684000	0.000000

2024-09-09	13:16:57	1725880617.886030	-42594.949641	-0.044311	-0.167521	-8.716385	71.102605	-200.737795	68.947371	249.733527	123.019713	226.136555	115.470152	-128.647152	91.374239	117.768547	65.273526	-258.938896	53.250137	77.648568	54.336334	-246.889296	0.162538	408.129981	0.353152	-195.504000	0.000000	39.188414	3.837305	-384.624000	0.000000	-1.976000	0.000000	65.896000	0.000000	123.875000	0.000000	-195.267000	0.000000	66.843000	0.000000	-115.378000	0.000000	-98.042000	0.000000	-51.739000	0.000000	-341.974000	0.000000	-119.067000	0.000000	81.684000	0.000000

2024-09-09	13:16:58	1725880618.886452	-42593.949219	-0.044311	-0.167521	-52.336320	57.138483	-158.539074	47.681248	248.724385	80.532181	221.521265	78.001751	-89.037917	98.243599	70.647599	77.660043	-258.263680	60.991075	74.059877	56.010434	-247.265657	0.314708	408.692154	0.214064	-195.504000	0.000000	37.022501	4.247936	-384.624000	0.000000	-1.976000	0.000000	65.896000	0.000000	123.875000	0.000000	-195.267000	0.000000	66.843000	0.000000	-115.378000	0.000000	-98.042000	0.000000	-51.739000	0.000000	-341.974000	0.000000	-119.067000	0.000000	81.684000	0.000000

2024-09-09	13:16:59	1725880619.885880	-42592.949791	-0.044311	-0.134420	-93.236963	131.612295	-115.442827	99.450791	296.164662	121.521725	190.062309	108.694561	-112.163542	131.750536	94.430077	109.762654	-276.919268	18.725129	90.986881	22.037868	-247.001348	0.266493	408.622439	0.197499	-195.504000	0.000000	37.923594	3.567085	-384.624000	0.000000	-1.976000	0.000000	65.896000	0.000000	123.875000	0.000000	-195.267000	0.000000	66.843000	0.000000	-115.378000	0.000000	-98.042000	0.000000	-51.739000	0.000000	-341.974000	0.000000	-119.067000	0.000000	81.684000	0.000000

2024-09-09	13:17:00	1725880620.886298	-42591.949372	-0.044311	-0.134420	-95.762781	208.283234	-121.103093	182.835720	222.631227	116.693225	251.877706	123.631568	-125.382692	90.249220	104.275630	59.242153	-272.687011	42.708597	88.852187	31.485126	-246.755803	0.125056	408.414242	0.173909	-195.504000	0.000000	42.629411	4.038057	-384.624000	0.000000	-1.976000	0.000000	65.896000	0.000000	123.875000	0.000000	-195.267000	0.000000	66.843000	0.000000	-115.378000	0.000000	-98.042000	0.000000	-51.739000	0.000000	-341.974000	0.000000	-119.067000	0.000000	81.684000	0.000000

2024-09-09	13:17:01	1725880621.886721	-42590.948949	-0.044311	-0.134420	-84.284597	164.163836	-130.983127	156.463506	244.824510	111.075418	236.087877	59.222312	-87.882792	80.599191	72.976402	52.008210	-284.315370	43.282622	97.902963	47.215666	-246.958199	0.102409	408.105506	0.216829	-195.504000	0.000000	37.558687	3.550841	-384.624000	0.000000	-1.976000	0.000000	65.896000	0.000000	123.875000	0.000000	-195.267000	0.000000	66.843000	0.000000	-115.378000	0.000000	-98.042000	0.000000	-51.739000	0.000000	-341.974000	0.000000	-119.067000	0.000000	81.684000	0.000000

2024-09-09	13:17:02	1725880622.887146	-42589.948524	-0.044311	-0.134420	204.289228	135.300239	-396.679459	116.044890	349.042313	103.397407	143.479849	76.864303	-78.699854	84.119453	63.085445	52.241182	-273.931213	42.548530	93.620888	43.231539	-247.254309	0.130974	408.100202	0.197532	-195.504000	0.000000	36.421504	4.366125	-384.624000	0.000000	-1.976000	0.000000	65.896000	0.000000	123.875000	0.000000	-195.267000	0.000000	66.843000	0.000000	-115.378000	0.000000	-98.042000	0.000000	-51.739000	0.000000	-341.974000	0.000000	-119.067000	0.000000	81.684000	0.000000

2024-09-09	13:17:03	1725880623.886570	-42588.949100	-0.044311	-0.134420	63.577972	45.335832	-292.182799	55.154478	262.990283	128.906722	210.148626	128.920175	-150.460454	134.525030	134.933763	108.849580	-262.611989	35.951596	74.874043	39.882099	-246.874178	0.258523	408.325716	0.282586	-195.504000	0.000000	40.062605	3.844407	-384.624000	0.000000	-1.976000	0.000000	65.896000	0.000000	123.875000	0.000000	-195.267000	0.000000	66.843000	0.000000	-115.378000	0.000000	-98.042000	0.000000	-51.739000	0.000000	-341.974000	0.000000	-119.067000	0.000000	81.684000	0.000000

2024-09-09	13:17:04	1725880624.885993	-42587.949677	-0.044311	-0.134420	-52.561811	140.450852	-145.023626	137.560160	327.833286	87.460617	138.332123	74.329449	-111.219645	80.244323	96.039897	87.886781	-237.524469	40.364564	53.616380	43.238093	-246.652024	0.299115	408.261212	0.329099	-195.504000	0.000000	36.625010	3.358450	-384.624000	0.000000	-1.976000	0.000000	65.896000	0.000000	123.875000	0.000000	-195.267000	0.000000	66.843000	0.000000	-115.378000	0.000000	-98.042000	0.000000	-51.739000	0.000000	-341.974000	0.000000	-119.067000	0.000000	81.684000	0.000000

2024-09-09	13:17:05	1725880625.886416	-42586.949254	-0.044311	-0.134420	-57.377544	134.862281	-149.811931	100.564634	255.886259	121.840130	220.237895	53.607290	-97.888433	88.284135	80.490837	58.158547	-275.350811	51.324319	91.306347	45.674633	-246.756629	0.237123	408.069388	0.145251	-195.504000	0.000000	37.456290	4.837861	-384.624000	0.000000	-1.976000	0.000000	65.896000	0.000000	123.875000	0.000000	-195.267000	0.000000	66.843000	0.000000	-115.378000	0.000000	-98.042000	0.000000	-51.739000	0.000000	-341.974000	0.000000	-119.067000	0.000000	81.684000	0.000000

2024-09-09	13:17:06	1725880626.885840	-42585.949831	-0.044311	-0.160902	19.503839	173.962708	-241.104453	163.593834	219.545439	118.946427	254.336727	140.564863	-34.964022	87.851757	18.555985	76.227192	-259.697806	82.674396	74.983245	73.628674	-247.011933	0.283545	408.333307	0.201403	-195.504000	0.000000	37.905213	3.927330	-384.624000	0.000000	-1.976000	0.000000	65.896000	0.000000	123.875000	0.000000	-195.267000	0.000000	66.843000	0.000000	-115.378000	0.000000	-98.042000	0.000000	-51.739000	0.000000	-341.974000	0.000000	-119.067000	0.000000	81.684000	0.000000

2024-09-09	13:17:07	1725880627.886263	-42584.949408	-0.044311	-0.160902	-47.345644	61.175437	-164.430527	66.315153	329.819300	92.010057	156.139480	119.121612	-118.129689	88.700101	104.018961	87.225497	-233.856528	51.857995	48.014185	48.544555	-246.719058	0.181890	408.226042	0.170529	-195.504000	0.000000	40.878147	3.979705	-384.624000	0.000000	-1.976000	0.000000	65.896000	0.000000	123.875000	0.000000	-195.267000	0.000000	66.843000	0.000000	-115.378000	0.000000	-98.042000	0.000000	-51.739000	0.000000	-341.974000	0.000000	-119.067000	0.000000	81.684000	0.000000

2024-09-09	13:17:08	1725880628.886703	-42583.948968	-0.044311	-0.160902	-44.219429	152.601194	-151.877047	125.720631	268.953699	94.906102	197.518888	38.907924	-144.395825	96.423220	119.282105	110.254527	-300.458036	59.998383	114.211930	50.889416	-246.864331	0.245740	408.423820	0.212186	-195.504000	0.000000	41.291440	3.867527	-384.624000	0.000000	-1.976000	0.000000	65.896000	0.000000	123.875000	0.000000	-195.267000	0.000000	66.843000	0.000000	-115.378000	0.000000	-98.042000	0.000000	-51.739000	0.000000	-341.974000	0.000000	-119.067000	0.000000	81.684000	0.000000

2024-09-09	13:17:09	1725880629.886108	-42582.949562	-0.044311	-0.160902	-96.599837	343.820995	-122.005004	330.929682	264.884658	78.591443	220.975329	95.304357	-84.176933	56.277855	67.191349	58.325688	-263.417044	79.863610	81.669533	71.400443	-246.817594	0.156987	408.394087	0.276420	-195.504000	0.000000	36.165384	3.707144	-384.624000	0.000000	-1.976000	0.000000	65.896000	0.000000	123.875000	0.000000	-195.267000	0.000000	66.843000	0.000000	-115.378000	0.000000	-98.042000	0.000000	-51.739000	0.000000	-341.974000	0.000000	-119.067000	0.000000	81.684000	0.000000

2024-09-09	13:17:10	1725880630.886531	-42581.949139	-0.044311	-0.160902	-55.478718	277.727407	-150.276832	245.137279	269.541504	63.383716	209.258156	90.953069	-111.947988	100.670493	95.419621	85.667236	-282.444787	33.978153	97.063819	34.230978	-246.864510	0.122742	408.066011	0.151062	-195.504000	0.000000	39.682664	3.187833	-384.624000	0.000000	-1.976000	0.000000	65.896000	0.000000	123.875000	0.000000	-195.267000	0.000000	66.843000	0.000000	-115.378000	0.000000	-98.042000	0.000000	-51.739000	0.000000	-341.974000	0.000000	-119.067000	0.000000	81.684000	0.000000

2024-09-09	13:17:11	1725880631.885955	-42580.949716	-0.044311	-0.160902	98.623500	98.443857	-317.012301	100.301794	299.536390	76.725171	168.958561	54.587380	-104.807151	150.003210	89.144499	141.171810	-283.520345	39.080875	99.488349	43.214051	-246.841231	0.310828	408.082171	0.264567	-195.504000	0.000000	42.922861	3.804505	-384.624000	0.000000	-1.976000	0.000000	65.896000	0.000000	123.875000	0.000000	-195.267000	0.000000	66.843000	0.000000	-115.378000	0.000000	-98.042000	0.000000	-51.739000	0.000000	-341.974000	0.000000	-119.067000	0.000000	81.684000	0.000000

2024-09-09	13:17:12	1725880632.886378	-42579.949293	-0.044311	-0.160902	5.660491	128.969388	-215.884045	138.551397	340.192993	100.678592	134.886587	110.596591	-125.813365	53.211779	112.640702	52.199156	-267.255093	59.107413	84.242138	63.554057	-246.869310	0.309588	408.114337	0.244508	-195.504000	0.000000	38.886371	3.974701	-384.624000	0.000000	-1.976000	0.000000	65.896000	0.000000	123.875000	0.000000	-195.267000	0.000000	66.843000	0.000000	-115.378000	0.000000	-98.042000	0.000000	-51.739000	0.000000	-341.974000	0.000000	-119.067000	0.000000	81.684000	0.000000

2024-09-09	13:17:13	1725880633.887800	-42578.947871	-0.044311	-0.160902	-103.067454	112.638822	-109.268814	112.726237	213.960812	177.740840	264.526848	169.746499	-21.420617	75.170968	-4.009977	73.949294	-285.541774	49.728168	96.187700	49.079436	-246.819498	0.187828	408.470044	0.112670	-195.504000	0.000000	36.763565	3.939239	-384.624000	0.000000	-1.976000	0.000000	65.896000	0.000000	123.875000	0.000000	-195.267000	0.000000	66.843000	0.000000	-115.378000	0.000000	-98.042000	0.000000	-51.739000	0.000000	-341.974000	0.000000	-119.067000	0.000000	81.684000	0.000000

2024-09-09	13:17:14	1725880634.887240	-42577.948430	-0.044311	-0.147661	103.330940	310.922059	-313.371847	350.375140	330.080101	91.068447	153.237352	95.530603	-118.414346	68.032699	108.700712	99.797386	-260.558660	74.871402	77.685412	74.701820	-247.186512	0.204639	408.574322	0.290784	-195.504000	0.000000	40.798899	4.094261	-384.624000	0.000000	-1.976000	0.000000	65.896000	0.000000	123.875000	0.000000	-195.267000	0.000000	66.843000	0.000000	-115.378000	0.000000	-98.042000	0.000000	-51.739000	0.000000	-341.974000	0.000000	-119.067000	0.000000	81.684000	0.000000

2024-09-09	13:17:15	1725880635.887646	-42576.948024	-0.044311	-0.147661	-60.479085	129.863636	-162.516772	83.337838	294.339896	108.360821	161.259180	223.406431	-113.384168	189.585787	76.098347	165.196353	-264.434565	54.427690	78.075124	55.895688	-247.129453	0.124039	408.431664	0.195457	-195.504000	0.000000	36.368934	4.287930	-384.624000	0.000000	-1.976000	0.000000	65.896000	0.000000	123.875000	0.000000	-195.267000	0.000000	66.843000	0.000000	-115.378000	0.000000	-98.042000	0.000000	-51.739000	0.000000	-341.974000	0.000000	-119.067000	0.000000	81.684000	0.000000

2024-09-09	13:17:16	1725880636.887070	-42575.948601	-0.044311	-0.147661	-39.453352	194.436355	-154.247263	177.930652	322.582748	59.664498	186.593195	71.509283	-83.446342	105.823272	86.276965	106.090827	-235.225709	59.877090	57.277960	65.610021	-247.183301	0.156846	408.428120	0.198862	-195.504000	0.000000	39.786595	3.572996	-384.624000	0.000000	-1.976000	0.000000	65.896000	0.000000	123.875000	0.000000	-195.267000	0.000000	66.843000	0.000000	-115.378000	0.000000	-98.042000	0.000000	-51.739000	0.000000	-341.974000	0.000000	-119.067000	0.000000	81.684000	0.000000

2024-09-09	13:17:17	1725880637.887511	-42574.948160	-0.044311	-0.147661	18.668239	88.038022	-248.510816	84.039923	241.182131	169.061463	216.658172	185.715957	-98.674747	144.590852	69.349368	118.172158	-271.306159	64.157718	82.726987	64.295980	-247.140469	0.116469	408.053179	0.134763	-195.504000	0.000000	38.320184	2.748584	-384.624000	0.000000	-1.976000	0.000000	65.896000	0.000000	123.875000	0.000000	-195.267000	0.000000	66.843000	0.000000	-115.378000	0.000000	-98.042000	0.000000	-51.739000	0.000000	-341.974000	0.000000	-119.067000	0.000000	81.684000	0.000000

2024-09-09	13:17:18	1725880638.886919	-42573.948751	-0.044311	-0.147661	-70.869130	89.331040	-126.786121	103.850983	227.325343	143.226357	245.121362	169.904347	-124.510916	110.228350	113.852074	118.875648	-282.577870	51.408231	97.243935	54.768957	-246.895037	0.200199	408.303574	0.193502	-195.504000	0.000000	37.324270	3.851314	-384.624000	0.000000	-1.976000	0.000000	65.896000	0.000000	123.875000	0.000000	-195.267000	0.000000	66.843000	0.000000	-115.378000	0.000000	-98.042000	0.000000	-51.739000	0.000000	-341.974000	0.000000	-119.067000	0.000000	81.684000	0.000000

2024-09-09	13:17:19	1725880639.887341	-42572.948329	-0.044311	-0.147661	63.436566	197.084649	-290.149309	190.970993	360.963355	81.408196	106.106551	139.828584	-125.312944	103.669927	96.036192	65.037785	-281.642662	64.924029	90.977911	60.086087	-247.137778	0.115387	408.398166	0.160251	-195.504000	0.000000	34.844060	5.740281	-384.624000	0.000000	-1.976000	0.000000	65.896000	0.000000	123.875000	0.000000	-195.267000	0.000000	66.843000	0.000000	-115.378000	0.000000	-98.042000	0.000000	-51.739000	0.000000	-341.974000	0.000000	-119.067000	0.000000	81.684000	0.000000

2024-09-09	13:17:20	1725880640.888763	-42571.946907	-0.044311	-0.147661	37.098495	205.318227	-244.946982	213.047620	218.788716	115.108023	273.745023	127.253284	-124.959657	99.203761	118.752611	112.024515	-271.204385	36.633368	89.378633	33.045358	-247.096413	0.184119	408.432722	0.137114	-195.504000	0.000000	38.241755	3.457535	-384.624000	0.000000	-1.976000	0.000000	65.896000	0.000000	123.875000	0.000000	-195.267000	0.000000	66.843000	0.000000	-115.378000	0.000000	-98.042000	0.000000	-51.739000	0.000000	-341.974000	0.000000	-119.067000	0.000000	81.684000	0.000000

2024-09-09	13:17:21	1725880641.888187	-42570.947484	-0.044311	-0.147661	-102.837951	238.074862	-92.227745	216.669244	334.188803	100.682030	156.017959	116.495305	-96.601636	91.563989	95.531033	75.419231	-266.424465	25.012160	84.600726	19.569419	-246.943172	0.181082	407.942785	0.247091	-195.504000	0.000000	39.590964	3.919260	-384.624000	0.000000	-1.976000	0.000000	65.896000	0.000000	123.875000	0.000000	-195.267000	0.000000	66.843000	0.000000	-115.378000	0.000000	-98.042000	0.000000	-51.739000	0.000000	-341.974000	0.000000	-119.067000	0.000000	81.684000	0.000000

2024-09-09	13:17:22	1725880642.888609	-42569.947061	-0.044311	-0.147661	-130.403971	149.816219	-93.014876	157.153856	202.757041	95.951725	242.288452	48.331988	-111.977009	74.747757	72.402362	65.335957	-278.691279	84.034725	87.011115	88.628162	-247.210356	0.182454	408.104615	0.270552	-195.504000	0.000000	38.317574	3.695106	-384.624000	0.000000	-1.976000	0.000000	65.896000	0.000000	123.875000	0.000000	-195.267000	0.000000	66.843000	0.000000	-115.378000	0.000000	-98.042000	0.000000	-51.739000	0.000000	-341.974000	0.000000	-119.067000	0.000000	81.684000	0.000000

2024-09-09	13:17:23	1725880643.888050	-42568.947621	-0.044311	-0.147661	-63.952238	268.756070	-146.095820	261.229746	324.323460	151.087782	158.532827	153.725209	-85.597458	73.982303	70.096370	59.188722	-260.229098	30.746711	78.120415	24.356898	-247.425885	0.155242	408.574357	0.242469	-195.504000	0.000000	38.660960	5.022826	-384.624000	0.000000	-1.976000	0.000000	65.896000	0.000000	123.875000	0.000000	-195.267000	0.000000	66.843000	0.000000	-115.378000	0.000000	-98.042000	0.000000	-51.739000	0.000000	-341.974000	0.000000	-119.067000	0.000000	81.684000	0.000000

2024-09-09	13:17:24	1725880644.888455	-42567.947215	-0.044311	-0.147661	-43.500569	156.263970	-168.864157	105.286166	263.378441	131.506189	221.879214	73.579119	-78.586344	63.574654	68.409478	65.953724	-270.060333	67.925697	86.446396	64.955027	-247.207975	0.234596	408.406361	0.239013	-195.504000	0.000000	40.353576	3.969980	-384.624000	0.000000	-1.976000	0.000000	65.896000	0.000000	123.875000	0.000000	-195.267000	0.000000	66.843000	0.000000	-115.378000	0.000000	-98.042000	0.000000	-51.739000	0.000000	-341.974000	0.000000	-119.067000	0.000000	81.684000	0.000000

2024-09-09	13:17:25	1725880645.887897	-42566.947774	-0.044311	-0.147661	149.711957	170.765190	-354.929898	130.030278	297.106208	99.596687	179.811709	135.213700	-170.195761	48.579348	148.267902	101.284741	-278.314052	88.306114	91.446726	78.189753	-247.266739	0.184042	408.081634	0.199722	-195.504000	0.000000	35.937511	5.059687	-384.624000	0.000000	-1.976000	0.000000	65.896000	0.000000	123.875000	0.000000	-195.267000	0.000000	66.843000	0.000000	-115.378000	0.000000	-98.042000	0.000000	-51.739000	0.000000	-341.974000	0.000000	-119.067000	0.000000	81.684000	0.000000

2024-09-09	13:17:26	1725880646.888303	-42565.947368	-0.044311	-0.147661	-66.194920	164.561240	-143.880844	161.766222	286.574113	124.571769	180.408180	126.474427	-83.102064	170.211512	64.472471	178.877536	-258.944202	27.852231	76.784927	25.330291	-247.317594	0.345342	408.032611	0.264193	-195.504000	0.000000	41.035296	5.139049	-384.624000	0.000000	-1.976000	0.000000	65.896000	0.000000	123.875000	0.000000	-195.267000	0.000000	66.843000	0.000000	-115.378000	0.000000	-98.042000	0.000000	-51.739000	0.000000	-341.974000	0.000000	-119.067000	0.000000	81.684000	0.000000

2024-09-09	13:17:27	1725880647.889724	-42564.945947	-0.044311	-0.147661	-30.000968	145.699464	-164.040464	119.393295	272.256064	145.624906	222.840431	152.766677	-32.529877	89.712856	26.724367	55.381196	-247.468656	34.600663	67.203467	36.748897	-247.537824	0.245909	408.031720	0.272127	-195.504000	0.000000	42.802636	3.817829	-384.624000	0.000000	-1.976000	0.000000	65.896000	0.000000	123.875000	0.000000	-195.267000	0.000000	66.843000	0.000000	-115.378000	0.000000	-98.042000	0.000000	-51.739000	0.000000	-341.974000	0.000000	-119.067000	0.000000	81.684000	0.000000

2024-09-09	13:17:28	1725880648.889148	-42563.946523	-0.044311	-0.147661	-23.972477	104.831906	-200.275243	92.643668	319.543253	135.549929	135.950685	91.884337	-135.743773	139.547689	104.039692	100.461921	-286.390849	45.364830	93.951543	48.923467	-247.576761	0.118001	407.824205	0.105571	-195.504000	0.000000	38.422743	3.108797	-384.624000	0.000000	-1.976000	0.000000	65.896000	0.000000	123.875000	0.000000	-195.267000	0.000000	66.843000	0.000000	-115.378000	0.000000	-98.042000	0.000000	-51.739000	0.000000	-341.974000	0.000000	-119.067000	0.000000	81.684000	0.000000

2024-09-09	13:17:29	1725880649.889570	-42562.946100	-0.044311	-0.147661	-131.636869	65.493747	-68.813058	73.603117	331.097682	177.775535	150.064498	150.191092	-66.664778	78.124995	65.348173	37.710201	-257.807510	55.180631	75.713847	51.334987	-247.235936	0.210353	407.912200	0.162250	-195.504000	0.000000	38.741296	4.426195	-384.624000	0.000000	-1.976000	0.000000	65.896000	0.000000	123.875000	0.000000	-195.267000	0.000000	66.843000	0.000000	-115.378000	0.000000	-98.042000	0.000000	-51.739000	0.000000	-341.974000	0.000000	-119.067000	0.000000	81.684000	0.000000

2024-09-09	13:17:30	1725880650.888994	-42561.946677	-0.044311	-0.174143	92.597740	199.197408	-316.905773	227.969427	205.473397	82.669808	262.678652	96.179741	-159.711089	135.640183	127.198761	128.907090	-271.408692	77.237077	84.419713	73.562456	-247.480756	0.182340	407.839293	0.173389	-195.504000	0.000000	40.017286	5.221137	-384.624000	0.000000	-1.976000	0.000000	65.896000	0.000000	123.875000	0.000000	-195.267000	0.000000	66.843000	0.000000	-115.378000	0.000000	-98.042000	0.000000	-51.739000	0.000000	-341.974000	0.000000	-119.067000	0.000000	81.684000	0.000000

2024-09-09	13:17:31	1725880651.889417	-42560.946254	-0.044311	-0.174143	-15.745634	107.411427	-203.132463	119.713417	260.757039	127.536288	201.625780	135.079554	-86.455473	74.808351	63.810896	94.410321	-283.330700	83.959824	99.558520	80.479607	-246.797710	0.347468	408.307268	0.210781	-195.504000	0.000000	39.276258	3.024751	-384.624000	0.000000	-1.976000	0.000000	65.896000	0.000000	123.875000	0.000000	-195.267000	0.000000	66.843000	0.000000	-115.378000	0.000000	-98.042000	0.000000	-51.739000	0.000000	-341.974000	0.000000	-119.067000	0.000000	81.684000	0.000000

2024-09-09	13:17:32	1725880652.888840	-42559.946831	-0.044311	-0.174143	-98.533026	161.534976	-97.588692	132.268065	326.966586	157.769001	155.105117	141.029204	-123.643093	66.857642	121.597653	76.511797	-245.886348	58.352273	64.413959	54.849819	-247.000971	0.267520	408.183386	0.263612	-195.504000	0.000000	41.307984	3.378574	-384.624000	0.000000	-1.976000	0.000000	65.896000	0.000000	123.875000	0.000000	-195.267000	0.000000	66.843000	0.000000	-115.378000	0.000000	-98.042000	0.000000	-51.739000	0.000000	-341.974000	0.000000	-119.067000	0.000000	81.684000	0.000000

2024-09-09	13:17:33	1725880653.889325	-42558.946345	-0.044311	-0.174143	5.002617	200.918511	-218.837074	214.755036	256.538450	93.125232	216.425990	65.592468	-33.717864	74.169909	9.379193	81.428508	-272.272758	83.872040	85.406993	78.720183	-246.995127	0.131145	407.980283	0.253036	-195.504000	0.000000	41.156925	3.083432	-384.624000	0.000000	-1.976000	0.000000	65.896000	0.000000	123.875000	0.000000	-195.267000	0.000000	66.843000	0.000000	-115.378000	0.000000	-98.042000	0.000000	-51.739000	0.000000	-341.974000	0.000000	-119.067000	0.000000	81.684000	0.000000

2024-09-09	13:17:34	1725880654.890735	-42557.944935	-0.044311	-0.174143	52.554638	114.395865	-262.427265	119.392412	254.868455	80.147903	230.043372	66.938968	-122.262416	69.455476	108.729857	44.079395	-269.529164	32.467215	84.205415	35.430960	-247.177961	0.124378	408.177533	0.172226	-195.504000	0.000000	37.152902	3.041588	-384.624000	0.000000	-1.976000	0.000000	65.896000	0.000000	123.875000	0.000000	-195.267000	0.000000	66.843000	0.000000	-115.378000	0.000000	-98.042000	0.000000	-51.739000	0.000000	-341.974000	0.000000	-119.067000	0.000000	81.684000	0.000000

