Date/C:Time:TimeStamp/D:time:VMeas:IMeas:I_00:DI_00:I_01:DI_01:I_02:DI_02:I_03:DI_03:I_04:DI_04:I_05:DI_05:I_06:DI_06:I_07:DI_07:I_08:DI_08:I_09:DI_09:I_10:DI_10:I_11:DI_11:I_12:DI_12:I_13:DI_13:I_14:DI_14:I_15:DI_15:I_16:DI_16:I_17:DI_17:I_18:DI_18:I_19:DI_19:I_20:DI_20:I_21:DI_21:I_22:DI_22:I_23:DI_23
2024-08-26	12:37:44	1724668664.421216	-43200.000000	-0.044311	-0.200625	-105.805469	126.111375	-190.551277	135.743763	108.718774	183.428872	252.682340	218.103513	-101.502570	178.470901	140.831200	157.161547	-603.248814	60.991717	355.178554	59.198534	-242.875520	0.159172	416.261979	0.127213	-195.504000	0.000000	-2.321278	9.871867	-384.624000	0.000000	-1.976000	0.000000	65.896000	0.000000	123.875000	0.000000	-195.267000	0.000000	66.843000	0.000000	-115.378000	0.000000	-98.042000	0.000000	-51.739000	0.000000	-341.974000	0.000000	-119.067000	0.000000	81.684000	0.000000

2024-08-26	12:37:45	1724668665.421153	-43199.000064	-0.044311	-0.200625	-336.982368	69.075381	19.816794	38.479973	213.620300	154.623017	125.334342	117.912311	-88.762503	160.343700	105.294008	128.998734	-643.554834	100.169501	381.626961	85.681441	-243.023667	0.135268	416.588691	0.273583	-195.504000	0.000000	-9.320453	8.036826	-384.624000	0.000000	-1.976000	0.000000	65.896000	0.000000	123.875000	0.000000	-195.267000	0.000000	66.843000	0.000000	-115.378000	0.000000	-98.042000	0.000000	-51.739000	0.000000	-341.974000	0.000000	-119.067000	0.000000	81.684000	0.000000

2024-08-26	12:37:46	1724668666.421560	-43197.999657	-0.044311	-0.200625	-165.990703	127.975633	-147.536933	96.081647	89.105179	260.722415	269.659380	264.869214	-125.362549	96.636216	156.358468	68.042772	-655.794077	34.705395	395.063234	41.371598	-242.827381	0.133672	416.568658	0.267747	-195.504000	0.000000	-7.081981	7.828407	-384.624000	0.000000	-1.976000	0.000000	65.896000	0.000000	123.875000	0.000000	-195.267000	0.000000	66.843000	0.000000	-115.378000	0.000000	-98.042000	0.000000	-51.739000	0.000000	-341.974000	0.000000	-119.067000	0.000000	81.684000	0.000000

2024-08-26	12:37:47	1724668667.422974	-43196.998243	-0.044311	-0.200625	-235.548495	124.681121	-66.108824	171.408997	230.742512	179.036489	127.844308	145.998415	-69.667077	67.965359	98.573399	40.210698	-664.042714	124.179921	399.225246	110.051616	-242.599336	0.130350	416.633770	0.157482	-195.504000	0.000000	-11.659979	4.536574	-384.624000	0.000000	-1.976000	0.000000	65.896000	0.000000	123.875000	0.000000	-195.267000	0.000000	66.843000	0.000000	-115.378000	0.000000	-98.042000	0.000000	-51.739000	0.000000	-341.974000	0.000000	-119.067000	0.000000	81.684000	0.000000

2024-08-26	12:37:48	1724668668.422389	-43195.998828	-0.044311	-0.200625	-235.548495	124.681121	-66.108824	171.408997	230.742512	179.036489	127.844308	145.998415	-69.667077	67.965359	98.573399	40.210698	-664.042714	124.179921	399.225246	110.051616	-242.599336	0.130350	416.633770	0.157482	-195.504000	0.000000	-11.659979	4.536574	-384.624000	0.000000	-1.976000	0.000000	65.896000	0.000000	123.875000	0.000000	-195.267000	0.000000	66.843000	0.000000	-115.378000	0.000000	-98.042000	0.000000	-51.739000	0.000000	-341.974000	0.000000	-119.067000	0.000000	81.684000	0.000000

2024-08-26	12:37:49	1724668669.422803	-43194.998414	-0.044311	-0.200625	78.000053	171.230263	-401.265303	170.841383	211.723919	112.798838	142.050732	129.061515	-92.503907	80.950698	134.673640	63.598878	-693.939843	62.803254	432.996731	54.655807	-242.876607	0.342967	416.484175	0.150927	-195.504000	0.000000	-8.128284	9.693938	-384.624000	0.000000	-1.976000	0.000000	65.896000	0.000000	123.875000	0.000000	-195.267000	0.000000	66.843000	0.000000	-115.378000	0.000000	-98.042000	0.000000	-51.739000	0.000000	-341.974000	0.000000	-119.067000	0.000000	81.684000	0.000000

2024-08-26	12:37:50	1724668670.422125	-43193.999092	-0.044311	-0.200625	78.000053	171.230263	-401.265303	170.841383	211.723919	112.798838	142.050732	129.061515	-92.503907	80.950698	134.673640	63.598878	-693.939843	62.803254	432.996731	54.655807	-242.876607	0.342967	416.484175	0.150927	-195.504000	0.000000	-8.128284	9.693938	-384.624000	0.000000	-1.976000	0.000000	65.896000	0.000000	123.875000	0.000000	-195.267000	0.000000	66.843000	0.000000	-115.378000	0.000000	-98.042000	0.000000	-51.739000	0.000000	-341.974000	0.000000	-119.067000	0.000000	81.684000	0.000000

2024-08-26	12:37:51	1724668671.422539	-43192.998677	-0.044311	-0.200625	-37.676546	191.202378	-267.102599	189.151082	148.991486	151.364730	188.158687	143.799936	-158.674741	97.025215	174.359435	70.264156	-670.910317	44.671194	411.000028	45.044215	-242.548868	0.251014	416.725989	0.255404	-195.504000	0.000000	-2.305191	8.027887	-384.624000	0.000000	-1.976000	0.000000	65.896000	0.000000	123.875000	0.000000	-195.267000	0.000000	66.843000	0.000000	-115.378000	0.000000	-98.042000	0.000000	-51.739000	0.000000	-341.974000	0.000000	-119.067000	0.000000	81.684000	0.000000

2024-08-26	12:37:52	1724668672.422954	-43191.998263	-0.044311	-0.200625	-171.760517	181.686472	-133.509113	188.572430	197.902250	82.410727	149.347134	89.259229	-125.686026	64.825087	159.500343	52.772143	-659.304083	49.966568	398.998232	52.201846	-242.748272	0.234348	416.418078	0.194222	-195.504000	0.000000	-8.677706	7.852479	-384.624000	0.000000	-1.976000	0.000000	65.896000	0.000000	123.875000	0.000000	-195.267000	0.000000	66.843000	0.000000	-115.378000	0.000000	-98.042000	0.000000	-51.739000	0.000000	-341.974000	0.000000	-119.067000	0.000000	81.684000	0.000000

2024-08-26	12:37:53	1724668673.423386	-43190.997830	-0.044311	-0.200625	-145.780340	175.642355	-170.997913	164.992762	121.514146	165.437829	212.729494	178.954726	-90.010980	120.607780	118.235072	114.244473	-670.729879	49.648227	407.510519	41.265081	-242.784496	0.216650	416.728136	0.293567	-195.504000	0.000000	2.262491	5.271293	-384.624000	0.000000	-1.976000	0.000000	65.896000	0.000000	123.875000	0.000000	-195.267000	0.000000	66.843000	0.000000	-115.378000	0.000000	-98.042000	0.000000	-51.739000	0.000000	-341.974000	0.000000	-119.067000	0.000000	81.684000	0.000000

2024-08-26	12:37:54	1724668674.423783	-43189.997433	-0.044311	-0.200625	-73.757057	357.576739	-218.320182	333.066298	234.244976	154.905867	128.429201	178.740450	-140.716227	148.203232	183.552169	100.582133	-625.618483	95.501012	370.550936	83.676103	-242.867036	0.168832	416.902235	0.207580	-195.504000	0.000000	8.652827	8.374040	-384.624000	0.000000	-1.976000	0.000000	65.896000	0.000000	123.875000	0.000000	-195.267000	0.000000	66.843000	0.000000	-115.378000	0.000000	-98.042000	0.000000	-51.739000	0.000000	-341.974000	0.000000	-119.067000	0.000000	81.684000	0.000000

2024-08-26	12:37:55	1724668675.423506	-43188.997710	-0.044311	-0.200625	-73.757057	357.576739	-218.320182	333.066298	234.244976	154.905867	128.429201	178.740450	-140.716227	148.203232	183.552169	100.582133	-625.618483	95.501012	370.550936	83.676103	-242.867036	0.168832	416.902235	0.207580	-195.504000	0.000000	8.652827	8.374040	-384.624000	0.000000	-1.976000	0.000000	65.896000	0.000000	123.875000	0.000000	-195.267000	0.000000	66.843000	0.000000	-115.378000	0.000000	-98.042000	0.000000	-51.739000	0.000000	-341.974000	0.000000	-119.067000	0.000000	81.684000	0.000000

2024-08-26	12:37:56	1724668676.423920	-43187.997296	-0.044311	-0.200625	-118.866484	130.059956	-182.793512	177.677787	206.317796	133.371201	168.929522	175.117761	-111.776649	105.565644	139.431716	87.575308	-642.174467	52.543363	382.912209	61.566814	-242.328470	0.270441	416.587291	0.201347	-195.504000	0.000000	-2.593447	6.084696	-384.624000	0.000000	-1.976000	0.000000	65.896000	0.000000	123.875000	0.000000	-195.267000	0.000000	66.843000	0.000000	-115.378000	0.000000	-98.042000	0.000000	-51.739000	0.000000	-341.974000	0.000000	-119.067000	0.000000	81.684000	0.000000

2024-08-26	12:37:57	1724668677.423335	-43186.997881	-0.044311	-0.200625	-118.866484	130.059956	-182.793512	177.677787	206.317796	133.371201	168.929522	175.117761	-111.776649	105.565644	139.431716	87.575308	-642.174467	52.543363	382.912209	61.566814	-242.328470	0.270441	416.587291	0.201347	-195.504000	0.000000	-2.593447	6.084696	-384.624000	0.000000	-1.976000	0.000000	65.896000	0.000000	123.875000	0.000000	-195.267000	0.000000	66.843000	0.000000	-115.378000	0.000000	-98.042000	0.000000	-51.739000	0.000000	-341.974000	0.000000	-119.067000	0.000000	81.684000	0.000000

2024-08-26	12:37:58	1724668678.423750	-43185.997467	-0.044311	-0.200625	-111.997890	284.633766	-198.970616	294.444897	195.570040	78.797121	152.685216	91.646153	-117.911991	47.584207	151.654791	37.128730	-663.911123	35.215303	402.087134	29.243148	-242.765691	0.228334	416.854413	0.184314	-195.504000	0.000000	-8.116820	7.998194	-384.624000	0.000000	-1.976000	0.000000	65.896000	0.000000	123.875000	0.000000	-195.267000	0.000000	66.843000	0.000000	-115.378000	0.000000	-98.042000	0.000000	-51.739000	0.000000	-341.974000	0.000000	-119.067000	0.000000	81.684000	0.000000

2024-08-26	12:37:59	1724668679.423165	-43184.998052	-0.044311	-0.200625	-75.186554	216.657074	-244.509654	226.834786	114.817457	135.873350	225.876022	158.928239	-133.268937	115.355762	157.677552	120.207794	-684.351340	60.033904	417.042060	61.184303	-242.529457	0.169889	416.950230	0.160679	-195.504000	0.000000	-6.253886	8.593373	-384.624000	0.000000	-1.976000	0.000000	65.896000	0.000000	123.875000	0.000000	-195.267000	0.000000	66.843000	0.000000	-115.378000	0.000000	-98.042000	0.000000	-51.739000	0.000000	-341.974000	0.000000	-119.067000	0.000000	81.684000	0.000000

2024-08-26	12:38:00	1724668680.423639	-43183.997578	-0.044311	-0.200625	-148.901657	285.984487	-143.513661	276.513660	173.956851	165.668863	200.638152	160.026609	-56.726567	70.364312	95.463031	74.007244	-648.271587	19.060110	384.603371	19.339038	-242.865960	0.189228	416.743355	0.227473	-195.504000	0.000000	-5.935461	5.687534	-384.624000	0.000000	-1.976000	0.000000	65.896000	0.000000	123.875000	0.000000	-195.267000	0.000000	66.843000	0.000000	-115.378000	0.000000	-98.042000	0.000000	-51.739000	0.000000	-341.974000	0.000000	-119.067000	0.000000	81.684000	0.000000

2024-08-26	12:38:01	1724668681.423033	-43182.998184	-0.044311	-0.207240	-261.913651	172.947947	-63.884658	193.287783	162.365470	161.757032	174.177332	127.397509	-161.148581	129.313136	175.619174	101.538645	-714.566741	93.459276	447.479189	95.394516	-242.522126	0.158948	416.980914	0.291154	-195.504000	0.000000	5.283531	4.955344	-384.624000	0.000000	-1.976000	0.000000	65.896000	0.000000	123.875000	0.000000	-195.267000	0.000000	66.843000	0.000000	-115.378000	0.000000	-98.042000	0.000000	-51.739000	0.000000	-341.974000	0.000000	-119.067000	0.000000	81.684000	0.000000

2024-08-26	12:38:02	1724668682.424448	-43181.996769	-0.044311	-0.207240	95.603702	156.707782	-409.329994	112.756317	107.070888	184.509290	226.990975	98.619591	-50.996129	131.067675	81.841702	77.139853	-657.680755	92.548140	393.126614	78.994125	-242.686438	0.160440	416.874982	0.212801	-195.504000	0.000000	-4.522326	7.107363	-384.624000	0.000000	-1.976000	0.000000	65.896000	0.000000	123.875000	0.000000	-195.267000	0.000000	66.843000	0.000000	-115.378000	0.000000	-98.042000	0.000000	-51.739000	0.000000	-341.974000	0.000000	-119.067000	0.000000	81.684000	0.000000

2024-08-26	12:38:03	1724668683.423862	-43180.997354	-0.044311	-0.207240	-115.095116	142.998950	-164.364656	149.477387	265.605478	178.120730	112.951263	153.381018	-199.968343	82.487722	239.467729	77.445757	-614.573184	64.134868	363.391117	53.907771	-242.711523	0.225493	416.854402	0.187358	-195.504000	0.000000	-0.832297	7.127505	-384.624000	0.000000	-1.976000	0.000000	65.896000	0.000000	123.875000	0.000000	-195.267000	0.000000	66.843000	0.000000	-115.378000	0.000000	-98.042000	0.000000	-51.739000	0.000000	-341.974000	0.000000	-119.067000	0.000000	81.684000	0.000000

2024-08-26	12:38:04	1724668684.424277	-43179.996940	-0.044311	-0.207240	-268.791863	193.109827	-42.971467	210.379804	148.428834	118.107738	203.572615	184.165637	-69.817086	75.469144	96.474401	62.530840	-656.501289	71.556511	399.602225	67.700800	-242.611919	0.124578	417.147596	0.134340	-195.504000	0.000000	0.712097	9.309908	-384.624000	0.000000	-1.976000	0.000000	65.896000	0.000000	123.875000	0.000000	-195.267000	0.000000	66.843000	0.000000	-115.378000	0.000000	-98.042000	0.000000	-51.739000	0.000000	-341.974000	0.000000	-119.067000	0.000000	81.684000	0.000000

2024-08-26	12:38:05	1724668685.424213	-43178.997004	-0.044311	-0.207240	-9.297354	382.982181	-304.283615	417.640593	73.970908	111.347760	266.916393	165.193261	-126.414714	144.771098	157.145677	126.223806	-640.888895	64.583931	381.798547	60.241434	-242.362335	0.242176	416.958087	0.159521	-195.504000	0.000000	-9.077272	9.285939	-384.624000	0.000000	-1.976000	0.000000	65.896000	0.000000	123.875000	0.000000	-195.267000	0.000000	66.843000	0.000000	-115.378000	0.000000	-98.042000	0.000000	-51.739000	0.000000	-341.974000	0.000000	-119.067000	0.000000	81.684000	0.000000

2024-08-26	12:38:06	1724668686.425150	-43177.996067	-0.044311	-0.207240	-74.199097	116.306238	-235.437553	149.881084	227.722323	157.966925	117.356862	154.319319	-73.453393	148.766567	97.778558	139.697582	-673.189904	88.461031	405.569608	81.955280	-242.710778	0.201133	417.276515	0.158173	-195.504000	0.000000	-12.710782	9.115872	-384.624000	0.000000	-1.976000	0.000000	65.896000	0.000000	123.875000	0.000000	-195.267000	0.000000	66.843000	0.000000	-115.378000	0.000000	-98.042000	0.000000	-51.739000	0.000000	-341.974000	0.000000	-119.067000	0.000000	81.684000	0.000000

2024-08-26	12:38:07	1724668687.425547	-43176.995670	-0.044311	-0.200625	-110.448588	183.725406	-194.803449	200.124155	164.055572	78.836893	191.583138	116.441622	-135.376540	134.848670	159.644268	113.858421	-629.760424	36.807315	373.305444	31.934536	-242.873206	0.195066	417.316666	0.238465	-195.504000	0.000000	-3.337424	6.131569	-384.624000	0.000000	-1.976000	0.000000	65.896000	0.000000	123.875000	0.000000	-195.267000	0.000000	66.843000	0.000000	-115.378000	0.000000	-98.042000	0.000000	-51.739000	0.000000	-341.974000	0.000000	-119.067000	0.000000	81.684000	0.000000

2024-08-26	12:38:08	1724668688.424962	-43175.996255	-0.044311	-0.200625	-210.182677	140.844642	-101.989644	125.632822	159.611858	80.362023	193.247071	153.108880	-76.398537	126.149572	105.489265	96.897229	-655.667308	51.619862	397.548079	45.196985	-242.616981	0.158180	417.288393	0.244147	-195.504000	0.000000	-9.666647	9.738578	-384.624000	0.000000	-1.976000	0.000000	65.896000	0.000000	123.875000	0.000000	-195.267000	0.000000	66.843000	0.000000	-115.378000	0.000000	-98.042000	0.000000	-51.739000	0.000000	-341.974000	0.000000	-119.067000	0.000000	81.684000	0.000000

2024-08-26	12:38:09	1724668689.425377	-43174.995840	-0.044311	-0.200625	-104.622675	150.310872	-208.535828	157.500094	223.532285	141.196941	111.969292	139.244813	-138.311473	104.898716	170.550393	106.817522	-669.114350	30.441595	401.663505	31.626004	-242.383778	0.130136	417.140954	0.198864	-195.504000	0.000000	-8.363855	6.729094	-384.624000	0.000000	-1.976000	0.000000	65.896000	0.000000	123.875000	0.000000	-195.267000	0.000000	66.843000	0.000000	-115.378000	0.000000	-98.042000	0.000000	-51.739000	0.000000	-341.974000	0.000000	-119.067000	0.000000	81.684000	0.000000

2024-08-26	12:38:10	1724668690.424792	-43173.996425	-0.044311	-0.200625	-161.697871	108.744368	-158.885409	129.922328	239.071107	107.301549	114.632380	139.752327	-69.174196	138.880801	97.177634	132.781485	-673.141084	45.009791	411.738496	48.608667	-242.046672	0.181878	417.174570	0.132306	-195.504000	0.000000	-9.847494	8.137358	-384.624000	0.000000	-1.976000	0.000000	65.896000	0.000000	123.875000	0.000000	-195.267000	0.000000	66.843000	0.000000	-115.378000	0.000000	-98.042000	0.000000	-51.739000	0.000000	-341.974000	0.000000	-119.067000	0.000000	81.684000	0.000000

2024-08-26	12:38:11	1724668691.425116	-43172.996101	-0.044311	-0.200625	-31.471262	218.765348	-263.651404	247.179689	174.414127	84.932810	190.721773	76.869114	-158.001749	100.058917	186.005689	91.074816	-629.275517	68.995223	372.744357	62.115925	-242.429900	0.175747	416.947329	0.218206	-195.504000	0.000000	-8.003359	8.969218	-384.624000	0.000000	-1.976000	0.000000	65.896000	0.000000	123.875000	0.000000	-195.267000	0.000000	66.843000	0.000000	-115.378000	0.000000	-98.042000	0.000000	-51.739000	0.000000	-341.974000	0.000000	-119.067000	0.000000	81.684000	0.000000

2024-08-26	12:38:12	1724668692.425530	-43171.995686	-0.044311	-0.200625	-114.805202	158.738223	-185.006203	121.088259	158.336952	134.078491	194.396974	117.996289	-88.040489	125.094089	126.976105	133.413809	-637.298812	82.935905	378.321042	78.126517	-242.437171	0.133067	416.852829	0.113999	-195.504000	0.000000	-3.282248	7.456846	-384.624000	0.000000	-1.976000	0.000000	65.896000	0.000000	123.875000	0.000000	-195.267000	0.000000	66.843000	0.000000	-115.378000	0.000000	-98.042000	0.000000	-51.739000	0.000000	-341.974000	0.000000	-119.067000	0.000000	81.684000	0.000000

2024-08-26	12:38:13	1724668693.424946	-43170.996271	-0.044311	-0.200625	-112.762061	200.667455	-206.525839	216.017067	227.063008	185.860939	109.472918	210.473235	-188.716099	130.190322	214.062274	82.575819	-653.987720	46.498479	387.964600	46.255859	-242.826272	0.179473	416.807875	0.274774	-195.504000	0.000000	-3.257912	7.498645	-384.624000	0.000000	-1.976000	0.000000	65.896000	0.000000	123.875000	0.000000	-195.267000	0.000000	66.843000	0.000000	-115.378000	0.000000	-98.042000	0.000000	-51.739000	0.000000	-341.974000	0.000000	-119.067000	0.000000	81.684000	0.000000

2024-08-26	12:38:14	1724668694.425377	-43169.995840	-0.044311	-0.200625	-234.842395	190.638721	-91.216436	170.033877	88.816096	186.363222	244.579432	219.792049	-26.465322	92.730337	50.536282	69.464700	-711.294506	60.329550	442.348745	55.047169	-242.786552	0.230857	416.778003	0.208745	-195.504000	0.000000	-8.956531	8.864061	-384.624000	0.000000	-1.976000	0.000000	65.896000	0.000000	123.875000	0.000000	-195.267000	0.000000	66.843000	0.000000	-115.378000	0.000000	-98.042000	0.000000	-51.739000	0.000000	-341.974000	0.000000	-119.067000	0.000000	81.684000	0.000000

2024-08-26	12:38:15	1724668695.424775	-43168.996441	-0.044311	-0.200625	16.253399	201.214843	-314.723295	196.445358	111.733703	105.593619	264.165194	168.025218	-116.065226	91.560713	148.257419	70.239977	-642.001171	80.736510	384.508451	71.889369	-242.604267	0.341839	416.505101	0.139759	-195.504000	0.000000	-4.648044	4.771947	-384.624000	0.000000	-1.976000	0.000000	65.896000	0.000000	123.875000	0.000000	-195.267000	0.000000	66.843000	0.000000	-115.378000	0.000000	-98.042000	0.000000	-51.739000	0.000000	-341.974000	0.000000	-119.067000	0.000000	81.684000	0.000000

2024-08-26	12:38:16	1724668696.425678	-43167.995538	-0.044311	-0.200625	-259.959955	129.052705	-29.269138	112.629156	282.748962	70.053826	84.598859	101.959014	-127.495994	36.922230	164.207553	48.895837	-658.131303	39.447854	404.264621	32.962332	-242.390710	0.186539	416.636226	0.157517	-195.504000	0.000000	-3.018598	7.072841	-384.624000	0.000000	-1.976000	0.000000	65.896000	0.000000	123.875000	0.000000	-195.267000	0.000000	66.843000	0.000000	-115.378000	0.000000	-98.042000	0.000000	-51.739000	0.000000	-341.974000	0.000000	-119.067000	0.000000	81.684000	0.000000

2024-08-26	12:38:17	1724668697.425093	-43166.996123	-0.044311	-0.200625	-130.824531	444.883956	-189.451704	420.768042	139.767822	162.287578	188.099684	107.971348	-116.229202	106.155728	135.315304	98.125136	-646.137541	51.896951	382.834901	52.153841	-242.364226	0.237429	416.411630	0.164031	-195.504000	0.000000	-1.337125	6.325900	-384.624000	0.000000	-1.976000	0.000000	65.896000	0.000000	123.875000	0.000000	-195.267000	0.000000	66.843000	0.000000	-115.378000	0.000000	-98.042000	0.000000	-51.739000	0.000000	-341.974000	0.000000	-119.067000	0.000000	81.684000	0.000000

2024-08-26	12:38:18	1724668698.425507	-43165.995709	-0.044311	-0.213862	16.669337	234.656236	-334.352748	260.035334	182.397683	175.142133	164.560409	231.644858	-92.902027	73.690537	120.001754	56.521818	-648.409160	60.791613	385.795437	55.402021	-242.442815	0.341797	416.635509	0.161834	-195.504000	0.000000	-6.552175	10.277099	-384.624000	0.000000	-1.976000	0.000000	65.896000	0.000000	123.875000	0.000000	-195.267000	0.000000	66.843000	0.000000	-115.378000	0.000000	-98.042000	0.000000	-51.739000	0.000000	-341.974000	0.000000	-119.067000	0.000000	81.684000	0.000000

2024-08-26	12:38:19	1724668699.424922	-43164.996294	-0.044311	-0.213862	-205.939570	296.658056	-103.889101	288.082382	218.396064	216.770096	132.727537	188.388510	-132.748160	89.138689	160.437875	97.789597	-664.390408	35.246980	401.860560	25.678235	-242.338585	0.273039	416.621150	0.156198	-195.504000	0.000000	-3.277443	6.111574	-384.624000	0.000000	-1.976000	0.000000	65.896000	0.000000	123.875000	0.000000	-195.267000	0.000000	66.843000	0.000000	-115.378000	0.000000	-98.042000	0.000000	-51.739000	0.000000	-341.974000	0.000000	-119.067000	0.000000	81.684000	0.000000

2024-08-26	12:38:20	1724668700.425338	-43163.995879	-0.044311	-0.213862	-155.291584	133.377258	-168.584024	146.992146	95.062632	240.596326	262.509705	236.878607	-135.330000	74.921084	164.657166	71.784771	-702.359451	55.451742	437.595883	57.397821	-242.288562	0.245635	416.307271	0.116897	-195.504000	0.000000	-0.025920	6.287281	-384.624000	0.000000	-1.976000	0.000000	65.896000	0.000000	123.875000	0.000000	-195.267000	0.000000	66.843000	0.000000	-115.378000	0.000000	-98.042000	0.000000	-51.739000	0.000000	-341.974000	0.000000	-119.067000	0.000000	81.684000	0.000000

2024-08-26	12:38:21	1724668701.425764	-43162.995452	-0.044311	-0.213862	-226.576003	141.094760	-73.091353	143.039202	211.719949	102.846094	136.495526	99.767432	-25.189912	128.628042	62.809423	123.632037	-636.113193	57.566094	373.708955	56.448857	-242.379137	0.177826	416.673698	0.162341	-195.504000	0.000000	-3.214924	7.098890	-384.624000	0.000000	-1.976000	0.000000	65.896000	0.000000	123.875000	0.000000	-195.267000	0.000000	66.843000	0.000000	-115.378000	0.000000	-98.042000	0.000000	-51.739000	0.000000	-341.974000	0.000000	-119.067000	0.000000	81.684000	0.000000

2024-08-26	12:38:22	1724668702.426249	-43161.994967	-0.044311	-0.213862	-74.786331	171.078018	-248.135075	151.879047	98.888427	133.467474	230.989800	189.748420	-151.219785	48.503328	163.822326	52.658462	-706.101982	78.864199	441.191013	81.144830	-242.543269	0.180589	416.599686	0.191782	-195.504000	0.000000	-5.089727	5.131375	-384.624000	0.000000	-1.976000	0.000000	65.896000	0.000000	123.875000	0.000000	-195.267000	0.000000	66.843000	0.000000	-115.378000	0.000000	-98.042000	0.000000	-51.739000	0.000000	-341.974000	0.000000	-119.067000	0.000000	81.684000	0.000000

2024-08-26	12:38:23	1724668703.425664	-43160.995552	-0.044311	-0.213862	-254.628125	241.090039	-31.007301	202.836016	233.256910	134.124740	150.405649	167.880130	-109.429273	65.723255	153.437417	78.150667	-640.973151	71.927605	389.102314	75.731564	-242.259858	0.200154	416.632761	0.319283	-195.504000	0.000000	-2.248520	7.894926	-384.624000	0.000000	-1.976000	0.000000	65.896000	0.000000	123.875000	0.000000	-195.267000	0.000000	66.843000	0.000000	-115.378000	0.000000	-98.042000	0.000000	-51.739000	0.000000	-341.974000	0.000000	-119.067000	0.000000	81.684000	0.000000

2024-08-26	12:38:24	1724668704.426079	-43159.995137	-0.044311	-0.194003	23.894831	165.127324	-336.737393	148.473396	221.350119	166.242413	141.369005	152.079199	-53.948747	91.333533	84.246975	87.033753	-610.299272	97.491402	349.965143	92.477996	-242.179919	0.154819	416.282190	0.210404	-195.504000	0.000000	-3.881161	4.079150	-384.624000	0.000000	-1.976000	0.000000	65.896000	0.000000	123.875000	0.000000	-195.267000	0.000000	66.843000	0.000000	-115.378000	0.000000	-98.042000	0.000000	-51.739000	0.000000	-341.974000	0.000000	-119.067000	0.000000	81.684000	0.000000

2024-08-26	12:38:25	1724668705.426494	-43158.994723	-0.044311	-0.194003	-228.928689	122.676688	-82.589519	139.962986	20.183052	283.213513	305.267778	254.078836	-112.562150	96.710906	135.397755	66.886762	-660.005429	65.014463	392.992890	63.763137	-242.281497	0.217735	416.381585	0.338983	-195.504000	0.000000	-6.178090	10.934309	-384.624000	0.000000	-1.976000	0.000000	65.896000	0.000000	123.875000	0.000000	-195.267000	0.000000	66.843000	0.000000	-115.378000	0.000000	-98.042000	0.000000	-51.739000	0.000000	-341.974000	0.000000	-119.067000	0.000000	81.684000	0.000000

2024-08-26	12:38:26	1724668706.425909	-43157.995308	-0.044311	-0.194003	-105.835151	178.651536	-211.701879	178.392024	203.656739	182.209308	148.938956	180.074191	-118.662625	154.718884	141.827853	127.401003	-668.291797	33.460655	408.687233	38.742695	-242.361421	0.162803	416.511090	0.195639	-195.504000	0.000000	-3.167619	8.333831	-384.624000	0.000000	-1.976000	0.000000	65.896000	0.000000	123.875000	0.000000	-195.267000	0.000000	66.843000	0.000000	-115.378000	0.000000	-98.042000	0.000000	-51.739000	0.000000	-341.974000	0.000000	-119.067000	0.000000	81.684000	0.000000

2024-08-26	12:38:27	1724668707.425780	-43156.995436	-0.044311	-0.194003	-105.835151	178.651536	-370.190103	86.749894	144.891008	28.998314	217.552883	59.344388	-72.458933	50.887103	110.839214	73.456952	-617.816639	39.078066	363.518250	36.768400	-242.696323	0.160658	416.144193	0.212564	-195.504000	0.000000	-9.237997	7.305608	-384.624000	0.000000	-1.976000	0.000000	65.896000	0.000000	123.875000	0.000000	-195.267000	0.000000	66.843000	0.000000	-115.378000	0.000000	-98.042000	0.000000	-51.739000	0.000000	-341.974000	0.000000	-119.067000	0.000000	81.684000	0.000000

2024-08-26	12:38:28	1724668708.426195	-43155.995021	-0.044311	-0.194003	-222.588994	113.946897	-119.490595	102.752534	101.582131	117.272460	214.907401	139.202898	-162.444956	153.799376	171.368986	110.650867	-664.910342	84.547892	395.577050	75.792205	-242.516140	0.166635	416.633500	0.118104	-195.504000	0.000000	-0.293133	6.490382	-384.624000	0.000000	-1.976000	0.000000	65.896000	0.000000	123.875000	0.000000	-195.267000	0.000000	66.843000	0.000000	-115.378000	0.000000	-98.042000	0.000000	-51.739000	0.000000	-341.974000	0.000000	-119.067000	0.000000	81.684000	0.000000

2024-08-26	12:38:29	1724668709.425610	-43154.995606	-0.044311	-0.194003	-192.495881	238.970565	-92.628594	228.366689	291.680044	173.426942	88.780800	151.954862	-80.714237	112.183741	128.372493	109.432157	-636.821496	78.142050	385.525920	73.565551	-242.166350	0.219224	416.888673	0.162152	-195.504000	0.000000	-2.556404	4.399251	-384.624000	0.000000	-1.976000	0.000000	65.896000	0.000000	123.875000	0.000000	-195.267000	0.000000	66.843000	0.000000	-115.378000	0.000000	-98.042000	0.000000	-51.739000	0.000000	-341.974000	0.000000	-119.067000	0.000000	81.684000	0.000000

2024-08-26	12:38:30	1724668710.426025	-43153.995192	-0.044311	-0.246963	-178.173347	295.172061	-130.280387	280.672138	144.727922	101.842524	197.906405	183.151453	-123.123608	72.833742	147.894110	70.756850	-668.556493	67.069299	404.312601	61.260648	-242.128584	0.206586	416.803240	0.188721	-195.504000	0.000000	-9.350444	4.575585	-384.624000	0.000000	-1.976000	0.000000	65.896000	0.000000	123.875000	0.000000	-195.267000	0.000000	66.843000	0.000000	-115.378000	0.000000	-98.042000	0.000000	-51.739000	0.000000	-341.974000	0.000000	-119.067000	0.000000	81.684000	0.000000

2024-08-26	12:38:31	1724668711.426439	-43152.994778	-0.044311	-0.246963	-43.442308	175.212699	-269.933128	173.042061	81.189446	177.767063	286.684665	251.117377	-78.505849	134.491052	111.128291	114.980385	-639.321303	48.697640	377.718635	46.297621	-242.221966	0.210183	416.827365	0.150427	-195.504000	0.000000	-5.682320	11.168300	-384.624000	0.000000	-1.976000	0.000000	65.896000	0.000000	123.875000	0.000000	-195.267000	0.000000	66.843000	0.000000	-115.378000	0.000000	-98.042000	0.000000	-51.739000	0.000000	-341.974000	0.000000	-119.067000	0.000000	81.684000	0.000000

2024-08-26	12:38:32	1724668712.425568	-43151.995649	-0.044311	-0.246963	-44.749717	281.150302	-269.234281	225.759664	204.802599	115.243103	130.056860	163.240314	-111.809534	88.022591	137.645847	55.137302	-657.758903	66.834898	397.592965	53.944907	-241.986652	0.128218	416.899044	0.131998	-195.504000	0.000000	-6.374533	7.980598	-384.624000	0.000000	-1.976000	0.000000	65.896000	0.000000	123.875000	0.000000	-195.267000	0.000000	66.843000	0.000000	-115.378000	0.000000	-98.042000	0.000000	-51.739000	0.000000	-341.974000	0.000000	-119.067000	0.000000	81.684000	0.000000

2024-08-26	12:38:33	1724668713.425982	-43150.995235	-0.044311	-0.246963	-84.825373	189.336462	-221.641086	163.942328	266.796179	127.387120	88.117493	156.722556	-122.570097	155.583908	156.873305	164.368639	-696.053470	79.193163	433.489079	71.739622	-242.318633	0.179124	417.206644	0.175857	-195.504000	0.000000	-6.319415	7.463059	-384.624000	0.000000	-1.976000	0.000000	65.896000	0.000000	123.875000	0.000000	-195.267000	0.000000	66.843000	0.000000	-115.378000	0.000000	-98.042000	0.000000	-51.739000	0.000000	-341.974000	0.000000	-119.067000	0.000000	81.684000	0.000000

2024-08-26	12:38:34	1724668714.426396	-43149.994820	-0.044311	-0.246963	-84.078731	222.522177	-250.206012	248.520449	164.333048	120.524749	156.607559	137.589568	-175.609626	99.159548	198.023795	109.455883	-670.475130	55.537596	401.806245	46.996867	-242.439823	0.142967	416.919009	0.152675	-195.504000	0.000000	-1.155644	5.801245	-384.624000	0.000000	-1.976000	0.000000	65.896000	0.000000	123.875000	0.000000	-195.267000	0.000000	66.843000	0.000000	-115.378000	0.000000	-98.042000	0.000000	-51.739000	0.000000	-341.974000	0.000000	-119.067000	0.000000	81.684000	0.000000

2024-08-26	12:38:35	1724668715.425811	-43148.995405	-0.044311	-0.246963	-185.599134	284.398626	-116.647274	272.797032	205.331229	182.129174	148.733417	227.748783	-61.345266	137.306894	100.086264	97.659502	-690.546056	81.405597	425.548268	67.301853	-242.341441	0.254254	417.172187	0.243458	-195.504000	0.000000	-2.173889	9.368793	-384.624000	0.000000	-1.976000	0.000000	65.896000	0.000000	123.875000	0.000000	-195.267000	0.000000	66.843000	0.000000	-115.378000	0.000000	-98.042000	0.000000	-51.739000	0.000000	-341.974000	0.000000	-119.067000	0.000000	81.684000	0.000000

2024-08-26	12:38:36	1724668716.426226	-43147.994991	-0.044311	-0.194003	65.309404	161.147324	-385.374761	152.466532	185.695850	148.251091	149.709334	164.613581	-151.368496	76.852535	170.986599	58.518475	-663.631796	62.032629	398.358641	61.139179	-242.538090	0.226932	416.729552	0.436571	-195.504000	0.000000	-9.449277	9.221203	-384.624000	0.000000	-1.976000	0.000000	65.896000	0.000000	123.875000	0.000000	-195.267000	0.000000	66.843000	0.000000	-115.378000	0.000000	-98.042000	0.000000	-51.739000	0.000000	-341.974000	0.000000	-119.067000	0.000000	81.684000	0.000000

2024-08-26	12:38:37	1724668717.427301	-43146.993915	-0.044311	-0.194003	-158.816577	107.186973	-142.431499	110.312451	165.343038	154.310230	196.253503	153.474022	-74.128367	89.466704	106.008454	56.207093	-642.555776	49.483521	387.049211	56.326086	-242.246180	0.162185	416.692007	0.222485	-195.504000	0.000000	-0.861994	5.683426	-384.624000	0.000000	-1.976000	0.000000	65.896000	0.000000	123.875000	0.000000	-195.267000	0.000000	66.843000	0.000000	-115.378000	0.000000	-98.042000	0.000000	-51.739000	0.000000	-341.974000	0.000000	-119.067000	0.000000	81.684000	0.000000

2024-08-26	12:38:38	1724668718.426936	-43145.994281	-0.044311	-0.194003	-200.023796	139.587518	-109.756740	130.274357	118.508105	110.516687	241.589552	106.090860	-101.242793	117.619120	134.511035	111.378738	-677.137244	105.169170	416.892327	99.153051	-242.332175	0.195221	416.632684	0.218676	-195.504000	0.000000	-9.064698	6.625522	-384.624000	0.000000	-1.976000	0.000000	65.896000	0.000000	123.875000	0.000000	-195.267000	0.000000	66.843000	0.000000	-115.378000	0.000000	-98.042000	0.000000	-51.739000	0.000000	-341.974000	0.000000	-119.067000	0.000000	81.684000	0.000000

2024-08-26	12:38:39	1724668719.427351	-43144.993866	-0.044311	-0.194003	-33.800863	259.277498	-288.663923	241.888959	216.948654	142.284248	113.552075	90.466992	-134.277476	80.988624	160.177048	86.768036	-609.909506	68.932321	348.070901	65.414957	-242.384234	0.163021	416.835508	0.172688	-195.504000	0.000000	5.042529	9.276742	-384.624000	0.000000	-1.976000	0.000000	65.896000	0.000000	123.875000	0.000000	-195.267000	0.000000	66.843000	0.000000	-115.378000	0.000000	-98.042000	0.000000	-51.739000	0.000000	-341.974000	0.000000	-119.067000	0.000000	81.684000	0.000000

2024-08-26	12:38:40	1724668720.426783	-43143.994433	-0.044311	-0.194003	-337.519266	123.502722	59.449244	119.235010	252.173427	159.910026	117.558798	153.664936	-86.223889	94.402158	118.723332	89.429058	-661.750249	56.106693	403.903413	52.261902	-242.459837	0.209317	416.795035	0.171572	-195.504000	0.000000	0.331735	8.680140	-384.624000	0.000000	-1.976000	0.000000	65.896000	0.000000	123.875000	0.000000	-195.267000	0.000000	66.843000	0.000000	-115.378000	0.000000	-98.042000	0.000000	-51.739000	0.000000	-341.974000	0.000000	-119.067000	0.000000	81.684000	0.000000

2024-08-26	12:38:41	1724668721.427180	-43142.994037	-0.044311	-0.194003	33.271371	294.504965	-365.056628	277.491786	108.858790	283.462939	215.515336	247.522728	-111.026094	142.320678	130.540936	152.077956	-661.629556	88.879237	393.907504	84.731734	-242.534144	0.208079	416.867712	0.141312	-195.504000	0.000000	-4.727499	6.717474	-384.624000	0.000000	-1.976000	0.000000	65.896000	0.000000	123.875000	0.000000	-195.267000	0.000000	66.843000	0.000000	-115.378000	0.000000	-98.042000	0.000000	-51.739000	0.000000	-341.974000	0.000000	-119.067000	0.000000	81.684000	0.000000

2024-08-26	12:38:42	1724668722.426595	-43141.994621	-0.044311	-0.220485	-3.125265	187.907239	-300.382292	187.565823	166.707879	276.704281	212.324640	309.687594	-143.654543	182.627720	175.051953	178.420662	-593.012371	92.166820	338.496142	85.746970	-242.635752	0.130830	417.326670	0.290594	-195.504000	0.000000	-4.399324	5.954886	-384.624000	0.000000	-1.976000	0.000000	65.896000	0.000000	123.875000	0.000000	-195.267000	0.000000	66.843000	0.000000	-115.378000	0.000000	-98.042000	0.000000	-51.739000	0.000000	-341.974000	0.000000	-119.067000	0.000000	81.684000	0.000000

2024-08-26	12:38:43	1724668723.427142	-43140.994074	-0.044311	-0.220485	-175.042565	55.341651	-130.750111	78.081236	191.371805	144.955072	153.129206	163.313692	-130.339780	123.344635	160.436501	122.885421	-654.763357	45.983251	396.609704	46.510219	-242.386690	0.242623	416.861798	0.142326	-195.504000	0.000000	0.568967	7.412804	-384.624000	0.000000	-1.976000	0.000000	65.896000	0.000000	123.875000	0.000000	-195.267000	0.000000	66.843000	0.000000	-115.378000	0.000000	-98.042000	0.000000	-51.739000	0.000000	-341.974000	0.000000	-119.067000	0.000000	81.684000	0.000000

2024-08-26	12:38:44	1724668724.426575	-43139.994641	-0.044311	-0.220485	-144.415439	190.225910	-163.995981	166.005280	134.833994	158.093107	214.987414	186.711206	-126.480198	117.610649	160.660810	72.669697	-688.580611	35.508232	425.137860	32.937310	-242.537087	0.160291	416.680980	0.168875	-195.504000	0.000000	-9.118399	16.533956	-384.624000	0.000000	-1.976000	0.000000	65.896000	0.000000	123.875000	0.000000	-195.267000	0.000000	66.843000	0.000000	-115.378000	0.000000	-98.042000	0.000000	-51.739000	0.000000	-341.974000	0.000000	-119.067000	0.000000	81.684000	0.000000

2024-08-26	12:38:45	1724668725.426972	-43138.994245	-0.044311	-0.220485	-134.067840	215.739068	-166.366339	226.649688	120.308634	162.839349	249.483458	134.515481	-100.548160	120.762078	129.160881	115.391254	-594.313351	42.524907	341.827282	39.541586	-242.312968	0.181352	417.259629	0.261928	-195.504000	0.000000	-1.477882	10.914870	-384.624000	0.000000	-1.976000	0.000000	65.896000	0.000000	123.875000	0.000000	-195.267000	0.000000	66.843000	0.000000	-115.378000	0.000000	-98.042000	0.000000	-51.739000	0.000000	-341.974000	0.000000	-119.067000	0.000000	81.684000	0.000000

2024-08-26	12:38:46	1724668726.426387	-43137.994829	-0.044311	-0.220485	-105.307129	301.270444	-204.459275	316.806710	247.195247	169.490314	104.981214	205.643487	-85.715173	56.621932	116.298203	51.811847	-654.868324	80.657325	394.038246	77.748993	-241.902726	0.175031	417.163203	0.153234	-195.504000	0.000000	-9.556815	6.919340	-384.624000	0.000000	-1.976000	0.000000	65.896000	0.000000	123.875000	0.000000	-195.267000	0.000000	66.843000	0.000000	-115.378000	0.000000	-98.042000	0.000000	-51.739000	0.000000	-341.974000	0.000000	-119.067000	0.000000	81.684000	0.000000

2024-08-26	12:38:47	1724668727.426803	-43136.994414	-0.044311	-0.220485	-145.677043	176.323205	-159.087250	159.510688	143.460883	120.926150	190.737467	101.467836	-158.245240	64.936616	178.495185	71.352108	-677.583145	34.726501	415.011642	44.420215	-242.119130	0.121187	416.824828	0.219174	-195.504000	0.000000	-4.883466	6.115535	-384.624000	0.000000	-1.976000	0.000000	65.896000	0.000000	123.875000	0.000000	-195.267000	0.000000	66.843000	0.000000	-115.378000	0.000000	-98.042000	0.000000	-51.739000	0.000000	-341.974000	0.000000	-119.067000	0.000000	81.684000	0.000000

2024-08-26	12:38:48	1724668728.426935	-43135.994281	-0.044311	-0.220485	-143.201078	183.085606	-181.050605	149.414640	202.973203	120.544992	143.892010	129.892183	-91.652576	92.318216	130.376259	85.370149	-653.427389	70.806681	395.440315	71.904640	-242.298389	0.195867	417.006689	0.254277	-195.504000	0.000000	0.657529	7.704776	-384.624000	0.000000	-1.976000	0.000000	65.896000	0.000000	123.875000	0.000000	-195.267000	0.000000	66.843000	0.000000	-115.378000	0.000000	-98.042000	0.000000	-51.739000	0.000000	-341.974000	0.000000	-119.067000	0.000000	81.684000	0.000000

2024-08-26	12:38:49	1724668729.426350	-43134.994866	-0.044311	-0.220485	-156.829604	153.789667	-154.263771	165.037397	151.349626	87.964791	203.792500	100.324954	-98.666496	81.589528	123.188265	71.704695	-656.987457	46.419940	394.274270	45.004302	-242.015625	0.199098	416.884817	0.351218	-195.504000	0.000000	-7.865826	8.788917	-384.624000	0.000000	-1.976000	0.000000	65.896000	0.000000	123.875000	0.000000	-195.267000	0.000000	66.843000	0.000000	-115.378000	0.000000	-98.042000	0.000000	-51.739000	0.000000	-341.974000	0.000000	-119.067000	0.000000	81.684000	0.000000

2024-08-26	12:38:50	1724668730.426766	-43133.994450	-0.044311	-0.220485	-43.107926	257.438941	-265.565281	258.485012	178.105042	193.936776	164.881316	208.327492	-93.641585	65.498416	121.773622	59.442800	-686.881863	25.619332	423.636408	22.154078	-241.893097	0.339011	417.184436	0.216252	-195.504000	0.000000	-14.558439	6.733884	-384.624000	0.000000	-1.976000	0.000000	65.896000	0.000000	123.875000	0.000000	-195.267000	0.000000	66.843000	0.000000	-115.378000	0.000000	-98.042000	0.000000	-51.739000	0.000000	-341.974000	0.000000	-119.067000	0.000000	81.684000	0.000000

2024-08-26	12:38:51	1724668731.427179	-43132.994037	-0.044311	-0.220485	-140.385390	289.781087	-176.162219	267.717828	82.334149	143.581096	260.993309	163.161076	-72.849698	80.820552	95.313027	99.236435	-667.257196	41.949466	401.059547	39.449514	-241.777123	0.197231	417.181501	0.132741	-195.504000	0.000000	-0.795079	6.364059	-384.624000	0.000000	-1.976000	0.000000	65.896000	0.000000	123.875000	0.000000	-195.267000	0.000000	66.843000	0.000000	-115.378000	0.000000	-98.042000	0.000000	-51.739000	0.000000	-341.974000	0.000000	-119.067000	0.000000	81.684000	0.000000

2024-08-26	12:38:52	1724668732.427594	-43131.993622	-0.044311	-0.220485	-29.630676	157.782433	-269.870762	147.083143	172.801471	136.611627	182.588426	154.230101	-132.825781	70.360270	163.722719	54.088219	-686.739378	61.260584	427.409412	57.606317	-241.853131	0.148551	416.987435	0.125010	-195.504000	0.000000	-5.133512	4.614493	-384.624000	0.000000	-1.976000	0.000000	65.896000	0.000000	123.875000	0.000000	-195.267000	0.000000	66.843000	0.000000	-115.378000	0.000000	-98.042000	0.000000	-51.739000	0.000000	-341.974000	0.000000	-119.067000	0.000000	81.684000	0.000000

2024-08-26	12:38:53	1724668733.427472	-43130.993744	-0.044311	-0.194003	-241.291730	189.754555	-67.761982	171.976543	138.455112	71.108940	218.961679	67.449302	-121.483081	141.448290	153.543523	136.426911	-578.385939	72.511912	320.392389	68.380748	-242.009672	0.205011	417.073091	0.205042	-195.504000	0.000000	3.904261	9.174089	-384.624000	0.000000	-1.976000	0.000000	65.896000	0.000000	123.875000	0.000000	-195.267000	0.000000	66.843000	0.000000	-115.378000	0.000000	-98.042000	0.000000	-51.739000	0.000000	-341.974000	0.000000	-119.067000	0.000000	81.684000	0.000000

2024-08-26	12:38:54	1724668734.427886	-43129.993330	-0.044311	-0.194003	-226.320394	261.035578	-93.637753	219.349875	200.362039	170.754757	130.948786	118.316034	-88.053389	80.364314	110.967883	62.989745	-669.936331	31.678467	407.557784	32.808349	-242.130001	0.240006	416.901981	0.094060	-195.504000	0.000000	-2.478563	8.289032	-384.624000	0.000000	-1.976000	0.000000	65.896000	0.000000	123.875000	0.000000	-195.267000	0.000000	66.843000	0.000000	-115.378000	0.000000	-98.042000	0.000000	-51.739000	0.000000	-341.974000	0.000000	-119.067000	0.000000	81.684000	0.000000

2024-08-26	12:38:55	1724668735.427302	-43128.993915	-0.044311	-0.194003	-16.612949	172.489937	-297.503914	148.895403	162.581186	225.159701	193.826382	206.047323	-103.732182	45.819635	138.038066	75.598285	-684.983934	40.497901	418.099550	33.794309	-241.904920	0.318218	416.854163	0.125916	-195.504000	0.000000	-7.686343	7.710783	-384.624000	0.000000	-1.976000	0.000000	65.896000	0.000000	123.875000	0.000000	-195.267000	0.000000	66.843000	0.000000	-115.378000	0.000000	-98.042000	0.000000	-51.739000	0.000000	-341.974000	0.000000	-119.067000	0.000000	81.684000	0.000000

2024-08-26	12:38:56	1724668736.427716	-43127.993500	-0.044311	-0.194003	-248.503285	118.324958	-65.970342	100.880438	226.092372	113.217592	123.235835	134.215785	-155.061464	63.781153	179.239947	30.674025	-657.382918	52.438114	394.352018	50.036099	-241.979125	0.181078	416.789228	0.135821	-195.504000	0.000000	-3.723251	5.369766	-384.624000	0.000000	-1.976000	0.000000	65.896000	0.000000	123.875000	0.000000	-195.267000	0.000000	66.843000	0.000000	-115.378000	0.000000	-98.042000	0.000000	-51.739000	0.000000	-341.974000	0.000000	-119.067000	0.000000	81.684000	0.000000

2024-08-26	12:38:57	1724668737.428131	-43126.993085	-0.044311	-0.194003	66.390858	285.260668	-378.041298	281.771154	109.585157	167.163974	231.820696	197.051490	-51.920030	62.057127	79.193616	66.586283	-666.822866	64.267723	401.165347	62.652375	-241.891417	0.171268	416.686238	0.219651	-195.504000	0.000000	-0.776950	8.205571	-384.624000	0.000000	-1.976000	0.000000	65.896000	0.000000	123.875000	0.000000	-195.267000	0.000000	66.843000	0.000000	-115.378000	0.000000	-98.042000	0.000000	-51.739000	0.000000	-341.974000	0.000000	-119.067000	0.000000	81.684000	0.000000

2024-08-26	12:38:58	1724668738.428143	-43125.993073	-0.044311	-0.194003	-185.439108	116.160374	-102.785054	150.774862	203.476310	75.007626	158.628063	75.632626	-99.197041	89.041746	143.594784	103.217965	-669.588275	29.381861	413.498208	28.022439	-241.779417	0.206140	417.025772	0.315139	-195.504000	0.000000	2.727273	8.155773	-384.624000	0.000000	-1.976000	0.000000	65.896000	0.000000	123.875000	0.000000	-195.267000	0.000000	66.843000	0.000000	-115.378000	0.000000	-98.042000	0.000000	-51.739000	0.000000	-341.974000	0.000000	-119.067000	0.000000	81.684000	0.000000

2024-08-26	12:38:59	1724668739.427559	-43124.993658	-0.044311	-0.194003	-215.498127	230.407194	-95.230669	231.397204	162.326706	129.634342	179.775804	119.915644	-129.171664	94.748477	148.671261	73.977251	-630.320816	41.733599	371.753282	43.221100	-242.382385	0.207771	416.567197	0.213681	-195.504000	0.000000	7.005688	8.405428	-384.624000	0.000000	-1.976000	0.000000	65.896000	0.000000	123.875000	0.000000	-195.267000	0.000000	66.843000	0.000000	-115.378000	0.000000	-98.042000	0.000000	-51.739000	0.000000	-341.974000	0.000000	-119.067000	0.000000	81.684000	0.000000

2024-08-26	12:39:00	1724668740.427973	-43123.993244	-0.044311	-0.194003	47.209587	160.139593	-360.059740	168.548221	221.176405	172.557789	129.352067	190.220606	-145.502584	155.919070	178.085622	145.342590	-685.683936	37.678286	422.414968	30.650276	-242.291692	0.147141	416.792939	0.278692	-195.504000	0.000000	-4.069585	7.464142	-384.624000	0.000000	-1.976000	0.000000	65.896000	0.000000	123.875000	0.000000	-195.267000	0.000000	66.843000	0.000000	-115.378000	0.000000	-98.042000	0.000000	-51.739000	0.000000	-341.974000	0.000000	-119.067000	0.000000	81.684000	0.000000

2024-08-26	12:39:01	1724668741.427388	-43122.993828	-0.044311	-0.194003	-212.181612	167.630074	-93.071743	192.294359	167.218612	90.559836	192.833691	113.207884	-133.886258	69.928910	157.475770	74.471425	-672.920302	47.180976	410.546740	47.482603	-242.353221	0.099117	416.985574	0.224784	-195.504000	0.000000	-8.777164	7.524922	-384.624000	0.000000	-1.976000	0.000000	65.896000	0.000000	123.875000	0.000000	-195.267000	0.000000	66.843000	0.000000	-115.378000	0.000000	-98.042000	0.000000	-51.739000	0.000000	-341.974000	0.000000	-119.067000	0.000000	81.684000	0.000000

2024-08-26	12:39:02	1724668742.427803	-43121.993414	-0.044311	-0.194003	-197.242974	49.586559	-112.556797	49.975781	194.476650	139.588222	153.753763	109.029239	-133.358428	82.785681	167.393793	76.360808	-659.897570	32.558457	396.697642	32.609632	-242.331787	0.196382	416.694276	0.164352	-195.504000	0.000000	-0.184962	5.565239	-384.624000	0.000000	-1.976000	0.000000	65.896000	0.000000	123.875000	0.000000	-195.267000	0.000000	66.843000	0.000000	-115.378000	0.000000	-98.042000	0.000000	-51.739000	0.000000	-341.974000	0.000000	-119.067000	0.000000	81.684000	0.000000

2024-08-26	12:39:03	1724668743.427218	-43120.993998	-0.044311	-0.194003	-79.343724	94.744266	-239.389454	79.952839	83.837476	106.324238	258.947667	126.386837	-132.476649	46.611184	160.038306	43.602801	-672.291916	43.273714	407.402365	40.209599	-242.663409	0.184135	416.789930	0.135797	-195.504000	0.000000	-5.897218	9.184794	-384.624000	0.000000	-1.976000	0.000000	65.896000	0.000000	123.875000	0.000000	-195.267000	0.000000	66.843000	0.000000	-115.378000	0.000000	-98.042000	0.000000	-51.739000	0.000000	-341.974000	0.000000	-119.067000	0.000000	81.684000	0.000000

2024-08-26	12:39:04	1724668744.429158	-43119.992058	-0.044311	-0.200625	-154.759131	155.291095	-170.884176	131.389848	228.819184	91.818732	120.341581	125.348599	-34.594084	93.030246	63.837713	92.334759	-650.963236	51.395580	385.662091	46.898355	-242.638064	0.309161	417.066312	0.178252	-195.504000	0.000000	-9.018779	6.886636	-384.624000	0.000000	-1.976000	0.000000	65.896000	0.000000	123.875000	0.000000	-195.267000	0.000000	66.843000	0.000000	-115.378000	0.000000	-98.042000	0.000000	-51.739000	0.000000	-341.974000	0.000000	-119.067000	0.000000	81.684000	0.000000

2024-08-26	12:39:05	1724668745.428574	-43118.992643	-0.044311	-0.200625	-178.251192	163.010570	-119.525828	179.376765	211.336847	235.775941	140.596403	225.955233	-156.974138	82.362901	183.773017	79.317916	-668.312971	81.584419	406.812238	72.384919	-242.741397	0.198815	417.182905	0.329380	-195.504000	0.000000	0.391888	10.902433	-384.624000	0.000000	-1.976000	0.000000	65.896000	0.000000	123.875000	0.000000	-195.267000	0.000000	66.843000	0.000000	-115.378000	0.000000	-98.042000	0.000000	-51.739000	0.000000	-341.974000	0.000000	-119.067000	0.000000	81.684000	0.000000

2024-08-26	12:39:06	1724668746.428988	-43117.992229	-0.044311	-0.200625	21.080586	313.705501	-345.115630	289.528610	132.057173	111.966088	203.925335	153.883426	-114.969661	187.624662	146.307880	181.015312	-685.873077	81.846905	418.751430	70.060860	-242.549897	0.106586	417.363157	0.224845	-195.504000	0.000000	-8.649104	8.356895	-384.624000	0.000000	-1.976000	0.000000	65.896000	0.000000	123.875000	0.000000	-195.267000	0.000000	66.843000	0.000000	-115.378000	0.000000	-98.042000	0.000000	-51.739000	0.000000	-341.974000	0.000000	-119.067000	0.000000	81.684000	0.000000

2024-08-26	12:39:07	1724668747.428403	-43116.992814	-0.044311	-0.200625	-84.938665	170.898753	-219.885748	195.740829	131.791263	175.808661	219.312268	293.390922	-135.375142	111.906294	164.055597	123.775933	-656.888906	32.056613	396.900470	21.670718	-242.496497	0.162593	417.042234	0.180414	-195.504000	0.000000	-1.197566	8.037954	-384.624000	0.000000	-1.976000	0.000000	65.896000	0.000000	123.875000	0.000000	-195.267000	0.000000	66.843000	0.000000	-115.378000	0.000000	-98.042000	0.000000	-51.739000	0.000000	-341.974000	0.000000	-119.067000	0.000000	81.684000	0.000000

2024-08-26	12:39:08	1724668748.428818	-43115.992399	-0.044311	-0.200625	22.196819	184.354606	-351.325433	208.856791	302.519856	81.403929	26.254900	78.344551	-109.992927	145.670909	129.195039	128.785106	-619.177400	35.026957	355.743340	36.613128	-242.350989	0.183370	416.906463	0.245785	-195.504000	0.000000	1.002188	9.425776	-384.624000	0.000000	-1.976000	0.000000	65.896000	0.000000	123.875000	0.000000	-195.267000	0.000000	66.843000	0.000000	-115.378000	0.000000	-98.042000	0.000000	-51.739000	0.000000	-341.974000	0.000000	-119.067000	0.000000	81.684000	0.000000

2024-08-26	12:39:09	1724668749.429657	-43114.991560	-0.044311	-0.200625	-134.262029	246.775876	-164.996314	267.334297	112.878426	174.495945	246.269859	119.964778	-27.061688	90.744474	63.187512	100.234300	-647.667250	35.983377	392.022657	40.269169	-242.461357	0.247145	417.775686	0.289055	-195.504000	0.000000	2.623688	7.887424	-384.624000	0.000000	-1.976000	0.000000	65.896000	0.000000	123.875000	0.000000	-195.267000	0.000000	66.843000	0.000000	-115.378000	0.000000	-98.042000	0.000000	-51.739000	0.000000	-341.974000	0.000000	-119.067000	0.000000	81.684000	0.000000

2024-08-26	12:39:10	1724668750.430071	-43113.991145	-0.044311	-0.213862	71.026093	82.524019	-368.207318	90.773412	100.162531	215.771321	271.797570	203.185889	-185.284078	112.907467	213.397378	108.185243	-658.814815	56.891283	400.967109	51.940471	-242.484443	0.289429	417.228835	0.175476	-195.504000	0.000000	2.380260	8.377098	-384.624000	0.000000	-1.976000	0.000000	65.896000	0.000000	123.875000	0.000000	-195.267000	0.000000	66.843000	0.000000	-115.378000	0.000000	-98.042000	0.000000	-51.739000	0.000000	-341.974000	0.000000	-119.067000	0.000000	81.684000	0.000000

2024-08-26	12:39:11	1724668751.429486	-43112.991730	-0.044311	-0.213862	-157.765671	136.832523	-141.928389	163.857716	283.762605	272.631351	52.804964	330.026954	-103.219472	119.537050	134.190179	91.021943	-629.925829	31.173814	374.710292	30.168112	-242.731333	0.367567	417.270446	0.218161	-195.504000	0.000000	3.427653	9.715672	-384.624000	0.000000	-1.976000	0.000000	65.896000	0.000000	123.875000	0.000000	-195.267000	0.000000	66.843000	0.000000	-115.378000	0.000000	-98.042000	0.000000	-51.739000	0.000000	-341.974000	0.000000	-119.067000	0.000000	81.684000	0.000000

2024-08-26	12:39:12	1724668752.429919	-43111.991298	-0.044311	-0.213862	-200.998445	183.051807	-111.153086	170.627415	278.716695	120.573774	78.587727	156.922320	-114.101344	113.722827	149.036014	83.512420	-678.079064	26.584656	414.778921	33.317239	-242.819353	0.185981	417.027387	0.191474	-195.504000	0.000000	-5.193915	6.176192	-384.624000	0.000000	-1.976000	0.000000	65.896000	0.000000	123.875000	0.000000	-195.267000	0.000000	66.843000	0.000000	-115.378000	0.000000	-98.042000	0.000000	-51.739000	0.000000	-341.974000	0.000000	-119.067000	0.000000	81.684000	0.000000

2024-08-26	12:39:13	1724668753.429317	-43110.991900	-0.044311	-0.213862	-262.005788	254.191816	-46.651146	208.253872	104.335629	84.654682	250.730958	122.032167	-101.020717	73.057317	137.617727	75.322623	-659.412968	46.599554	393.518243	40.627117	-242.969293	0.249727	417.065602	0.179001	-195.504000	0.000000	0.292876	6.992913	-384.624000	0.000000	-1.976000	0.000000	65.896000	0.000000	123.875000	0.000000	-195.267000	0.000000	66.843000	0.000000	-115.378000	0.000000	-98.042000	0.000000	-51.739000	0.000000	-341.974000	0.000000	-119.067000	0.000000	81.684000	0.000000

2024-08-26	12:39:14	1724668754.429847	-43109.991370	-0.044311	-0.213862	-71.552541	118.598171	-249.848367	127.078030	77.166202	294.244597	263.332145	320.064315	-70.622610	96.815269	85.925694	140.735311	-680.403278	55.166039	414.732482	60.047772	-242.926032	0.211147	417.070584	0.156555	-195.504000	0.000000	-7.551000	7.277093	-384.624000	0.000000	-1.976000	0.000000	65.896000	0.000000	123.875000	0.000000	-195.267000	0.000000	66.843000	0.000000	-115.378000	0.000000	-98.042000	0.000000	-51.739000	0.000000	-341.974000	0.000000	-119.067000	0.000000	81.684000	0.000000

2024-08-26	12:39:15	1724668755.429262	-43108.991954	-0.044311	-0.194003	-90.046893	134.033244	-223.831732	135.442252	164.500824	139.118950	190.556932	128.211435	-106.513448	123.780282	125.526291	126.795178	-647.729752	80.336377	391.806861	84.483232	-243.057658	0.246458	417.213008	0.307069	-195.504000	0.000000	0.023630	6.823463	-384.624000	0.000000	-1.976000	0.000000	65.896000	0.000000	123.875000	0.000000	-195.267000	0.000000	66.843000	0.000000	-115.378000	0.000000	-98.042000	0.000000	-51.739000	0.000000	-341.974000	0.000000	-119.067000	0.000000	81.684000	0.000000

2024-08-26	12:39:16	1724668756.429677	-43107.991540	-0.044311	-0.194003	-222.321777	131.030145	-82.139264	140.191446	194.503576	119.007775	140.154634	117.380593	-165.038356	65.062569	194.634157	75.803644	-648.891210	75.376187	387.377968	76.680746	-242.815852	0.189837	416.731955	0.160521	-195.504000	0.000000	-0.735077	10.003904	-384.624000	0.000000	-1.976000	0.000000	65.896000	0.000000	123.875000	0.000000	-195.267000	0.000000	66.843000	0.000000	-115.378000	0.000000	-98.042000	0.000000	-51.739000	0.000000	-341.974000	0.000000	-119.067000	0.000000	81.684000	0.000000

2024-08-26	12:39:17	1724668757.430108	-43106.991108	-0.044311	-0.194003	-108.594789	179.449547	-207.332103	173.119509	49.273336	87.990964	297.695846	103.931346	-106.654610	133.090756	135.866577	143.590105	-653.596294	33.369949	392.076731	40.857542	-242.805504	0.120056	416.803808	0.193306	-195.504000	0.000000	-3.291063	7.697576	-384.624000	0.000000	-1.976000	0.000000	65.896000	0.000000	123.875000	0.000000	-195.267000	0.000000	66.843000	0.000000	-115.378000	0.000000	-98.042000	0.000000	-51.739000	0.000000	-341.974000	0.000000	-119.067000	0.000000	81.684000	0.000000

2024-08-26	12:39:18	1724668758.430505	-43105.990712	-0.044311	-0.194003	-68.136128	125.215542	-223.351044	104.662298	219.712164	200.395208	146.925564	183.724713	-48.920932	63.521332	88.788519	52.593815	-637.688331	43.426823	383.380916	44.160202	-242.533076	0.185681	417.021219	0.190630	-195.504000	0.000000	-3.650952	5.626863	-384.624000	0.000000	-1.976000	0.000000	65.896000	0.000000	123.875000	0.000000	-195.267000	0.000000	66.843000	0.000000	-115.378000	0.000000	-98.042000	0.000000	-51.739000	0.000000	-341.974000	0.000000	-119.067000	0.000000	81.684000	0.000000

2024-08-26	12:39:19	1724668759.430337	-43104.990879	-0.044311	-0.194003	-152.759604	111.880898	-154.463672	101.656015	299.637288	73.755548	46.750474	103.089978	-145.010777	75.244754	173.182185	63.625535	-675.028899	85.551589	414.324476	78.916444	-242.927406	0.265628	417.063283	0.247344	-195.504000	0.000000	-8.862588	9.412527	-384.624000	0.000000	-1.976000	0.000000	65.896000	0.000000	123.875000	0.000000	-195.267000	0.000000	66.843000	0.000000	-115.378000	0.000000	-98.042000	0.000000	-51.739000	0.000000	-341.974000	0.000000	-119.067000	0.000000	81.684000	0.000000

2024-08-26	12:39:20	1724668760.431769	-43103.989447	-0.044311	-0.194003	-23.740903	217.561300	-280.966735	196.457620	117.005438	286.141147	250.583480	258.342544	-108.490952	100.744573	138.688869	106.371405	-613.202300	53.534650	352.532497	54.725678	-242.788695	0.163760	416.651313	0.334991	-195.504000	0.000000	-2.963512	7.922255	-384.624000	0.000000	-1.976000	0.000000	65.896000	0.000000	123.875000	0.000000	-195.267000	0.000000	66.843000	0.000000	-115.378000	0.000000	-98.042000	0.000000	-51.739000	0.000000	-341.974000	0.000000	-119.067000	0.000000	81.684000	0.000000

2024-08-26	12:39:21	1724668761.431170	-43102.990047	-0.044311	-0.233722	-163.210727	131.458103	-159.409848	139.601028	140.748424	106.544966	191.936521	92.460748	-169.047773	69.374177	192.409455	80.555396	-677.552429	66.280853	412.271117	67.866751	-242.487970	0.132358	416.547775	0.197605	-195.504000	0.000000	0.881993	9.780824	-384.624000	0.000000	-1.976000	0.000000	65.896000	0.000000	123.875000	0.000000	-195.267000	0.000000	66.843000	0.000000	-115.378000	0.000000	-98.042000	0.000000	-51.739000	0.000000	-341.974000	0.000000	-119.067000	0.000000	81.684000	0.000000

2024-08-26	12:39:22	1724668762.431581	-43101.989635	-0.044311	-0.233722	-208.121815	226.453829	-81.530977	168.153812	211.442472	67.007995	158.846233	102.084727	-61.840124	163.345051	103.822828	100.479774	-642.820034	137.992900	385.202136	121.526192	-242.881768	0.182477	416.515606	0.207473	-195.504000	0.000000	-9.309683	8.572370	-384.624000	0.000000	-1.976000	0.000000	65.896000	0.000000	123.875000	0.000000	-195.267000	0.000000	66.843000	0.000000	-115.378000	0.000000	-98.042000	0.000000	-51.739000	0.000000	-341.974000	0.000000	-119.067000	0.000000	81.684000	0.000000

2024-08-26	12:39:23	1724668763.430996	-43100.990220	-0.044311	-0.233722	-144.589615	181.891584	-162.408109	173.798124	167.868709	131.758920	174.269048	189.958732	-146.533048	116.851174	170.324848	89.384708	-659.159096	60.066310	400.141165	61.460841	-242.617626	0.232288	416.708930	0.186917	-195.504000	0.000000	-3.773012	9.634139	-384.624000	0.000000	-1.976000	0.000000	65.896000	0.000000	123.875000	0.000000	-195.267000	0.000000	66.843000	0.000000	-115.378000	0.000000	-98.042000	0.000000	-51.739000	0.000000	-341.974000	0.000000	-119.067000	0.000000	81.684000	0.000000

2024-08-26	12:39:24	1724668764.431414	-43099.989802	-0.044311	-0.233722	-160.360026	246.136512	-159.555990	218.040525	258.445844	154.251676	79.308295	196.802049	-122.021350	145.389724	149.992696	145.018061	-653.326380	30.175343	389.387956	43.781460	-242.836726	0.174038	416.985014	0.336274	-195.504000	0.000000	-13.419956	6.427444	-384.624000	0.000000	-1.976000	0.000000	65.896000	0.000000	123.875000	0.000000	-195.267000	0.000000	66.843000	0.000000	-115.378000	0.000000	-98.042000	0.000000	-51.739000	0.000000	-341.974000	0.000000	-119.067000	0.000000	81.684000	0.000000

2024-08-26	12:39:25	1724668765.431256	-43098.989961	-0.044311	-0.233722	-162.878417	119.922409	-135.774392	117.275539	254.391125	257.197616	97.482520	231.477644	-124.806721	73.624614	150.353054	88.839632	-669.613511	56.015775	414.198921	52.445203	-242.792356	0.113163	416.546755	0.246410	-195.504000	0.000000	-6.056652	6.248378	-384.624000	0.000000	-1.976000	0.000000	65.896000	0.000000	123.875000	0.000000	-195.267000	0.000000	66.843000	0.000000	-115.378000	0.000000	-98.042000	0.000000	-51.739000	0.000000	-341.974000	0.000000	-119.067000	0.000000	81.684000	0.000000

2024-08-26	12:39:26	1724668766.431670	-43097.989546	-0.044311	-0.233722	-113.513603	70.756089	-222.781912	55.407201	99.253268	146.040132	234.412269	118.986562	-57.278711	155.899039	80.165211	125.768253	-594.932681	47.674872	332.113605	43.949689	-242.840264	0.206378	416.804293	0.187704	-195.504000	0.000000	-8.214109	7.621228	-384.624000	0.000000	-1.976000	0.000000	65.896000	0.000000	123.875000	0.000000	-195.267000	0.000000	66.843000	0.000000	-115.378000	0.000000	-98.042000	0.000000	-51.739000	0.000000	-341.974000	0.000000	-119.067000	0.000000	81.684000	0.000000

2024-08-26	12:39:27	1724668767.431085	-43096.990131	-0.044311	-0.213862	-162.749223	162.986017	-132.872051	160.688309	216.547068	222.005704	151.079045	249.346390	-145.399185	149.968412	172.614212	116.297637	-668.647162	42.589592	409.913340	41.105494	-242.698810	0.194635	416.936500	0.165280	-195.504000	0.000000	-3.775652	4.819109	-384.624000	0.000000	-1.976000	0.000000	65.896000	0.000000	123.875000	0.000000	-195.267000	0.000000	66.843000	0.000000	-115.378000	0.000000	-98.042000	0.000000	-51.739000	0.000000	-341.974000	0.000000	-119.067000	0.000000	81.684000	0.000000

2024-08-26	12:39:28	1724668768.431499	-43095.989717	-0.044311	-0.213862	16.586583	178.840289	-333.523014	159.004367	150.596424	134.605578	202.283601	141.561208	-94.653491	131.246836	126.563559	128.640736	-667.777564	91.959854	411.453295	85.174185	-242.927359	0.287675	416.976102	0.259805	-195.504000	0.000000	-0.175971	6.146380	-384.624000	0.000000	-1.976000	0.000000	65.896000	0.000000	123.875000	0.000000	-195.267000	0.000000	66.843000	0.000000	-115.378000	0.000000	-98.042000	0.000000	-51.739000	0.000000	-341.974000	0.000000	-119.067000	0.000000	81.684000	0.000000

2024-08-26	12:39:29	1724668769.430915	-43094.990301	-0.044311	-0.213862	-171.931489	169.179606	-127.301475	146.234815	304.659254	142.566976	40.617442	173.101701	-97.206384	115.798448	125.043754	105.247289	-604.233828	70.227900	351.534351	60.936218	-242.862949	0.253246	416.821764	0.174640	-195.504000	0.000000	0.355260	7.247330	-384.624000	0.000000	-1.976000	0.000000	65.896000	0.000000	123.875000	0.000000	-195.267000	0.000000	66.843000	0.000000	-115.378000	0.000000	-98.042000	0.000000	-51.739000	0.000000	-341.974000	0.000000	-119.067000	0.000000	81.684000	0.000000

2024-08-26	12:39:30	1724668770.431372	-43093.989844	-0.044311	-0.213862	-217.407053	235.364595	-81.854014	189.175072	68.333943	140.259148	300.153345	144.662302	-100.928570	137.739171	134.228839	106.997295	-651.977983	19.408024	394.028032	25.899732	-243.099013	0.092746	416.735812	0.184983	-195.504000	0.000000	-4.253200	7.840683	-384.624000	0.000000	-1.976000	0.000000	65.896000	0.000000	123.875000	0.000000	-195.267000	0.000000	66.843000	0.000000	-115.378000	0.000000	-98.042000	0.000000	-51.739000	0.000000	-341.974000	0.000000	-119.067000	0.000000	81.684000	0.000000

2024-08-26	12:39:31	1724668771.431786	-43092.989430	-0.044311	-0.213862	22.446896	283.545939	-318.561777	307.327658	107.356900	252.790922	238.329828	247.433434	-84.443065	125.797588	109.945792	103.426171	-667.280766	62.422543	405.139682	59.821700	-242.713764	0.305369	416.680773	0.151575	-195.504000	0.000000	6.339142	6.115471	-384.624000	0.000000	-1.976000	0.000000	65.896000	0.000000	123.875000	0.000000	-195.267000	0.000000	66.843000	0.000000	-115.378000	0.000000	-98.042000	0.000000	-51.739000	0.000000	-341.974000	0.000000	-119.067000	0.000000	81.684000	0.000000

2024-08-26	12:39:32	1724668772.432219	-43091.988998	-0.044311	-0.213862	-62.271157	107.951282	-254.916491	116.859256	165.788240	275.961475	180.349650	287.398052	-175.161717	86.375772	203.758468	76.446493	-633.515221	58.138933	370.212579	51.239559	-242.635928	0.151671	416.847372	0.181447	-195.504000	0.000000	4.097446	7.203310	-384.624000	0.000000	-1.976000	0.000000	65.896000	0.000000	123.875000	0.000000	-195.267000	0.000000	66.843000	0.000000	-115.378000	0.000000	-98.042000	0.000000	-51.739000	0.000000	-341.974000	0.000000	-119.067000	0.000000	81.684000	0.000000

2024-08-26	12:39:33	1724668773.432616	-43090.988601	-0.044311	-0.194003	-92.595092	227.583383	-221.991565	219.984049	176.947760	265.074811	159.126853	257.188597	-48.034776	118.807935	80.075661	98.627960	-696.215438	40.305716	424.911751	34.142222	-243.032244	0.131505	416.867296	0.168024	-195.504000	0.000000	-7.445152	11.413741	-384.624000	0.000000	-1.976000	0.000000	65.896000	0.000000	123.875000	0.000000	-195.267000	0.000000	66.843000	0.000000	-115.378000	0.000000	-98.042000	0.000000	-51.739000	0.000000	-341.974000	0.000000	-119.067000	0.000000	81.684000	0.000000

2024-08-26	12:39:34	1724668774.432031	-43089.989186	-0.044311	-0.194003	-326.976519	56.238887	9.529920	120.968206	156.843251	215.957873	160.936910	143.755219	-104.897600	63.968941	127.122574	26.085433	-668.832135	111.550314	397.150663	102.470343	-242.896427	0.195679	417.003856	0.087226	-195.504000	0.000000	-15.357185	6.499930	-384.624000	0.000000	-1.976000	0.000000	65.896000	0.000000	123.875000	0.000000	-195.267000	0.000000	66.843000	0.000000	-115.378000	0.000000	-98.042000	0.000000	-51.739000	0.000000	-341.974000	0.000000	-119.067000	0.000000	81.684000	0.000000

2024-08-26	12:39:35	1724668775.432004	-43088.989212	-0.044311	-0.194003	-102.650396	107.052949	-204.524234	133.273524	208.829273	138.769532	163.813221	154.501556	-126.771858	77.994145	163.719930	75.347656	-677.244473	87.706764	421.701963	92.126813	-242.695596	0.211146	417.116005	0.298781	-195.504000	0.000000	-9.053590	6.655708	-384.624000	0.000000	-1.976000	0.000000	65.896000	0.000000	123.875000	0.000000	-195.267000	0.000000	66.843000	0.000000	-115.378000	0.000000	-98.042000	0.000000	-51.739000	0.000000	-341.974000	0.000000	-119.067000	0.000000	81.684000	0.000000

2024-08-26	12:39:36	1724668776.432418	-43087.988799	-0.044311	-0.194003	-105.802625	125.359960	-202.368618	127.458856	125.258392	133.727913	218.430287	112.287555	-162.299927	90.864372	184.136734	95.331456	-675.698963	65.195620	409.581329	57.411269	-243.086682	0.194783	417.183343	0.141731	-195.504000	0.000000	-1.019846	7.495523	-384.624000	0.000000	-1.976000	0.000000	65.896000	0.000000	123.875000	0.000000	-195.267000	0.000000	66.843000	0.000000	-115.378000	0.000000	-98.042000	0.000000	-51.739000	0.000000	-341.974000	0.000000	-119.067000	0.000000	81.684000	0.000000

2024-08-26	12:39:37	1724668777.431833	-43086.989383	-0.044311	-0.194003	-72.058248	140.536146	-230.528467	129.380287	187.522640	86.640578	170.992381	109.659230	-104.091862	53.802729	145.571203	30.907508	-649.097476	56.079479	388.148150	60.711503	-243.092253	0.222700	417.159108	0.173158	-195.504000	0.000000	0.184334	9.540712	-384.624000	0.000000	-1.976000	0.000000	65.896000	0.000000	123.875000	0.000000	-195.267000	0.000000	66.843000	0.000000	-115.378000	0.000000	-98.042000	0.000000	-51.739000	0.000000	-341.974000	0.000000	-119.067000	0.000000	81.684000	0.000000

2024-08-26	12:39:38	1724668778.432248	-43085.988968	-0.044311	-0.194003	-163.108057	258.101238	-158.065091	260.598182	61.849294	183.540432	272.077698	188.103992	-71.430055	141.829292	99.905556	131.106152	-677.123567	46.259379	414.652626	39.161426	-242.730114	0.235620	416.757861	0.152570	-195.504000	0.000000	-2.495640	6.513084	-384.624000	0.000000	-1.976000	0.000000	65.896000	0.000000	123.875000	0.000000	-195.267000	0.000000	66.843000	0.000000	-115.378000	0.000000	-98.042000	0.000000	-51.739000	0.000000	-341.974000	0.000000	-119.067000	0.000000	81.684000	0.000000

2024-08-26	12:39:39	1724668779.432662	-43084.988554	-0.044311	-0.207240	-62.824384	155.349221	-246.276312	134.584790	243.506799	141.329235	116.816592	157.509700	-155.698636	67.008485	179.575312	63.207245	-645.757098	70.377709	384.844736	62.180700	-243.007815	0.222060	416.992000	0.240481	-195.504000	0.000000	-8.028768	9.779091	-384.624000	0.000000	-1.976000	0.000000	65.896000	0.000000	123.875000	0.000000	-195.267000	0.000000	66.843000	0.000000	-115.378000	0.000000	-98.042000	0.000000	-51.739000	0.000000	-341.974000	0.000000	-119.067000	0.000000	81.684000	0.000000

2024-08-26	12:39:40	1724668780.431945	-43083.989271	-0.044311	-0.207240	-96.029129	186.510846	-216.266373	160.481174	232.253733	170.003692	98.662299	134.758046	-137.513919	101.430679	158.750137	62.428501	-666.074210	49.861897	401.582831	41.302080	-243.090649	0.306267	417.022643	0.180523	-195.504000	0.000000	-4.298198	8.239932	-384.624000	0.000000	-1.976000	0.000000	65.896000	0.000000	123.875000	0.000000	-195.267000	0.000000	66.843000	0.000000	-115.378000	0.000000	-98.042000	0.000000	-51.739000	0.000000	-341.974000	0.000000	-119.067000	0.000000	81.684000	0.000000

2024-08-26	12:39:41	1724668781.432359	-43082.988857	-0.044311	-0.207240	-226.792660	112.086854	-70.742456	101.100555	166.139297	78.496646	197.791078	107.506065	-73.941472	51.402500	112.045172	76.740433	-661.062634	58.273801	406.153747	63.736005	-243.104956	0.122609	416.710808	0.204735	-195.504000	0.000000	-0.108449	8.064799	-384.624000	0.000000	-1.976000	0.000000	65.896000	0.000000	123.875000	0.000000	-195.267000	0.000000	66.843000	0.000000	-115.378000	0.000000	-98.042000	0.000000	-51.739000	0.000000	-341.974000	0.000000	-119.067000	0.000000	81.684000	0.000000

2024-08-26	12:39:42	1724668782.431775	-43081.989441	-0.044311	-0.207240	-73.975293	229.563067	-239.716489	241.878416	106.933176	257.746742	221.354855	220.853133	-123.041748	82.278756	146.166719	63.246785	-648.711622	55.870377	383.105952	50.150856	-243.180867	0.155114	417.130158	0.193358	-195.504000	0.000000	-8.986026	9.279131	-384.624000	0.000000	-1.976000	0.000000	65.896000	0.000000	123.875000	0.000000	-195.267000	0.000000	66.843000	0.000000	-115.378000	0.000000	-98.042000	0.000000	-51.739000	0.000000	-341.974000	0.000000	-119.067000	0.000000	81.684000	0.000000

2024-08-26	12:39:43	1724668783.432189	-43080.989028	-0.044311	-0.207240	-94.731779	319.487116	-200.304407	302.138641	186.473215	155.936679	203.662775	155.979600	-109.067383	45.292392	152.759166	49.408431	-636.775495	79.437985	383.714434	74.367198	-243.172924	0.255772	416.864198	0.255542	-195.504000	0.000000	-5.615971	8.922350	-384.624000	0.000000	-1.976000	0.000000	65.896000	0.000000	123.875000	0.000000	-195.267000	0.000000	66.843000	0.000000	-115.378000	0.000000	-98.042000	0.000000	-51.739000	0.000000	-341.974000	0.000000	-119.067000	0.000000	81.684000	0.000000

2024-08-26	12:39:44	1724668784.432603	-43079.988613	-0.044311	-0.207240	-167.737393	73.367051	-163.340237	81.790657	88.027064	118.391873	235.561258	121.763294	-85.874770	64.434681	103.238050	74.908874	-648.973264	68.671725	383.082367	62.983960	-243.386118	0.287725	416.620784	0.222212	-195.504000	0.000000	-7.950335	4.718954	-384.624000	0.000000	-1.976000	0.000000	65.896000	0.000000	123.875000	0.000000	-195.267000	0.000000	66.843000	0.000000	-115.378000	0.000000	-98.042000	0.000000	-51.739000	0.000000	-341.974000	0.000000	-119.067000	0.000000	81.684000	0.000000

2024-08-26	12:39:45	1724668785.432057	-43078.989159	-0.044311	-0.207240	-235.493168	104.442074	-74.470209	71.940966	287.684985	110.124670	63.626737	134.677963	-161.552647	79.402989	186.392689	66.383228	-660.075103	43.489576	399.763098	37.798725	-243.085400	0.163987	416.878327	0.265779	-195.504000	0.000000	-11.061909	4.590869	-384.624000	0.000000	-1.976000	0.000000	65.896000	0.000000	123.875000	0.000000	-195.267000	0.000000	66.843000	0.000000	-115.378000	0.000000	-98.042000	0.000000	-51.739000	0.000000	-341.974000	0.000000	-119.067000	0.000000	81.684000	0.000000

2024-08-26	12:39:46	1724668786.432489	-43077.988727	-0.044311	-0.207240	22.407195	161.066431	-348.893574	173.861965	174.331251	118.121048	166.309441	85.309540	-141.482073	83.511081	171.169852	68.224928	-644.382915	56.594075	381.585912	49.785663	-243.136595	0.246270	416.648824	0.200957	-195.504000	0.000000	-13.250478	6.210845	-384.624000	0.000000	-1.976000	0.000000	65.896000	0.000000	123.875000	0.000000	-195.267000	0.000000	66.843000	0.000000	-115.378000	0.000000	-98.042000	0.000000	-51.739000	0.000000	-341.974000	0.000000	-119.067000	0.000000	81.684000	0.000000

2024-08-26	12:39:47	1724668787.431887	-43076.989329	-0.044311	-0.207240	-122.125430	168.767934	-169.423183	118.488447	105.271378	168.262382	264.157633	203.238396	-56.169577	182.868258	87.497923	149.659624	-649.555189	116.935475	393.145873	107.230753	-243.269927	0.305515	416.448490	0.170132	-195.504000	0.000000	-1.491401	10.549483	-384.624000	0.000000	-1.976000	0.000000	65.896000	0.000000	123.875000	0.000000	-195.267000	0.000000	66.843000	0.000000	-115.378000	0.000000	-98.042000	0.000000	-51.739000	0.000000	-341.974000	0.000000	-119.067000	0.000000	81.684000	0.000000

2024-08-26	12:39:48	1724668788.432301	-43075.988915	-0.044311	-0.207240	-129.663911	102.339446	-174.698073	85.212431	226.608240	103.416098	136.406151	106.816083	-132.741088	52.540210	152.873321	52.304399	-653.062901	51.867942	392.868886	54.147053	-243.148751	0.155030	416.287542	0.169713	-195.504000	0.000000	-8.709148	6.542833	-384.624000	0.000000	-1.976000	0.000000	65.896000	0.000000	123.875000	0.000000	-195.267000	0.000000	66.843000	0.000000	-115.378000	0.000000	-98.042000	0.000000	-51.739000	0.000000	-341.974000	0.000000	-119.067000	0.000000	81.684000	0.000000

2024-08-26	12:39:49	1724668789.431716	-43074.989500	-0.044311	-0.207240	-42.963751	158.321301	-277.118822	158.106045	230.350361	121.966751	97.557472	112.747370	-67.816256	76.676799	91.205364	77.048248	-697.566332	42.790073	434.425382	43.423522	-243.286302	0.198579	416.727985	0.271613	-195.504000	0.000000	-3.006864	8.649799	-384.624000	0.000000	-1.976000	0.000000	65.896000	0.000000	123.875000	0.000000	-195.267000	0.000000	66.843000	0.000000	-115.378000	0.000000	-98.042000	0.000000	-51.739000	0.000000	-341.974000	0.000000	-119.067000	0.000000	81.684000	0.000000

2024-08-26	12:39:50	1724668790.433620	-43073.987597	-0.044311	-0.200625	-17.087162	282.948141	-308.207045	327.773664	143.881224	147.563397	176.540147	85.464455	-109.479816	100.553027	138.250850	87.604616	-646.759650	90.918834	381.378852	83.288938	-243.094544	0.195308	416.543654	0.213966	-195.504000	0.000000	-10.295633	9.198839	-384.624000	0.000000	-1.976000	0.000000	65.896000	0.000000	123.875000	0.000000	-195.267000	0.000000	66.843000	0.000000	-115.378000	0.000000	-98.042000	0.000000	-51.739000	0.000000	-341.974000	0.000000	-119.067000	0.000000	81.684000	0.000000

2024-08-26	12:39:51	1724668791.433042	-43072.988174	-0.044311	-0.200625	-180.945049	111.341826	-120.186666	107.060645	134.684305	74.575885	228.016851	136.006691	-156.844314	142.264808	198.147558	123.662149	-652.208208	49.739234	389.843858	54.432096	-243.469625	0.152653	416.426871	0.155454	-195.504000	0.000000	-6.527941	6.137208	-384.624000	0.000000	-1.976000	0.000000	65.896000	0.000000	123.875000	0.000000	-195.267000	0.000000	66.843000	0.000000	-115.378000	0.000000	-98.042000	0.000000	-51.739000	0.000000	-341.974000	0.000000	-119.067000	0.000000	81.684000	0.000000

2024-08-26	12:39:52	1724668792.433460	-43071.987756	-0.044311	-0.200625	-162.825408	124.579456	-145.281260	149.395949	203.925764	85.493053	150.157782	97.586685	-87.960102	68.741583	104.747824	47.810528	-677.961262	73.548134	413.898387	69.246732	-243.438709	0.184128	416.478890	0.159804	-195.504000	0.000000	-13.230524	6.650215	-384.624000	0.000000	-1.976000	0.000000	65.896000	0.000000	123.875000	0.000000	-195.267000	0.000000	66.843000	0.000000	-115.378000	0.000000	-98.042000	0.000000	-51.739000	0.000000	-341.974000	0.000000	-119.067000	0.000000	81.684000	0.000000

2024-08-26	12:39:53	1724668793.432872	-43070.988345	-0.044311	-0.200625	-162.195161	96.774624	-152.018759	108.857975	238.142200	166.929700	123.800300	158.720143	-127.644917	27.121404	164.218654	43.447349	-642.940847	41.801768	377.023609	37.366269	-243.304801	0.144631	416.767186	0.185146	-195.504000	0.000000	-2.293447	8.897709	-384.624000	0.000000	-1.976000	0.000000	65.896000	0.000000	123.875000	0.000000	-195.267000	0.000000	66.843000	0.000000	-115.378000	0.000000	-98.042000	0.000000	-51.739000	0.000000	-341.974000	0.000000	-119.067000	0.000000	81.684000	0.000000

2024-08-26	12:39:54	1724668794.433287	-43069.987930	-0.044311	-0.200625	-54.155315	123.701924	-260.765821	147.659536	194.573538	153.331093	128.206266	113.632127	-77.374030	57.930520	98.575130	74.665153	-690.989145	49.994875	427.441451	47.002849	-243.198591	0.174781	416.824406	0.164357	-195.504000	0.000000	-0.353819	8.752471	-384.624000	0.000000	-1.976000	0.000000	65.896000	0.000000	123.875000	0.000000	-195.267000	0.000000	66.843000	0.000000	-115.378000	0.000000	-98.042000	0.000000	-51.739000	0.000000	-341.974000	0.000000	-119.067000	0.000000	81.684000	0.000000

2024-08-26	12:39:55	1724668795.432702	-43068.988515	-0.044311	-0.207240	-234.719601	189.142729	-68.477589	177.217485	203.406799	181.478271	159.294397	226.212520	-110.448503	107.004666	151.600456	111.124722	-676.072378	25.014279	416.419818	25.276652	-242.839973	0.155127	416.684336	0.227923	-195.504000	0.000000	0.626754	8.651312	-384.624000	0.000000	-1.976000	0.000000	65.896000	0.000000	123.875000	0.000000	-195.267000	0.000000	66.843000	0.000000	-115.378000	0.000000	-98.042000	0.000000	-51.739000	0.000000	-341.974000	0.000000	-119.067000	0.000000	81.684000	0.000000

2024-08-26	12:39:56	1724668796.432882	-43067.988335	-0.044311	-0.207240	-200.710715	206.543535	-110.605725	205.806778	87.195243	143.048557	256.104184	119.388235	-157.559230	39.395392	182.362798	35.327721	-635.608099	36.414952	371.798122	36.940922	-242.955923	0.184161	416.708435	0.228345	-195.504000	0.000000	-3.629713	5.923901	-384.624000	0.000000	-1.976000	0.000000	65.896000	0.000000	123.875000	0.000000	-195.267000	0.000000	66.843000	0.000000	-115.378000	0.000000	-98.042000	0.000000	-51.739000	0.000000	-341.974000	0.000000	-119.067000	0.000000	81.684000	0.000000

2024-08-26	12:39:57	1724668797.433296	-43066.987921	-0.044311	-0.207240	-247.417053	191.675650	-50.421138	160.351677	192.927306	129.033283	164.408507	159.919900	-116.145331	54.673178	140.871510	48.267402	-656.203328	60.906050	398.892324	70.864461	-243.184273	0.166905	416.972591	0.164379	-195.504000	0.000000	-5.369713	9.056612	-384.624000	0.000000	-1.976000	0.000000	65.896000	0.000000	123.875000	0.000000	-195.267000	0.000000	66.843000	0.000000	-115.378000	0.000000	-98.042000	0.000000	-51.739000	0.000000	-341.974000	0.000000	-119.067000	0.000000	81.684000	0.000000

2024-08-26	12:39:58	1724668798.432711	-43065.988505	-0.044311	-0.207240	50.251176	134.101913	-349.786268	143.471658	123.054473	82.006680	245.623674	91.641264	-88.823040	91.074169	126.002491	100.724185	-621.459616	29.786474	364.853310	26.925179	-243.075979	0.170527	417.312205	0.237889	-195.504000	0.000000	4.155901	8.333020	-384.624000	0.000000	-1.976000	0.000000	65.896000	0.000000	123.875000	0.000000	-195.267000	0.000000	66.843000	0.000000	-115.378000	0.000000	-98.042000	0.000000	-51.739000	0.000000	-341.974000	0.000000	-119.067000	0.000000	81.684000	0.000000

2024-08-26	12:39:59	1724668799.433125	-43064.988091	-0.044311	-0.207240	-176.606214	244.655569	-153.063060	216.384453	190.435927	132.729046	140.693921	170.918986	-148.915819	104.983193	172.519077	117.435638	-691.784722	66.822142	424.667014	63.517949	-243.237744	0.174248	416.916414	0.214048	-195.504000	0.000000	-1.106062	5.426881	-384.624000	0.000000	-1.976000	0.000000	65.896000	0.000000	123.875000	0.000000	-195.267000	0.000000	66.843000	0.000000	-115.378000	0.000000	-98.042000	0.000000	-51.739000	0.000000	-341.974000	0.000000	-119.067000	0.000000	81.684000	0.000000

2024-08-26	12:40:00	1724668800.432541	-43063.988676	-0.044311	-0.207240	-243.634141	341.536794	-75.293382	336.665910	-22.697710	240.936133	347.540407	226.269596	-92.091972	124.042218	111.509581	107.785999	-669.273221	30.966332	395.930072	25.341154	-243.244292	0.331581	416.860596	0.127623	-195.504000	0.000000	-12.413385	6.052458	-384.624000	0.000000	-1.976000	0.000000	65.896000	0.000000	123.875000	0.000000	-195.267000	0.000000	66.843000	0.000000	-115.378000	0.000000	-98.042000	0.000000	-51.739000	0.000000	-341.974000	0.000000	-119.067000	0.000000	81.684000	0.000000

2024-08-26	12:40:01	1724668801.432994	-43062.988223	-0.044311	-0.213862	-64.129647	253.750049	-233.849914	267.394874	169.651019	137.530792	188.824853	157.662091	-96.872846	73.999858	131.714159	69.928442	-654.692806	30.260846	396.448231	34.498135	-243.163499	0.237056	417.178762	0.151069	-195.504000	0.000000	-1.285643	8.212939	-384.624000	0.000000	-1.976000	0.000000	65.896000	0.000000	123.875000	0.000000	-195.267000	0.000000	66.843000	0.000000	-115.378000	0.000000	-98.042000	0.000000	-51.739000	0.000000	-341.974000	0.000000	-119.067000	0.000000	81.684000	0.000000

2024-08-26	12:40:02	1724668802.433409	-43061.987808	-0.044311	-0.213862	-147.245358	200.675346	-160.951874	234.091287	189.903559	120.766643	158.096990	115.373601	-105.557110	50.484380	134.627306	46.563393	-673.424490	31.715703	410.974907	25.665333	-243.010720	0.125903	416.991811	0.251885	-195.504000	0.000000	-1.651671	4.051876	-384.624000	0.000000	-1.976000	0.000000	65.896000	0.000000	123.875000	0.000000	-195.267000	0.000000	66.843000	0.000000	-115.378000	0.000000	-98.042000	0.000000	-51.739000	0.000000	-341.974000	0.000000	-119.067000	0.000000	81.684000	0.000000

2024-08-26	12:40:03	1724668803.432824	-43060.988393	-0.044311	-0.213862	-3.678823	169.127251	-312.722845	137.674733	99.626484	108.788785	240.502592	131.714546	-130.509168	143.897071	163.369956	127.001557	-650.644104	84.819349	386.249969	88.677609	-242.965559	0.173261	416.823447	0.217367	-195.504000	0.000000	-1.832066	7.755179	-384.624000	0.000000	-1.976000	0.000000	65.896000	0.000000	123.875000	0.000000	-195.267000	0.000000	66.843000	0.000000	-115.378000	0.000000	-98.042000	0.000000	-51.739000	0.000000	-341.974000	0.000000	-119.067000	0.000000	81.684000	0.000000

2024-08-26	12:40:04	1724668804.433238	-43059.987978	-0.044311	-0.213862	-45.631541	311.191655	-262.362953	337.896391	193.827669	76.848700	163.204071	57.424931	-130.971530	113.198710	161.200069	105.424756	-670.327098	27.656493	412.074264	33.534162	-242.805226	0.178287	416.880499	0.207835	-195.504000	0.000000	-11.065433	8.894480	-384.624000	0.000000	-1.976000	0.000000	65.896000	0.000000	123.875000	0.000000	-195.267000	0.000000	66.843000	0.000000	-115.378000	0.000000	-98.042000	0.000000	-51.739000	0.000000	-341.974000	0.000000	-119.067000	0.000000	81.684000	0.000000

2024-08-26	12:40:05	1724668805.432653	-43058.988563	-0.044311	-0.213862	-226.257960	161.276878	-87.227963	136.402576	266.797515	153.615085	65.466245	107.632260	-60.986073	73.355375	82.948552	75.212069	-636.576978	43.546145	375.404179	40.726451	-242.769218	0.152746	417.198332	0.144415	-195.504000	0.000000	4.899640	9.965309	-384.624000	0.000000	-1.976000	0.000000	65.896000	0.000000	123.875000	0.000000	-195.267000	0.000000	66.843000	0.000000	-115.378000	0.000000	-98.042000	0.000000	-51.739000	0.000000	-341.974000	0.000000	-119.067000	0.000000	81.684000	0.000000

2024-08-26	12:40:06	1724668806.433399	-43057.987818	-0.044311	-0.213862	-56.039795	309.505600	-248.175514	269.117583	138.782616	149.761930	219.951520	53.545957	-151.959493	85.041152	185.289868	86.305506	-652.832432	56.385209	391.479662	50.367457	-242.754425	0.304150	416.955324	0.174709	-195.504000	0.000000	-1.480020	5.011053	-384.624000	0.000000	-1.976000	0.000000	65.896000	0.000000	123.875000	0.000000	-195.267000	0.000000	66.843000	0.000000	-115.378000	0.000000	-98.042000	0.000000	-51.739000	0.000000	-341.974000	0.000000	-119.067000	0.000000	81.684000	0.000000

2024-08-26	12:40:07	1724668807.433813	-43056.987404	-0.044311	-0.213862	-73.413173	115.158893	-220.339857	112.139981	201.350363	83.027813	163.584549	54.369584	-72.239132	83.647380	101.554056	79.517711	-664.130590	61.230029	409.357281	62.162662	-242.684480	0.192455	416.893942	0.163510	-195.504000	0.000000	2.849785	8.787619	-384.624000	0.000000	-1.976000	0.000000	65.896000	0.000000	123.875000	0.000000	-195.267000	0.000000	66.843000	0.000000	-115.378000	0.000000	-98.042000	0.000000	-51.739000	0.000000	-341.974000	0.000000	-119.067000	0.000000	81.684000	0.000000

2024-08-26	12:40:08	1724668808.434227	-43055.986989	-0.044311	-0.213862	-190.384918	177.706642	-120.436905	184.033974	125.241392	79.029411	238.498278	84.844921	-158.211641	106.879014	179.291352	84.442341	-631.023643	42.124327	368.652334	43.491010	-242.320817	0.123838	416.922566	0.196858	-195.504000	0.000000	-7.967953	6.177778	-384.624000	0.000000	-1.976000	0.000000	65.896000	0.000000	123.875000	0.000000	-195.267000	0.000000	66.843000	0.000000	-115.378000	0.000000	-98.042000	0.000000	-51.739000	0.000000	-341.974000	0.000000	-119.067000	0.000000	81.684000	0.000000

2024-08-26	12:40:09	1724668809.433642	-43054.987575	-0.044311	-0.213862	-137.883194	183.838109	-175.038521	171.834285	152.649091	199.920820	195.746811	166.158857	-162.197829	230.217963	195.677337	197.154849	-662.144678	51.167283	403.010648	51.787158	-242.211685	0.152637	416.970170	0.227684	-195.504000	0.000000	-1.746601	7.695547	-384.624000	0.000000	-1.976000	0.000000	65.896000	0.000000	123.875000	0.000000	-195.267000	0.000000	66.843000	0.000000	-115.378000	0.000000	-98.042000	0.000000	-51.739000	0.000000	-341.974000	0.000000	-119.067000	0.000000	81.684000	0.000000

2024-08-26	12:40:10	1724668810.434057	-43053.987159	-0.044311	-0.213862	-146.858668	154.294505	-168.434324	143.800303	208.803229	131.221867	132.583841	95.818530	-81.295167	112.126099	116.640516	114.970099	-699.922179	33.176319	429.297790	30.994468	-242.339252	0.197055	416.946006	0.141830	-195.504000	0.000000	-5.971945	6.444033	-384.624000	0.000000	-1.976000	0.000000	65.896000	0.000000	123.875000	0.000000	-195.267000	0.000000	66.843000	0.000000	-115.378000	0.000000	-98.042000	0.000000	-51.739000	0.000000	-341.974000	0.000000	-119.067000	0.000000	81.684000	0.000000

2024-08-26	12:40:11	1724668811.434619	-43052.986598	-0.044311	-0.213862	-223.363044	139.174510	-84.280916	144.560593	138.792310	99.994770	194.155449	100.593381	-87.061443	167.140946	115.948659	163.358660	-688.712167	57.739761	422.593852	51.233677	-242.796244	0.318136	417.195430	0.157752	-195.504000	0.000000	-12.757859	9.578409	-384.624000	0.000000	-1.976000	0.000000	65.896000	0.000000	123.875000	0.000000	-195.267000	0.000000	66.843000	0.000000	-115.378000	0.000000	-98.042000	0.000000	-51.739000	0.000000	-341.974000	0.000000	-119.067000	0.000000	81.684000	0.000000

2024-08-26	12:40:12	1724668812.435260	-43051.985956	-0.044311	-0.233722	-94.663317	240.463259	-218.905024	246.425662	215.421327	151.186793	148.020971	211.328202	-109.094040	118.965039	140.172965	96.263864	-620.388763	78.593682	362.214624	75.698129	-242.552749	0.264575	417.186706	0.220680	-195.504000	0.000000	-3.354110	14.417341	-384.624000	0.000000	-1.976000	0.000000	65.896000	0.000000	123.875000	0.000000	-195.267000	0.000000	66.843000	0.000000	-115.378000	0.000000	-98.042000	0.000000	-51.739000	0.000000	-341.974000	0.000000	-119.067000	0.000000	81.684000	0.000000

2024-08-26	12:40:13	1724668813.434676	-43050.986540	-0.044311	-0.233722	-175.512266	149.035473	-140.299372	166.065839	254.259698	118.881693	82.940246	124.216893	-161.819138	123.774520	183.060713	75.350594	-688.810433	102.533536	420.392907	94.495785	-242.903345	0.256367	416.743866	0.175984	-195.504000	0.000000	-8.416055	11.057116	-384.624000	0.000000	-1.976000	0.000000	65.896000	0.000000	123.875000	0.000000	-195.267000	0.000000	66.843000	0.000000	-115.378000	0.000000	-98.042000	0.000000	-51.739000	0.000000	-341.974000	0.000000	-119.067000	0.000000	81.684000	0.000000

2024-08-26	12:40:14	1724668814.435091	-43049.986126	-0.044311	-0.233722	-4.324815	90.466203	-307.186451	116.296352	150.628935	295.123531	200.518923	296.037234	-54.056028	120.086299	94.186106	108.320508	-670.414164	53.426052	408.562051	44.738784	-242.559673	0.227396	416.848653	0.204397	-195.504000	0.000000	-12.085880	5.636721	-384.624000	0.000000	-1.976000	0.000000	65.896000	0.000000	123.875000	0.000000	-195.267000	0.000000	66.843000	0.000000	-115.378000	0.000000	-98.042000	0.000000	-51.739000	0.000000	-341.974000	0.000000	-119.067000	0.000000	81.684000	0.000000

2024-08-26	12:40:15	1724668815.434505	-43048.986711	-0.044311	-0.233722	-124.791766	153.969589	-176.993620	186.149957	59.785425	119.022572	301.938017	150.935877	-131.400506	97.948979	156.013739	103.344753	-658.705514	35.468791	401.497575	32.363289	-242.481216	0.191053	416.943097	0.181636	-195.504000	0.000000	-4.646770	7.571426	-384.624000	0.000000	-1.976000	0.000000	65.896000	0.000000	123.875000	0.000000	-195.267000	0.000000	66.843000	0.000000	-115.378000	0.000000	-98.042000	0.000000	-51.739000	0.000000	-341.974000	0.000000	-119.067000	0.000000	81.684000	0.000000

2024-08-26	12:40:16	1724668816.434920	-43047.986297	-0.044311	-0.233722	-182.128040	186.761526	-137.640488	207.008321	168.653245	149.794687	141.575376	171.401558	-152.279697	217.134912	167.872649	167.320549	-641.743291	46.755910	379.678128	44.912266	-242.506274	0.157824	416.523847	0.190213	-195.504000	0.000000	0.635506	6.981200	-384.624000	0.000000	-1.976000	0.000000	65.896000	0.000000	123.875000	0.000000	-195.267000	0.000000	66.843000	0.000000	-115.378000	0.000000	-98.042000	0.000000	-51.739000	0.000000	-341.974000	0.000000	-119.067000	0.000000	81.684000	0.000000

2024-08-26	12:40:17	1724668817.434341	-43046.986876	-0.044311	-0.233722	-62.812236	158.867393	-246.584187	149.582833	316.854441	204.194944	52.884131	142.941893	-66.808391	183.082577	110.782839	161.193302	-691.520667	73.178730	427.736654	71.818744	-242.179569	0.213602	416.578926	0.215793	-195.504000	0.000000	-3.973615	8.196056	-384.624000	0.000000	-1.976000	0.000000	65.896000	0.000000	123.875000	0.000000	-195.267000	0.000000	66.843000	0.000000	-115.378000	0.000000	-98.042000	0.000000	-51.739000	0.000000	-341.974000	0.000000	-119.067000	0.000000	81.684000	0.000000

2024-08-26	12:40:18	1724668818.434754	-43045.986462	-0.044311	-0.187380	-247.882874	164.336720	-75.771471	163.818448	63.463891	145.505774	267.607922	183.912285	-107.838601	102.797726	125.578962	91.363305	-667.997090	42.535380	402.420912	35.549914	-242.428575	0.175310	416.725960	0.200064	-195.504000	0.000000	-8.305520	8.660487	-384.624000	0.000000	-1.976000	0.000000	65.896000	0.000000	123.875000	0.000000	-195.267000	0.000000	66.843000	0.000000	-115.378000	0.000000	-98.042000	0.000000	-51.739000	0.000000	-341.974000	0.000000	-119.067000	0.000000	81.684000	0.000000

2024-08-26	12:40:19	1724668819.435169	-43044.986048	-0.044311	-0.187380	-105.738267	63.130099	-197.987360	60.135440	194.828788	55.653134	161.871135	122.074638	-95.511110	91.565267	127.133780	83.764763	-642.876407	49.862378	383.508676	57.595358	-242.255071	0.224353	417.013829	0.188660	-195.504000	0.000000	-10.072241	9.055039	-384.624000	0.000000	-1.976000	0.000000	65.896000	0.000000	123.875000	0.000000	-195.267000	0.000000	66.843000	0.000000	-115.378000	0.000000	-98.042000	0.000000	-51.739000	0.000000	-341.974000	0.000000	-119.067000	0.000000	81.684000	0.000000

2024-08-26	12:40:20	1724668820.434584	-43043.986632	-0.044311	-0.187380	-168.306770	133.121664	-138.646709	136.809367	127.607783	42.830983	244.837495	40.014406	-176.602235	74.969505	215.857768	106.141020	-661.142002	55.545038	400.508465	57.387647	-242.401702	0.234216	416.953633	0.122119	-195.504000	0.000000	-7.248948	12.554480	-384.624000	0.000000	-1.976000	0.000000	65.896000	0.000000	123.875000	0.000000	-195.267000	0.000000	66.843000	0.000000	-115.378000	0.000000	-98.042000	0.000000	-51.739000	0.000000	-341.974000	0.000000	-119.067000	0.000000	81.684000	0.000000

2024-08-26	12:40:21	1724668821.434999	-43042.986218	-0.044311	-0.187380	-183.847290	150.548009	-122.347215	180.858118	210.071653	83.701913	125.298895	100.487943	-29.456278	132.490533	56.912880	149.879710	-659.458037	75.463206	400.894404	67.499045	-242.251221	0.157883	416.892862	0.224766	-195.504000	0.000000	-1.421707	9.761066	-384.624000	0.000000	-1.976000	0.000000	65.896000	0.000000	123.875000	0.000000	-195.267000	0.000000	66.843000	0.000000	-115.378000	0.000000	-98.042000	0.000000	-51.739000	0.000000	-341.974000	0.000000	-119.067000	0.000000	81.684000	0.000000

2024-08-26	12:40:22	1724668822.434729	-43041.986488	-0.044311	-0.187380	-52.143266	138.991917	-236.442290	158.396830	174.311267	141.525862	191.309517	161.981838	-154.061109	97.223583	186.861535	88.811002	-612.014615	74.432960	359.735328	70.749729	-242.439274	0.182276	416.985301	0.164165	-195.504000	0.000000	-9.570699	13.161693	-384.624000	0.000000	-1.976000	0.000000	65.896000	0.000000	123.875000	0.000000	-195.267000	0.000000	66.843000	0.000000	-115.378000	0.000000	-98.042000	0.000000	-51.739000	0.000000	-341.974000	0.000000	-119.067000	0.000000	81.684000	0.000000

2024-08-26	12:40:23	1724668823.435176	-43040.986040	-0.044311	-0.187380	-201.169963	166.390007	-127.183252	131.994499	144.288211	108.366476	187.547324	160.264877	-128.853899	135.710476	145.457164	131.285449	-659.853607	74.747560	392.991060	73.193564	-242.282488	0.191128	417.039193	0.169849	-195.504000	0.000000	-10.873926	9.313866	-384.624000	0.000000	-1.976000	0.000000	65.896000	0.000000	123.875000	0.000000	-195.267000	0.000000	66.843000	0.000000	-115.378000	0.000000	-98.042000	0.000000	-51.739000	0.000000	-341.974000	0.000000	-119.067000	0.000000	81.684000	0.000000

