Date/C:Time:TimeStamp/D:time:VMeas:IMeas:I_00:DI_00:I_01:DI_01:I_02:DI_02:I_03:DI_03:I_04:DI_04:I_05:DI_05:I_06:DI_06:I_07:DI_07:I_08:DI_08:I_09:DI_09:I_10:DI_10:I_11:DI_11:I_12:DI_12:I_13:DI_13:I_14:DI_14:I_15:DI_15:I_16:DI_16:I_17:DI_17:I_18:DI_18:I_19:DI_19:I_20:DI_20:I_21:DI_21:I_22:DI_22:I_23:DI_23
2024-08-26	12:32:53	1724668373.394624	-43200.000000	-0.044311	-0.227103	-231.633678	101.371869	-73.736124	118.627633	185.529258	70.325149	174.144127	98.444475	-125.064990	48.390947	146.608781	59.234985	-608.334334	34.872885	350.984027	34.780317	-242.562740	0.154994	417.510135	0.164733	-195.504000	0.000000	-8.114098	7.100338	-384.624000	0.000000	-1.976000	0.000000	65.896000	0.000000	123.875000	0.000000	-195.267000	0.000000	66.843000	0.000000	-115.378000	0.000000	-98.042000	0.000000	-51.739000	0.000000	-341.974000	0.000000	-119.067000	0.000000	81.684000	0.000000

2024-08-26	12:32:54	1724668374.395026	-43198.999598	-0.044311	-0.227103	-31.961052	117.209425	-286.080865	134.193698	160.632983	227.050108	203.287728	242.735577	-103.421723	149.280106	128.744922	147.175701	-684.412244	55.283974	424.114873	52.432308	-243.051095	0.194335	416.981463	0.218491	-195.504000	0.000000	-9.718916	7.570301	-384.624000	0.000000	-1.976000	0.000000	65.896000	0.000000	123.875000	0.000000	-195.267000	0.000000	66.843000	0.000000	-115.378000	0.000000	-98.042000	0.000000	-51.739000	0.000000	-341.974000	0.000000	-119.067000	0.000000	81.684000	0.000000

2024-08-26	12:32:55	1724668375.394458	-43198.000165	-0.044311	-0.227103	-215.801237	350.890234	-79.150351	303.654710	110.526868	109.105850	235.015359	152.416953	-89.039487	150.679607	114.007224	86.139653	-590.351464	55.162463	334.580171	48.935649	-242.970026	0.161059	417.559450	0.140088	-195.504000	0.000000	-12.185881	5.626870	-384.624000	0.000000	-1.976000	0.000000	65.896000	0.000000	123.875000	0.000000	-195.267000	0.000000	66.843000	0.000000	-115.378000	0.000000	-98.042000	0.000000	-51.739000	0.000000	-341.974000	0.000000	-119.067000	0.000000	81.684000	0.000000

2024-08-26	12:32:56	1724668376.394855	-43196.999768	-0.044311	-0.227103	-60.702987	250.878371	-253.974523	230.785112	297.013266	102.205843	88.135251	83.580744	-103.017575	154.434413	136.755648	96.699781	-643.975571	18.375830	387.357239	16.479443	-243.278531	0.166915	417.160075	0.150084	-195.504000	0.000000	-6.166982	6.584672	-384.624000	0.000000	-1.976000	0.000000	65.896000	0.000000	123.875000	0.000000	-195.267000	0.000000	66.843000	0.000000	-115.378000	0.000000	-98.042000	0.000000	-51.739000	0.000000	-341.974000	0.000000	-119.067000	0.000000	81.684000	0.000000

2024-08-26	12:32:57	1724668377.394803	-43195.999821	-0.044311	-0.227103	-145.070076	162.924124	-177.818855	158.344292	183.382070	66.254018	165.354094	83.917268	-85.558480	115.692946	112.806123	93.201889	-660.263022	36.236611	397.789194	31.243199	-242.956239	0.155985	417.420645	0.179577	-195.504000	0.000000	-7.698365	4.975730	-384.624000	0.000000	-1.976000	0.000000	65.896000	0.000000	123.875000	0.000000	-195.267000	0.000000	66.843000	0.000000	-115.378000	0.000000	-98.042000	0.000000	-51.739000	0.000000	-341.974000	0.000000	-119.067000	0.000000	81.684000	0.000000

2024-08-26	12:32:58	1724668378.395218	-43194.999406	-0.044311	-0.207240	-183.154428	188.491994	-115.444598	155.498718	235.891073	255.777972	136.690061	281.708706	-229.087314	77.596633	259.525087	79.364159	-619.070022	53.066171	364.522032	64.637732	-242.855976	0.119191	417.235371	0.131931	-195.504000	0.000000	-8.890791	7.521218	-384.624000	0.000000	-1.976000	0.000000	65.896000	0.000000	123.875000	0.000000	-195.267000	0.000000	66.843000	0.000000	-115.378000	0.000000	-98.042000	0.000000	-51.739000	0.000000	-341.974000	0.000000	-119.067000	0.000000	81.684000	0.000000

2024-08-26	12:32:59	1724668379.394633	-43193.999990	-0.044311	-0.207240	-16.218984	231.723281	-297.422583	233.294271	141.153029	129.819125	233.771178	149.481642	-66.244041	109.161125	91.522798	89.014036	-646.312619	37.821282	388.414008	34.208801	-243.206851	0.299345	417.062646	0.169818	-195.504000	0.000000	-1.272601	6.613394	-384.624000	0.000000	-1.976000	0.000000	65.896000	0.000000	123.875000	0.000000	-195.267000	0.000000	66.843000	0.000000	-115.378000	0.000000	-98.042000	0.000000	-51.739000	0.000000	-341.974000	0.000000	-119.067000	0.000000	81.684000	0.000000

2024-08-26	12:33:00	1724668380.395047	-43192.999577	-0.044311	-0.207240	-153.305885	177.612940	-151.588816	153.131685	271.741573	114.599227	88.783119	91.735870	-81.714151	129.606499	114.461496	113.741834	-595.877132	90.087759	343.198371	94.687920	-242.818291	0.117683	417.246038	0.186571	-195.504000	0.000000	-8.182806	10.319135	-384.624000	0.000000	-1.976000	0.000000	65.896000	0.000000	123.875000	0.000000	-195.267000	0.000000	66.843000	0.000000	-115.378000	0.000000	-98.042000	0.000000	-51.739000	0.000000	-341.974000	0.000000	-119.067000	0.000000	81.684000	0.000000

2024-08-26	12:33:01	1724668381.394463	-43192.000161	-0.044311	-0.207240	-125.074274	226.241439	-188.876989	210.319922	181.005695	55.841211	174.321905	80.351631	-132.965672	95.628266	148.150485	88.357124	-628.683485	30.026079	373.834402	30.638028	-242.949677	0.175026	417.239795	0.281465	-195.504000	0.000000	-2.843585	10.265909	-384.624000	0.000000	-1.976000	0.000000	65.896000	0.000000	123.875000	0.000000	-195.267000	0.000000	66.843000	0.000000	-115.378000	0.000000	-98.042000	0.000000	-51.739000	0.000000	-341.974000	0.000000	-119.067000	0.000000	81.684000	0.000000

2024-08-26	12:33:02	1724668382.394877	-43190.999747	-0.044311	-0.207240	-207.400723	142.739081	-88.008979	141.402332	121.661747	146.449729	252.871880	77.746541	-122.198294	111.211022	162.905117	92.423971	-584.172967	23.913885	333.884309	35.987756	-243.258307	0.140228	417.124266	0.227006	-195.504000	0.000000	-4.100077	6.649986	-384.624000	0.000000	-1.976000	0.000000	65.896000	0.000000	123.875000	0.000000	-195.267000	0.000000	66.843000	0.000000	-115.378000	0.000000	-98.042000	0.000000	-51.739000	0.000000	-341.974000	0.000000	-119.067000	0.000000	81.684000	0.000000

2024-08-26	12:33:03	1724668383.394473	-43190.000151	-0.044311	-0.207240	-50.264982	92.531825	-259.508199	71.396035	116.569413	108.190347	251.127574	120.424065	-58.855202	109.298088	81.313239	85.072502	-656.974773	55.840623	394.721713	50.984257	-243.549006	0.194921	417.166447	0.131968	-195.504000	0.000000	-9.543364	10.095783	-384.624000	0.000000	-1.976000	0.000000	65.896000	0.000000	123.875000	0.000000	-195.267000	0.000000	66.843000	0.000000	-115.378000	0.000000	-98.042000	0.000000	-51.739000	0.000000	-341.974000	0.000000	-119.067000	0.000000	81.684000	0.000000

2024-08-26	12:33:04	1724668384.394869	-43188.999755	-0.044311	-0.227103	-202.592976	90.046995	-109.337684	91.318390	156.671388	152.721951	201.099153	150.799674	-144.885474	104.204659	165.203761	93.851955	-650.619235	89.028528	392.646154	83.474138	-242.990628	0.218780	416.956340	0.349498	-195.504000	0.000000	-6.338200	9.680709	-384.624000	0.000000	-1.976000	0.000000	65.896000	0.000000	123.875000	0.000000	-195.267000	0.000000	66.843000	0.000000	-115.378000	0.000000	-98.042000	0.000000	-51.739000	0.000000	-341.974000	0.000000	-119.067000	0.000000	81.684000	0.000000

2024-08-26	12:33:05	1724668385.394284	-43188.000340	-0.044311	-0.227103	-315.677437	223.519986	13.347872	228.707561	350.725061	103.354103	6.232067	116.701349	-106.140685	90.316776	131.398611	70.374547	-656.189344	78.828409	394.980947	72.778842	-242.939824	0.238904	417.456613	0.156198	-195.504000	0.000000	-15.650452	7.329882	-384.624000	0.000000	-1.976000	0.000000	65.896000	0.000000	123.875000	0.000000	-195.267000	0.000000	66.843000	0.000000	-115.378000	0.000000	-98.042000	0.000000	-51.739000	0.000000	-341.974000	0.000000	-119.067000	0.000000	81.684000	0.000000

2024-08-26	12:33:06	1724668386.394699	-43186.999925	-0.044311	-0.227103	105.749463	179.643645	-406.931936	173.778184	144.729328	174.210346	244.950715	169.440216	-102.355687	96.931383	138.713919	91.965280	-613.116787	39.638173	359.156964	42.162098	-242.847692	0.165612	417.331973	0.270049	-195.504000	0.000000	-18.424737	9.690286	-384.624000	0.000000	-1.976000	0.000000	65.896000	0.000000	123.875000	0.000000	-195.267000	0.000000	66.843000	0.000000	-115.378000	0.000000	-98.042000	0.000000	-51.739000	0.000000	-341.974000	0.000000	-119.067000	0.000000	81.684000	0.000000

2024-08-26	12:33:07	1724668387.395113	-43185.999510	-0.044311	-0.227103	-112.529813	175.488461	-210.749193	155.921382	66.124477	48.436023	288.707399	95.436293	-82.412080	64.697298	101.970014	88.225587	-667.563266	36.158178	403.530804	33.710089	-242.729263	0.225205	417.188234	0.183950	-195.504000	0.000000	-9.722645	11.863294	-384.624000	0.000000	-1.976000	0.000000	65.896000	0.000000	123.875000	0.000000	-195.267000	0.000000	66.843000	0.000000	-115.378000	0.000000	-98.042000	0.000000	-51.739000	0.000000	-341.974000	0.000000	-119.067000	0.000000	81.684000	0.000000

2024-08-26	12:33:08	1724668388.394740	-43184.999884	-0.044311	-0.227103	-11.457319	208.931075	-305.505819	213.337243	299.640666	119.233499	37.870089	106.148929	-122.919222	55.012344	145.380716	33.366652	-656.215513	32.509790	396.391835	30.060345	-242.742143	0.325793	417.185068	0.215871	-195.504000	0.000000	-5.022251	7.754401	-384.624000	0.000000	-1.976000	0.000000	65.896000	0.000000	123.875000	0.000000	-195.267000	0.000000	66.843000	0.000000	-115.378000	0.000000	-98.042000	0.000000	-51.739000	0.000000	-341.974000	0.000000	-119.067000	0.000000	81.684000	0.000000

2024-08-26	12:33:09	1724668389.396152	-43183.998471	-0.044311	-0.227103	-184.240520	148.907110	-118.625758	136.695569	157.782350	135.849692	208.813662	140.316679	-73.676909	69.110263	99.522189	82.267348	-656.616068	57.177286	396.297546	50.877362	-243.207761	0.251777	417.103685	0.166327	-195.504000	0.000000	-7.660406	10.763766	-384.624000	0.000000	-1.976000	0.000000	65.896000	0.000000	123.875000	0.000000	-195.267000	0.000000	66.843000	0.000000	-115.378000	0.000000	-98.042000	0.000000	-51.739000	0.000000	-341.974000	0.000000	-119.067000	0.000000	81.684000	0.000000

2024-08-26	12:33:10	1724668390.395568	-43182.999056	-0.044311	-0.213862	-198.858973	115.803006	-96.122252	93.901155	174.358026	168.763302	212.772119	110.326691	-120.730394	172.049688	160.341466	124.377013	-581.263868	66.663304	331.810529	58.904675	-242.852025	0.275207	416.909579	0.340581	-195.504000	0.000000	0.435966	5.334961	-384.624000	0.000000	-1.976000	0.000000	65.896000	0.000000	123.875000	0.000000	-195.267000	0.000000	66.843000	0.000000	-115.378000	0.000000	-98.042000	0.000000	-51.739000	0.000000	-341.974000	0.000000	-119.067000	0.000000	81.684000	0.000000

2024-08-26	12:33:11	1724668391.395983	-43181.998641	-0.044311	-0.213862	-31.021490	127.226954	-283.428427	147.074182	135.231413	141.561350	230.438006	140.295751	-146.723759	54.324732	170.355794	61.653426	-653.096563	82.444428	396.120766	72.526129	-242.752564	0.105725	416.864614	0.304371	-195.504000	0.000000	-0.207583	10.838500	-384.624000	0.000000	-1.976000	0.000000	65.896000	0.000000	123.875000	0.000000	-195.267000	0.000000	66.843000	0.000000	-115.378000	0.000000	-98.042000	0.000000	-51.739000	0.000000	-341.974000	0.000000	-119.067000	0.000000	81.684000	0.000000

2024-08-26	12:33:12	1724668392.396397	-43180.998227	-0.044311	-0.213862	-116.491981	284.306347	-184.496868	266.368656	205.647882	99.129244	161.609222	94.127986	-179.529725	32.497912	212.862632	34.469839	-610.534541	45.253360	351.337817	39.364987	-242.572332	0.136342	416.537699	0.193983	-195.504000	0.000000	-9.440433	6.423471	-384.624000	0.000000	-1.976000	0.000000	65.896000	0.000000	123.875000	0.000000	-195.267000	0.000000	66.843000	0.000000	-115.378000	0.000000	-98.042000	0.000000	-51.739000	0.000000	-341.974000	0.000000	-119.067000	0.000000	81.684000	0.000000

2024-08-26	12:33:13	1724668393.396537	-43179.998087	-0.044311	-0.213862	-246.180132	352.367536	-73.940338	332.185098	150.627447	94.711677	195.345736	117.604456	-70.931175	111.864730	87.207595	73.252312	-661.487576	54.956207	403.146605	42.162568	-242.703059	0.216796	416.718610	0.221473	-195.504000	0.000000	-4.517602	5.007683	-384.624000	0.000000	-1.976000	0.000000	65.896000	0.000000	123.875000	0.000000	-195.267000	0.000000	66.843000	0.000000	-115.378000	0.000000	-98.042000	0.000000	-51.739000	0.000000	-341.974000	0.000000	-119.067000	0.000000	81.684000	0.000000

2024-08-26	12:33:14	1724668394.396951	-43178.997673	-0.044311	-0.213862	81.344333	179.959086	-398.355247	156.336910	159.392669	105.543627	213.126758	100.593928	-147.083638	108.882189	175.336259	94.450189	-635.020448	47.344559	373.390870	46.036918	-242.634220	0.213746	417.200211	0.118150	-195.504000	0.000000	-7.044399	4.853550	-384.624000	0.000000	-1.976000	0.000000	65.896000	0.000000	123.875000	0.000000	-195.267000	0.000000	66.843000	0.000000	-115.378000	0.000000	-98.042000	0.000000	-51.739000	0.000000	-341.974000	0.000000	-119.067000	0.000000	81.684000	0.000000

2024-08-26	12:33:15	1724668395.396366	-43177.998258	-0.044311	-0.213862	-58.123887	117.387567	-238.585801	91.890494	181.684920	105.598449	192.424526	51.575791	-31.714364	131.605310	64.459800	95.315623	-628.599565	46.195006	377.678561	42.737057	-242.505467	0.161825	417.245467	0.122384	-195.504000	0.000000	-10.156236	6.658673	-384.624000	0.000000	-1.976000	0.000000	65.896000	0.000000	123.875000	0.000000	-195.267000	0.000000	66.843000	0.000000	-115.378000	0.000000	-98.042000	0.000000	-51.739000	0.000000	-341.974000	0.000000	-119.067000	0.000000	81.684000	0.000000

2024-08-26	12:33:16	1724668396.396780	-43176.997843	-0.044311	-0.200625	-223.679792	242.575798	-75.002759	207.785043	183.383947	139.960442	181.643817	193.784772	-102.543336	61.553520	126.931293	34.425289	-624.789795	90.926091	367.983650	84.848357	-242.616449	0.154943	417.046150	0.152484	-195.504000	0.000000	-14.149054	13.762161	-384.624000	0.000000	-1.976000	0.000000	65.896000	0.000000	123.875000	0.000000	-195.267000	0.000000	66.843000	0.000000	-115.378000	0.000000	-98.042000	0.000000	-51.739000	0.000000	-341.974000	0.000000	-119.067000	0.000000	81.684000	0.000000

2024-08-26	12:33:17	1724668397.396196	-43175.998428	-0.044311	-0.200625	-107.943657	165.890863	-209.389513	151.546058	185.577406	154.729875	159.443642	173.078171	-159.897140	75.959432	186.018623	64.486110	-629.319647	50.303108	373.595847	47.492107	-242.425974	0.127445	417.201047	0.332416	-195.504000	0.000000	-6.364612	6.137004	-384.624000	0.000000	-1.976000	0.000000	65.896000	0.000000	123.875000	0.000000	-195.267000	0.000000	66.843000	0.000000	-115.378000	0.000000	-98.042000	0.000000	-51.739000	0.000000	-341.974000	0.000000	-119.067000	0.000000	81.684000	0.000000

2024-08-26	12:33:18	1724668398.396815	-43174.997809	-0.044311	-0.200625	-232.073320	162.108239	-86.016559	174.427990	215.574265	200.188776	149.467658	244.354312	-39.304172	79.231161	64.084392	64.724853	-649.134222	53.058300	386.404657	49.974688	-242.428418	0.207968	417.009919	0.145355	-195.504000	0.000000	-11.865446	6.455552	-384.624000	0.000000	-1.976000	0.000000	65.896000	0.000000	123.875000	0.000000	-195.267000	0.000000	66.843000	0.000000	-115.378000	0.000000	-98.042000	0.000000	-51.739000	0.000000	-341.974000	0.000000	-119.067000	0.000000	81.684000	0.000000

2024-08-26	12:33:19	1724668399.396229	-43173.998394	-0.044311	-0.200625	-111.491883	255.015626	-189.371157	281.853462	194.936790	165.874892	171.235581	210.923132	-144.308988	80.289426	168.264073	90.942631	-669.352790	46.902372	410.029132	39.841163	-242.952083	0.238898	417.012493	0.217914	-195.504000	0.000000	-9.471103	8.933865	-384.624000	0.000000	-1.976000	0.000000	65.896000	0.000000	123.875000	0.000000	-195.267000	0.000000	66.843000	0.000000	-115.378000	0.000000	-98.042000	0.000000	-51.739000	0.000000	-341.974000	0.000000	-119.067000	0.000000	81.684000	0.000000

2024-08-26	12:33:20	1724668400.396644	-43172.997980	-0.044311	-0.200625	-137.075103	329.708354	-178.246002	322.787657	157.044146	91.752456	194.169794	94.368386	-139.583453	77.058150	164.166592	72.263864	-660.009805	47.272686	395.892387	50.434355	-243.385895	0.227552	417.015953	0.155154	-195.504000	0.000000	-14.363054	14.089858	-384.624000	0.000000	-1.976000	0.000000	65.896000	0.000000	123.875000	0.000000	-195.267000	0.000000	66.843000	0.000000	-115.378000	0.000000	-98.042000	0.000000	-51.739000	0.000000	-341.974000	0.000000	-119.067000	0.000000	81.684000	0.000000

2024-08-26	12:33:21	1724668401.396059	-43171.998565	-0.044311	-0.213862	-113.482104	213.282887	-190.920422	190.595653	296.547516	78.601191	72.357435	98.927922	-130.794500	140.834549	159.774992	141.945808	-613.604260	70.641747	361.621359	67.129504	-243.481638	0.218645	417.053790	0.185957	-195.504000	0.000000	-10.368069	6.938079	-384.624000	0.000000	-1.976000	0.000000	65.896000	0.000000	123.875000	0.000000	-195.267000	0.000000	66.843000	0.000000	-115.378000	0.000000	-98.042000	0.000000	-51.739000	0.000000	-341.974000	0.000000	-119.067000	0.000000	81.684000	0.000000

2024-08-26	12:33:22	1724668402.396475	-43170.998149	-0.044311	-0.213862	-70.128166	150.787446	-245.040925	137.570704	169.222907	159.095627	190.970452	130.545450	-74.027797	115.543752	106.037435	107.449385	-615.589329	25.303419	360.292581	25.610968	-243.459018	0.312389	417.384854	0.201659	-195.504000	0.000000	-8.546250	8.628623	-384.624000	0.000000	-1.976000	0.000000	65.896000	0.000000	123.875000	0.000000	-195.267000	0.000000	66.843000	0.000000	-115.378000	0.000000	-98.042000	0.000000	-51.739000	0.000000	-341.974000	0.000000	-119.067000	0.000000	81.684000	0.000000

2024-08-26	12:33:23	1724668403.396988	-43169.997636	-0.044311	-0.213862	37.684431	272.398861	-337.736870	314.411900	107.245931	159.136016	265.130107	196.962661	-76.981948	92.191804	108.181249	71.403566	-644.702436	42.236752	388.478684	45.749191	-243.077677	0.244625	417.323548	0.184501	-195.504000	0.000000	-3.073217	6.080435	-384.624000	0.000000	-1.976000	0.000000	65.896000	0.000000	123.875000	0.000000	-195.267000	0.000000	66.843000	0.000000	-115.378000	0.000000	-98.042000	0.000000	-51.739000	0.000000	-341.974000	0.000000	-119.067000	0.000000	81.684000	0.000000

2024-08-26	12:33:24	1724668404.396406	-43168.998218	-0.044311	-0.213862	-129.601567	280.103321	-188.350349	287.289465	182.516361	108.915622	177.670962	83.916623	-157.638794	67.988570	178.135384	68.114354	-650.891024	36.844293	388.577408	32.180321	-243.176621	0.166912	417.105530	0.217399	-195.504000	0.000000	-7.383220	5.683796	-384.624000	0.000000	-1.976000	0.000000	65.896000	0.000000	123.875000	0.000000	-195.267000	0.000000	66.843000	0.000000	-115.378000	0.000000	-98.042000	0.000000	-51.739000	0.000000	-341.974000	0.000000	-119.067000	0.000000	81.684000	0.000000

2024-08-26	12:33:25	1724668405.397820	-43167.996804	-0.044311	-0.213862	-73.833681	121.574718	-228.374955	101.363346	202.367722	148.133414	167.174321	171.542933	-73.279689	73.643429	106.175035	92.980392	-608.350438	77.371161	357.304216	69.020545	-242.932265	0.160154	416.865056	0.244892	-195.504000	0.000000	-8.384972	5.864349	-384.624000	0.000000	-1.976000	0.000000	65.896000	0.000000	123.875000	0.000000	-195.267000	0.000000	66.843000	0.000000	-115.378000	0.000000	-98.042000	0.000000	-51.739000	0.000000	-341.974000	0.000000	-119.067000	0.000000	81.684000	0.000000

2024-08-26	12:33:26	1724668406.397235	-43166.997388	-0.044311	-0.213862	-273.767134	174.160863	-24.978339	181.313813	96.975375	144.957783	272.542222	149.261192	-144.937986	133.906494	169.868760	107.570750	-658.607742	26.496649	402.606179	30.377872	-242.884239	0.177891	416.905954	0.185739	-195.504000	0.000000	-0.430045	12.690379	-384.624000	0.000000	-1.976000	0.000000	65.896000	0.000000	123.875000	0.000000	-195.267000	0.000000	66.843000	0.000000	-115.378000	0.000000	-98.042000	0.000000	-51.739000	0.000000	-341.974000	0.000000	-119.067000	0.000000	81.684000	0.000000

2024-08-26	12:33:27	1724668407.397649	-43165.996974	-0.044311	-0.233722	59.035755	260.356626	-371.828728	247.080857	222.797699	209.800239	147.155005	220.348517	-147.067903	64.582659	167.871787	68.680341	-619.020326	45.719666	365.032252	44.666680	-243.009124	0.280693	416.944978	0.159597	-195.504000	0.000000	-8.842975	9.749925	-384.624000	0.000000	-1.976000	0.000000	65.896000	0.000000	123.875000	0.000000	-195.267000	0.000000	66.843000	0.000000	-115.378000	0.000000	-98.042000	0.000000	-51.739000	0.000000	-341.974000	0.000000	-119.067000	0.000000	81.684000	0.000000

2024-08-26	12:33:28	1724668408.397082	-43164.997541	-0.044311	-0.233722	-298.543668	86.676705	-0.043486	80.524900	168.146712	76.106942	202.247422	56.911124	-53.369246	62.378056	84.814356	59.894762	-629.943985	44.418246	367.349505	45.245179	-243.040299	0.215278	417.153197	0.153046	-195.504000	0.000000	-8.770812	6.234373	-384.624000	0.000000	-1.976000	0.000000	65.896000	0.000000	123.875000	0.000000	-195.267000	0.000000	66.843000	0.000000	-115.378000	0.000000	-98.042000	0.000000	-51.739000	0.000000	-341.974000	0.000000	-119.067000	0.000000	81.684000	0.000000

2024-08-26	12:33:29	1724668409.397436	-43163.997188	-0.044311	-0.233722	-189.457544	138.441807	-123.735129	116.264848	64.389524	123.800958	298.646255	164.112502	-156.739156	62.278101	186.228406	82.184215	-624.619250	43.780324	370.720899	40.371326	-243.022113	0.132325	416.905883	0.181851	-195.504000	0.000000	2.129701	6.776437	-384.624000	0.000000	-1.976000	0.000000	65.896000	0.000000	123.875000	0.000000	-195.267000	0.000000	66.843000	0.000000	-115.378000	0.000000	-98.042000	0.000000	-51.739000	0.000000	-341.974000	0.000000	-119.067000	0.000000	81.684000	0.000000

2024-08-26	12:33:30	1724668410.397851	-43162.996773	-0.044311	-0.233722	-217.401784	177.337098	-89.157891	181.553749	232.718471	109.875453	140.389483	103.585223	-118.666402	88.285700	148.471609	93.069495	-629.667293	76.874030	367.411794	72.137239	-243.318155	0.112555	416.957117	0.214160	-195.504000	0.000000	-3.291577	7.890968	-384.624000	0.000000	-1.976000	0.000000	65.896000	0.000000	123.875000	0.000000	-195.267000	0.000000	66.843000	0.000000	-115.378000	0.000000	-98.042000	0.000000	-51.739000	0.000000	-341.974000	0.000000	-119.067000	0.000000	81.684000	0.000000

2024-08-26	12:33:31	1724668411.397267	-43161.997357	-0.044311	-0.233722	-124.896561	171.730923	-191.660068	176.742275	150.552069	89.389638	199.377376	106.662194	-138.255911	82.953925	160.464492	81.015954	-690.844114	57.907015	422.940825	48.056032	-243.146346	0.215002	417.009918	0.153065	-195.504000	0.000000	-14.174516	11.200142	-384.624000	0.000000	-1.976000	0.000000	65.896000	0.000000	123.875000	0.000000	-195.267000	0.000000	66.843000	0.000000	-115.378000	0.000000	-98.042000	0.000000	-51.739000	0.000000	-341.974000	0.000000	-119.067000	0.000000	81.684000	0.000000

2024-08-26	12:33:32	1724668412.397681	-43160.996943	-0.044311	-0.233722	-85.074249	267.063642	-232.585427	225.839427	182.919377	164.019684	167.673282	106.737382	-114.803492	133.488474	139.354156	94.999812	-629.257592	51.945258	371.446627	52.777574	-243.213832	0.188298	417.169362	0.200549	-195.504000	0.000000	-3.813576	5.903277	-384.624000	0.000000	-1.976000	0.000000	65.896000	0.000000	123.875000	0.000000	-195.267000	0.000000	66.843000	0.000000	-115.378000	0.000000	-98.042000	0.000000	-51.739000	0.000000	-341.974000	0.000000	-119.067000	0.000000	81.684000	0.000000

2024-08-26	12:33:33	1724668413.397096	-43159.997528	-0.044311	-0.200625	-32.754473	174.895846	-269.123900	172.374594	289.738013	100.139799	79.604125	85.961437	-75.213199	129.434327	93.707069	81.332111	-633.669771	52.713963	379.807520	44.320225	-243.183858	0.134458	417.304732	0.158156	-195.504000	0.000000	-7.987650	7.762663	-384.624000	0.000000	-1.976000	0.000000	65.896000	0.000000	123.875000	0.000000	-195.267000	0.000000	66.843000	0.000000	-115.378000	0.000000	-98.042000	0.000000	-51.739000	0.000000	-341.974000	0.000000	-119.067000	0.000000	81.684000	0.000000

2024-08-26	12:33:34	1724668414.397214	-43158.997409	-0.044311	-0.200625	-126.557840	84.043685	-171.026888	89.756221	122.369227	234.031763	257.103595	239.068154	-139.595397	136.125817	181.638372	112.520550	-655.725692	54.517713	401.773138	49.444464	-243.189145	0.130877	417.271896	0.299755	-195.504000	0.000000	-12.896124	5.854749	-384.624000	0.000000	-1.976000	0.000000	65.896000	0.000000	123.875000	0.000000	-195.267000	0.000000	66.843000	0.000000	-115.378000	0.000000	-98.042000	0.000000	-51.739000	0.000000	-341.974000	0.000000	-119.067000	0.000000	81.684000	0.000000

2024-08-26	12:33:35	1724668415.397629	-43157.996995	-0.044311	-0.200625	-115.394902	291.725008	-204.341096	257.817935	192.604449	251.506024	158.254559	302.523659	-91.977159	58.210184	104.891801	60.687857	-623.676752	56.670081	368.543760	52.915773	-243.027694	0.228778	417.294217	0.254523	-195.504000	0.000000	-3.334960	10.650842	-384.624000	0.000000	-1.976000	0.000000	65.896000	0.000000	123.875000	0.000000	-195.267000	0.000000	66.843000	0.000000	-115.378000	0.000000	-98.042000	0.000000	-51.739000	0.000000	-341.974000	0.000000	-119.067000	0.000000	81.684000	0.000000

2024-08-26	12:33:36	1724668416.397044	-43156.997580	-0.044311	-0.200625	-205.724681	121.540661	-91.362272	109.225549	177.989233	146.997061	190.696172	216.188779	-109.407577	72.445102	139.033460	60.781322	-660.736204	40.173439	405.208258	40.386785	-243.355839	0.141450	417.786612	0.160481	-195.504000	0.000000	0.435280	6.445990	-384.624000	0.000000	-1.976000	0.000000	65.896000	0.000000	123.875000	0.000000	-195.267000	0.000000	66.843000	0.000000	-115.378000	0.000000	-98.042000	0.000000	-51.739000	0.000000	-341.974000	0.000000	-119.067000	0.000000	81.684000	0.000000

2024-08-26	12:33:37	1724668417.397460	-43155.997164	-0.044311	-0.200625	-231.910697	179.193192	-77.344451	177.038913	241.946440	110.708727	121.663570	107.355271	-146.041206	43.015625	177.972945	33.732042	-631.527780	55.786270	368.939229	52.318782	-243.246398	0.145458	417.415363	0.271720	-195.504000	0.000000	-10.129011	5.963428	-384.624000	0.000000	-1.976000	0.000000	65.896000	0.000000	123.875000	0.000000	-195.267000	0.000000	66.843000	0.000000	-115.378000	0.000000	-98.042000	0.000000	-51.739000	0.000000	-341.974000	0.000000	-119.067000	0.000000	81.684000	0.000000

2024-08-26	12:33:38	1724668418.396874	-43154.997750	-0.044311	-0.220485	-101.120930	142.909900	-212.426774	106.773400	-5.254272	194.732262	359.860751	216.824129	-130.995807	150.717456	159.524046	148.389654	-627.679094	39.890570	373.280361	29.885661	-243.497923	0.220988	417.398873	0.170735	-195.504000	0.000000	-3.211533	9.820835	-384.624000	0.000000	-1.976000	0.000000	65.896000	0.000000	123.875000	0.000000	-195.267000	0.000000	66.843000	0.000000	-115.378000	0.000000	-98.042000	0.000000	-51.739000	0.000000	-341.974000	0.000000	-119.067000	0.000000	81.684000	0.000000

2024-08-26	12:33:39	1724668419.397467	-43153.997157	-0.044311	-0.220485	-79.380623	272.794432	-220.532388	254.499411	199.096172	175.883844	163.236920	223.238515	-70.001579	87.209316	97.402126	84.984182	-632.220950	90.638289	374.221863	79.139335	-243.180606	0.181255	417.150140	0.173679	-195.504000	0.000000	-1.801063	6.055656	-384.624000	0.000000	-1.976000	0.000000	65.896000	0.000000	123.875000	0.000000	-195.267000	0.000000	66.843000	0.000000	-115.378000	0.000000	-98.042000	0.000000	-51.739000	0.000000	-341.974000	0.000000	-119.067000	0.000000	81.684000	0.000000

2024-08-26	12:33:40	1724668420.396863	-43152.997760	-0.044311	-0.220485	37.000559	172.466678	-356.633321	189.000892	178.924645	81.009091	171.370280	124.076246	-127.867761	107.020014	156.679636	117.325165	-657.341984	71.803233	393.856390	73.242133	-242.940169	0.125158	416.891250	0.184457	-195.504000	0.000000	-15.621313	12.319033	-384.624000	0.000000	-1.976000	0.000000	65.896000	0.000000	123.875000	0.000000	-195.267000	0.000000	66.843000	0.000000	-115.378000	0.000000	-98.042000	0.000000	-51.739000	0.000000	-341.974000	0.000000	-119.067000	0.000000	81.684000	0.000000

2024-08-26	12:33:41	1724668421.397277	-43151.997346	-0.044311	-0.220485	-184.175683	327.501255	-127.026729	328.158478	181.826692	54.137093	167.617209	88.813310	-112.926390	99.707233	133.271287	106.800291	-615.113906	45.972775	355.356277	43.350907	-243.039616	0.162296	416.936691	0.315714	-195.504000	0.000000	-3.941438	4.844540	-384.624000	0.000000	-1.976000	0.000000	65.896000	0.000000	123.875000	0.000000	-195.267000	0.000000	66.843000	0.000000	-115.378000	0.000000	-98.042000	0.000000	-51.739000	0.000000	-341.974000	0.000000	-119.067000	0.000000	81.684000	0.000000

2024-08-26	12:33:42	1724668422.397692	-43150.996932	-0.044311	-0.220485	-175.983755	124.687175	-135.648995	143.300790	333.999731	264.633738	36.758774	226.447511	-89.735739	63.035979	121.383646	50.794799	-680.227622	35.709721	419.870799	47.284983	-243.150373	0.238596	417.174844	0.177212	-195.504000	0.000000	-12.373389	9.317240	-384.624000	0.000000	-1.976000	0.000000	65.896000	0.000000	123.875000	0.000000	-195.267000	0.000000	66.843000	0.000000	-115.378000	0.000000	-98.042000	0.000000	-51.739000	0.000000	-341.974000	0.000000	-119.067000	0.000000	81.684000	0.000000

2024-08-26	12:33:43	1724668423.397107	-43149.997517	-0.044311	-0.220485	5.772276	157.492930	-312.095790	122.300794	100.239687	131.635037	269.271488	94.016468	-187.096170	84.109678	212.749903	78.082533	-636.564082	40.117230	375.210109	48.726844	-243.775027	0.256665	417.223706	0.145629	-195.504000	0.000000	-19.560055	4.214220	-384.624000	0.000000	-1.976000	0.000000	65.896000	0.000000	123.875000	0.000000	-195.267000	0.000000	66.843000	0.000000	-115.378000	0.000000	-98.042000	0.000000	-51.739000	0.000000	-341.974000	0.000000	-119.067000	0.000000	81.684000	0.000000

2024-08-26	12:33:44	1724668424.396782	-43148.997841	-0.044311	-0.207240	-259.954770	154.826829	-56.271778	167.510284	204.392772	134.143382	157.673733	87.329087	-100.722021	194.350202	108.936998	188.487064	-632.271796	101.297458	375.310362	90.253978	-243.411764	0.154165	417.535975	0.264555	-195.504000	0.000000	-8.126003	7.542475	-384.624000	0.000000	-1.976000	0.000000	65.896000	0.000000	123.875000	0.000000	-195.267000	0.000000	66.843000	0.000000	-115.378000	0.000000	-98.042000	0.000000	-51.739000	0.000000	-341.974000	0.000000	-119.067000	0.000000	81.684000	0.000000

2024-08-26	12:33:45	1724668425.397198	-43147.997426	-0.044311	-0.207240	-159.458305	99.256130	-146.841899	89.186756	123.616796	98.141992	231.291601	110.109894	-82.209843	82.831563	111.910751	39.719889	-629.245767	53.658023	374.769197	51.152146	-243.448652	0.232709	417.537346	0.155978	-195.504000	0.000000	4.432096	7.250968	-384.624000	0.000000	-1.976000	0.000000	65.896000	0.000000	123.875000	0.000000	-195.267000	0.000000	66.843000	0.000000	-115.378000	0.000000	-98.042000	0.000000	-51.739000	0.000000	-341.974000	0.000000	-119.067000	0.000000	81.684000	0.000000

2024-08-26	12:33:46	1724668426.397611	-43146.997013	-0.044311	-0.207240	-91.066900	106.432359	-215.999523	125.780318	162.458362	137.029047	203.651544	202.950973	-81.841191	112.523616	111.199409	71.173975	-678.224291	47.440891	416.304794	51.477076	-243.388140	0.252844	417.896296	0.228888	-195.504000	0.000000	-12.145068	9.861192	-384.624000	0.000000	-1.976000	0.000000	65.896000	0.000000	123.875000	0.000000	-195.267000	0.000000	66.843000	0.000000	-115.378000	0.000000	-98.042000	0.000000	-51.739000	0.000000	-341.974000	0.000000	-119.067000	0.000000	81.684000	0.000000

2024-08-26	12:33:47	1724668427.397027	-43145.997597	-0.044311	-0.207240	-140.128284	191.363495	-164.626477	215.910303	258.305583	143.326955	106.711205	102.101227	-116.586841	115.665482	152.562914	138.254723	-634.492722	46.693156	377.145749	42.309933	-243.198722	0.196754	417.606588	0.213330	-195.504000	0.000000	-6.590728	7.416338	-384.624000	0.000000	-1.976000	0.000000	65.896000	0.000000	123.875000	0.000000	-195.267000	0.000000	66.843000	0.000000	-115.378000	0.000000	-98.042000	0.000000	-51.739000	0.000000	-341.974000	0.000000	-119.067000	0.000000	81.684000	0.000000

2024-08-26	12:33:48	1724668428.397441	-43144.997182	-0.044311	-0.207240	13.467985	92.215010	-328.559155	81.518350	140.101330	63.216239	207.709462	42.581381	-162.539211	114.775617	183.873705	110.597240	-624.372959	52.040010	367.263535	49.054239	-243.221795	0.175452	417.529709	0.185476	-195.504000	0.000000	-9.400283	5.658350	-384.624000	0.000000	-1.976000	0.000000	65.896000	0.000000	123.875000	0.000000	-195.267000	0.000000	66.843000	0.000000	-115.378000	0.000000	-98.042000	0.000000	-51.739000	0.000000	-341.974000	0.000000	-119.067000	0.000000	81.684000	0.000000

2024-08-26	12:33:49	1724668429.396862	-43143.997762	-0.044311	-0.207240	-179.396843	150.377885	-132.082413	146.721177	155.623466	46.924970	223.867167	85.253539	-74.171911	58.762082	98.194854	70.902153	-655.123064	103.095655	391.982750	91.619154	-243.383288	0.190835	417.742566	0.201806	-195.504000	0.000000	-5.084683	4.943666	-384.624000	0.000000	-1.976000	0.000000	65.896000	0.000000	123.875000	0.000000	-195.267000	0.000000	66.843000	0.000000	-115.378000	0.000000	-98.042000	0.000000	-51.739000	0.000000	-341.974000	0.000000	-119.067000	0.000000	81.684000	0.000000

2024-08-26	12:33:50	1724668430.397287	-43142.997337	-0.044311	-0.213862	-128.814474	182.593747	-181.932946	182.433559	159.334268	152.984938	203.278861	211.746524	-104.611390	132.756420	135.935365	102.245384	-660.309694	34.856247	400.233918	42.113928	-243.449429	0.136728	417.361313	0.243087	-195.504000	0.000000	-8.866628	9.148399	-384.624000	0.000000	-1.976000	0.000000	65.896000	0.000000	123.875000	0.000000	-195.267000	0.000000	66.843000	0.000000	-115.378000	0.000000	-98.042000	0.000000	-51.739000	0.000000	-341.974000	0.000000	-119.067000	0.000000	81.684000	0.000000

2024-08-26	12:33:51	1724668431.398701	-43141.995923	-0.044311	-0.213862	-61.603228	164.647917	-257.442451	166.784745	144.617824	109.017710	196.721871	97.926223	-84.046117	110.510055	110.045747	115.366720	-667.268963	49.374221	399.058703	54.994970	-243.128221	0.173958	417.218733	0.235927	-195.504000	0.000000	-15.512339	10.210769	-384.624000	0.000000	-1.976000	0.000000	65.896000	0.000000	123.875000	0.000000	-195.267000	0.000000	66.843000	0.000000	-115.378000	0.000000	-98.042000	0.000000	-51.739000	0.000000	-341.974000	0.000000	-119.067000	0.000000	81.684000	0.000000

2024-08-26	12:33:52	1724668432.398122	-43140.996502	-0.044311	-0.213862	-123.016973	148.837994	-196.247903	153.396776	151.720869	113.175314	208.748250	168.829732	-149.502938	81.867169	170.758419	77.601798	-659.119679	39.008346	396.872791	40.398885	-242.956306	0.205859	417.252576	0.221247	-195.504000	0.000000	-14.301960	7.165011	-384.624000	0.000000	-1.976000	0.000000	65.896000	0.000000	123.875000	0.000000	-195.267000	0.000000	66.843000	0.000000	-115.378000	0.000000	-98.042000	0.000000	-51.739000	0.000000	-341.974000	0.000000	-119.067000	0.000000	81.684000	0.000000

2024-08-26	12:33:53	1724668433.399530	-43139.995094	-0.044311	-0.213862	-85.266239	172.915089	-203.800723	187.933720	180.268705	82.094771	199.534211	69.601351	-57.188260	69.745953	93.321989	69.665854	-621.742938	33.692669	369.067698	33.342984	-243.192278	0.139785	417.512324	0.225909	-195.504000	0.000000	-10.234007	6.648072	-384.624000	0.000000	-1.976000	0.000000	65.896000	0.000000	123.875000	0.000000	-195.267000	0.000000	66.843000	0.000000	-115.378000	0.000000	-98.042000	0.000000	-51.739000	0.000000	-341.974000	0.000000	-119.067000	0.000000	81.684000	0.000000

2024-08-26	12:33:54	1724668434.398946	-43138.995678	-0.044311	-0.213862	-141.475081	190.478547	-186.089397	182.663054	240.953370	92.009651	109.945241	121.500159	-168.323892	106.918040	194.183110	118.287820	-668.580197	48.942579	402.726118	42.511225	-243.031656	0.213248	417.131627	0.218688	-195.504000	0.000000	-10.532262	10.418593	-384.624000	0.000000	-1.976000	0.000000	65.896000	0.000000	123.875000	0.000000	-195.267000	0.000000	66.843000	0.000000	-115.378000	0.000000	-98.042000	0.000000	-51.739000	0.000000	-341.974000	0.000000	-119.067000	0.000000	81.684000	0.000000

2024-08-26	12:33:55	1724668435.398701	-43137.995923	-0.044311	-0.213862	-221.522227	144.081615	-77.930885	145.871398	151.114024	114.429424	211.642983	141.811089	-133.116316	69.758212	154.737744	89.751770	-620.780894	38.392010	365.745576	37.021360	-243.070136	0.154143	416.986357	0.135836	-195.504000	0.000000	-12.887697	6.388480	-384.624000	0.000000	-1.976000	0.000000	65.896000	0.000000	123.875000	0.000000	-195.267000	0.000000	66.843000	0.000000	-115.378000	0.000000	-98.042000	0.000000	-51.739000	0.000000	-341.974000	0.000000	-119.067000	0.000000	81.684000	0.000000

2024-08-26	12:33:56	1724668436.399115	-43136.995509	-0.044311	-0.220485	36.495264	309.994507	-339.850000	295.328518	219.689669	184.784676	157.621279	159.467451	-80.536260	80.335690	117.585978	61.466754	-621.232777	56.978114	363.834142	57.693022	-243.008962	0.204075	417.705615	0.338519	-195.504000	0.000000	1.473071	7.436714	-384.624000	0.000000	-1.976000	0.000000	65.896000	0.000000	123.875000	0.000000	-195.267000	0.000000	66.843000	0.000000	-115.378000	0.000000	-98.042000	0.000000	-51.739000	0.000000	-341.974000	0.000000	-119.067000	0.000000	81.684000	0.000000

2024-08-26	12:33:57	1724668437.399530	-43135.995094	-0.044311	-0.220485	-137.398330	91.007867	-185.583497	93.394898	152.034993	160.197316	193.389340	136.652684	-140.601492	45.420573	155.898270	48.419209	-662.013391	61.262596	399.355453	51.661209	-243.081005	0.189536	417.559972	0.184106	-195.504000	0.000000	-1.830641	7.217048	-384.624000	0.000000	-1.976000	0.000000	65.896000	0.000000	123.875000	0.000000	-195.267000	0.000000	66.843000	0.000000	-115.378000	0.000000	-98.042000	0.000000	-51.739000	0.000000	-341.974000	0.000000	-119.067000	0.000000	81.684000	0.000000

2024-08-26	12:33:58	1724668438.398945	-43134.995679	-0.044311	-0.220485	-277.088954	107.427562	-34.514589	128.614554	113.741524	192.065715	249.868822	136.239095	-116.197077	126.244874	138.509245	116.994286	-661.598804	52.269338	397.529718	45.972023	-243.121697	0.269421	417.927441	0.174015	-195.504000	0.000000	-7.167620	5.781645	-384.624000	0.000000	-1.976000	0.000000	65.896000	0.000000	123.875000	0.000000	-195.267000	0.000000	66.843000	0.000000	-115.378000	0.000000	-98.042000	0.000000	-51.739000	0.000000	-341.974000	0.000000	-119.067000	0.000000	81.684000	0.000000

2024-08-26	12:33:59	1724668439.399365	-43133.995259	-0.044311	-0.220485	-130.100315	178.922134	-181.485985	190.782784	191.680003	161.403048	155.109877	136.418473	-78.899468	144.734912	102.190811	141.565635	-637.855835	28.997105	382.901169	31.734480	-243.157006	0.254222	417.664549	0.271366	-195.504000	0.000000	-14.343798	10.261689	-384.624000	0.000000	-1.976000	0.000000	65.896000	0.000000	123.875000	0.000000	-195.267000	0.000000	66.843000	0.000000	-115.378000	0.000000	-98.042000	0.000000	-51.739000	0.000000	-341.974000	0.000000	-119.067000	0.000000	81.684000	0.000000

2024-08-26	12:34:00	1724668440.399025	-43132.995599	-0.044311	-0.220485	-42.023142	192.999658	-280.769356	223.684770	169.679441	159.197226	178.120931	130.793182	-96.325214	178.268997	117.870868	166.495154	-641.224784	62.191011	379.223191	66.005367	-243.552439	0.339657	417.268717	0.241244	-195.504000	0.000000	-4.264710	12.966939	-384.624000	0.000000	-1.976000	0.000000	65.896000	0.000000	123.875000	0.000000	-195.267000	0.000000	66.843000	0.000000	-115.378000	0.000000	-98.042000	0.000000	-51.739000	0.000000	-341.974000	0.000000	-119.067000	0.000000	81.684000	0.000000

2024-08-26	12:34:01	1724668441.399457	-43131.995166	-0.044311	-0.227103	-225.686579	274.125909	-69.868291	297.001572	208.582038	129.209648	160.234595	115.913946	-51.099462	90.942846	82.340862	56.439796	-656.119260	71.998382	398.734525	76.720195	-243.507580	0.227752	417.273344	0.119645	-195.504000	0.000000	-10.909684	4.569576	-384.624000	0.000000	-1.976000	0.000000	65.896000	0.000000	123.875000	0.000000	-195.267000	0.000000	66.843000	0.000000	-115.378000	0.000000	-98.042000	0.000000	-51.739000	0.000000	-341.974000	0.000000	-119.067000	0.000000	81.684000	0.000000

2024-08-26	12:34:02	1724668442.398872	-43130.995751	-0.044311	-0.227103	-46.986909	253.557563	-264.031461	191.311896	148.942327	67.657242	232.437388	120.390550	-121.990375	84.622959	152.199616	54.338758	-657.733214	63.880118	396.362240	59.212164	-243.562032	0.152495	417.452809	0.155815	-195.504000	0.000000	-12.439151	7.439638	-384.624000	0.000000	-1.976000	0.000000	65.896000	0.000000	123.875000	0.000000	-195.267000	0.000000	66.843000	0.000000	-115.378000	0.000000	-98.042000	0.000000	-51.739000	0.000000	-341.974000	0.000000	-119.067000	0.000000	81.684000	0.000000

2024-08-26	12:34:03	1724668443.399269	-43129.995355	-0.044311	-0.227103	-274.192623	198.488102	-43.087034	204.764175	224.228863	109.773713	132.436281	61.639451	-128.577411	55.285211	153.973648	44.913742	-658.677297	51.289323	397.312678	47.987083	-243.136541	0.197924	417.306844	0.124290	-195.504000	0.000000	-5.137327	8.620623	-384.624000	0.000000	-1.976000	0.000000	65.896000	0.000000	123.875000	0.000000	-195.267000	0.000000	66.843000	0.000000	-115.378000	0.000000	-98.042000	0.000000	-51.739000	0.000000	-341.974000	0.000000	-119.067000	0.000000	81.684000	0.000000

2024-08-26	12:34:04	1724668444.399683	-43128.994940	-0.044311	-0.227103	-40.802795	128.474150	-269.589805	146.099898	257.103339	42.125748	99.897113	39.175664	-139.575863	81.452278	167.507472	52.732800	-628.983603	49.865944	366.080234	56.083926	-243.391888	0.357536	417.551247	0.229724	-195.504000	0.000000	-13.707562	8.584821	-384.624000	0.000000	-1.976000	0.000000	65.896000	0.000000	123.875000	0.000000	-195.267000	0.000000	66.843000	0.000000	-115.378000	0.000000	-98.042000	0.000000	-51.739000	0.000000	-341.974000	0.000000	-119.067000	0.000000	81.684000	0.000000

2024-08-26	12:34:05	1724668445.399632	-43127.994991	-0.044311	-0.227103	-188.153267	192.833659	-121.388037	185.533908	171.863325	161.893994	181.115433	212.184343	-89.972173	63.179470	105.843017	51.946063	-653.838327	50.335364	398.408635	42.393615	-243.086979	0.213889	417.549872	0.142763	-195.504000	0.000000	-12.105028	11.558752	-384.624000	0.000000	-1.976000	0.000000	65.896000	0.000000	123.875000	0.000000	-195.267000	0.000000	66.843000	0.000000	-115.378000	0.000000	-98.042000	0.000000	-51.739000	0.000000	-341.974000	0.000000	-119.067000	0.000000	81.684000	0.000000

2024-08-26	12:34:06	1724668446.400047	-43126.994576	-0.044311	-0.227103	-120.058658	397.336200	-195.632316	409.101535	132.925782	117.111874	232.519782	138.569004	-99.451370	106.890180	132.379587	85.395952	-657.915772	70.784265	398.906155	66.623983	-243.287391	0.314881	417.144259	0.215515	-195.504000	0.000000	-10.452807	5.027980	-384.624000	0.000000	-1.976000	0.000000	65.896000	0.000000	123.875000	0.000000	-195.267000	0.000000	66.843000	0.000000	-115.378000	0.000000	-98.042000	0.000000	-51.739000	0.000000	-341.974000	0.000000	-119.067000	0.000000	81.684000	0.000000

2024-08-26	12:34:07	1724668447.400480	-43125.994143	-0.044311	-0.213862	-150.535309	240.038227	-157.288694	223.748407	189.951525	118.592996	166.627386	111.852490	-181.850622	106.361525	207.144243	78.099785	-625.767431	80.547503	367.615023	73.481768	-243.489763	0.194631	417.463000	0.199765	-195.504000	0.000000	-7.249766	12.210940	-384.624000	0.000000	-1.976000	0.000000	65.896000	0.000000	123.875000	0.000000	-195.267000	0.000000	66.843000	0.000000	-115.378000	0.000000	-98.042000	0.000000	-51.739000	0.000000	-341.974000	0.000000	-119.067000	0.000000	81.684000	0.000000

2024-08-26	12:34:08	1724668448.399896	-43124.994728	-0.044311	-0.213862	71.287824	167.098439	-374.207910	180.892832	130.408633	172.047937	232.881318	150.138141	-86.542718	107.791116	115.329327	66.218655	-645.628574	45.801086	391.129776	41.643074	-243.321472	0.248595	417.491131	0.114272	-195.504000	0.000000	-8.725125	8.413678	-384.624000	0.000000	-1.976000	0.000000	65.896000	0.000000	123.875000	0.000000	-195.267000	0.000000	66.843000	0.000000	-115.378000	0.000000	-98.042000	0.000000	-51.739000	0.000000	-341.974000	0.000000	-119.067000	0.000000	81.684000	0.000000

2024-08-26	12:34:09	1724668449.400291	-43123.994332	-0.044311	-0.213862	-199.354153	312.011364	-111.589514	330.645759	320.423140	102.977367	40.604435	94.347751	-62.018052	70.663523	89.078424	57.988353	-627.032333	107.656342	362.636173	93.069825	-242.855254	0.170535	417.299437	0.165688	-195.504000	0.000000	-11.940460	7.042962	-384.624000	0.000000	-1.976000	0.000000	65.896000	0.000000	123.875000	0.000000	-195.267000	0.000000	66.843000	0.000000	-115.378000	0.000000	-98.042000	0.000000	-51.739000	0.000000	-341.974000	0.000000	-119.067000	0.000000	81.684000	0.000000

2024-08-26	12:34:10	1724668450.399714	-43122.994910	-0.044311	-0.213862	-50.293148	153.656843	-276.732825	177.655531	131.180172	109.579523	204.959919	217.133767	-184.143419	107.701651	198.278695	85.749651	-710.135523	57.204224	443.371899	45.912884	-242.838174	0.169867	417.441742	0.146873	-195.504000	0.000000	-11.872782	8.658541	-384.624000	0.000000	-1.976000	0.000000	65.896000	0.000000	123.875000	0.000000	-195.267000	0.000000	66.843000	0.000000	-115.378000	0.000000	-98.042000	0.000000	-51.739000	0.000000	-341.974000	0.000000	-119.067000	0.000000	81.684000	0.000000

2024-08-26	12:34:11	1724668451.399538	-43121.995086	-0.044311	-0.213862	-258.574546	127.618343	-73.052259	126.519018	48.609372	205.442685	299.468979	148.848382	-105.485625	110.785946	127.090391	83.973648	-703.680792	76.747199	432.038179	71.527399	-242.984433	0.197611	417.464376	0.246211	-195.504000	0.000000	-18.377001	7.939516	-384.624000	0.000000	-1.976000	0.000000	65.896000	0.000000	123.875000	0.000000	-195.267000	0.000000	66.843000	0.000000	-115.378000	0.000000	-98.042000	0.000000	-51.739000	0.000000	-341.974000	0.000000	-119.067000	0.000000	81.684000	0.000000

2024-08-26	12:34:12	1724668452.399953	-43120.994671	-0.044311	-0.213862	-150.364331	150.488595	-150.080405	150.421985	271.184796	107.813379	114.265651	82.041195	-97.668018	70.699947	134.341895	88.614373	-596.529292	40.447669	345.654120	37.146865	-242.960035	0.272694	417.515657	0.141027	-195.504000	0.000000	-0.228344	6.104567	-384.624000	0.000000	-1.976000	0.000000	65.896000	0.000000	123.875000	0.000000	-195.267000	0.000000	66.843000	0.000000	-115.378000	0.000000	-98.042000	0.000000	-51.739000	0.000000	-341.974000	0.000000	-119.067000	0.000000	81.684000	0.000000

2024-08-26	12:34:13	1724668453.400367	-43119.994257	-0.044311	-0.227103	-194.046343	208.908128	-104.592102	188.187548	265.602021	65.858506	96.689316	100.686883	-153.901261	89.035045	174.779469	67.660313	-602.005699	85.159695	346.915822	88.095554	-243.028720	0.072074	417.295656	0.173864	-195.504000	0.000000	-8.712194	8.442726	-384.624000	0.000000	-1.976000	0.000000	65.896000	0.000000	123.875000	0.000000	-195.267000	0.000000	66.843000	0.000000	-115.378000	0.000000	-98.042000	0.000000	-51.739000	0.000000	-341.974000	0.000000	-119.067000	0.000000	81.684000	0.000000

2024-08-26	12:34:14	1724668454.399782	-43118.994842	-0.044311	-0.227103	7.444630	166.956931	-321.368722	149.470342	195.950733	122.932300	179.069165	157.394581	-68.954702	52.898814	112.272755	48.967455	-646.619077	62.530075	387.612216	61.250312	-242.821103	0.226506	416.993683	0.141904	-195.504000	0.000000	-3.667716	6.396525	-384.624000	0.000000	-1.976000	0.000000	65.896000	0.000000	123.875000	0.000000	-195.267000	0.000000	66.843000	0.000000	-115.378000	0.000000	-98.042000	0.000000	-51.739000	0.000000	-341.974000	0.000000	-119.067000	0.000000	81.684000	0.000000

2024-08-26	12:34:15	1724668455.400198	-43117.994426	-0.044311	-0.227103	-108.568881	469.682294	-199.425532	479.328636	137.320963	201.728639	220.648895	180.040131	-85.973601	58.677064	111.430506	88.228722	-672.694697	32.692860	410.253901	22.947650	-242.591769	0.199252	417.017689	0.284913	-195.504000	0.000000	-12.262835	9.828460	-384.624000	0.000000	-1.976000	0.000000	65.896000	0.000000	123.875000	0.000000	-195.267000	0.000000	66.843000	0.000000	-115.378000	0.000000	-98.042000	0.000000	-51.739000	0.000000	-341.974000	0.000000	-119.067000	0.000000	81.684000	0.000000

2024-08-26	12:34:16	1724668456.399988	-43116.994636	-0.044311	-0.227103	-206.332843	214.472978	-99.390218	227.036562	215.952433	185.394497	155.623762	151.952469	-93.558027	77.024188	126.102475	48.763190	-662.762253	85.025935	401.100658	74.864399	-242.705488	0.157383	417.193719	0.150219	-195.504000	0.000000	-11.254761	7.393914	-384.624000	0.000000	-1.976000	0.000000	65.896000	0.000000	123.875000	0.000000	-195.267000	0.000000	66.843000	0.000000	-115.378000	0.000000	-98.042000	0.000000	-51.739000	0.000000	-341.974000	0.000000	-119.067000	0.000000	81.684000	0.000000

2024-08-26	12:34:17	1724668457.401402	-43115.993222	-0.044311	-0.227103	-48.063183	207.981428	-282.599627	221.803266	159.952675	103.421554	169.671609	127.211456	-174.361588	61.477441	181.671451	57.991978	-623.301070	62.818918	367.868380	47.457208	-242.569452	0.127467	417.070500	0.191292	-195.504000	0.000000	-3.921240	6.587809	-384.624000	0.000000	-1.976000	0.000000	65.896000	0.000000	123.875000	0.000000	-195.267000	0.000000	66.843000	0.000000	-115.378000	0.000000	-98.042000	0.000000	-51.739000	0.000000	-341.974000	0.000000	-119.067000	0.000000	81.684000	0.000000

2024-08-26	12:34:18	1724668458.400817	-43114.993807	-0.044311	-0.200625	-132.417016	155.595682	-168.309132	163.934329	162.739071	155.809895	213.085591	103.347524	-32.116003	107.991076	67.426720	70.426839	-661.219477	49.003450	401.690344	51.207860	-242.622392	0.180913	417.145438	0.294547	-195.504000	0.000000	-11.893494	5.589551	-384.624000	0.000000	-1.976000	0.000000	65.896000	0.000000	123.875000	0.000000	-195.267000	0.000000	66.843000	0.000000	-115.378000	0.000000	-98.042000	0.000000	-51.739000	0.000000	-341.974000	0.000000	-119.067000	0.000000	81.684000	0.000000

2024-08-26	12:34:19	1724668459.401231	-43113.993392	-0.044311	-0.200625	-224.885301	145.031570	-82.165831	172.317728	175.834081	125.045764	192.456517	149.505546	-94.846281	159.219695	121.603040	131.629462	-617.841898	28.633926	363.462390	26.827575	-242.633731	0.177844	417.070391	0.127250	-195.504000	0.000000	2.889112	5.295007	-384.624000	0.000000	-1.976000	0.000000	65.896000	0.000000	123.875000	0.000000	-195.267000	0.000000	66.843000	0.000000	-115.378000	0.000000	-98.042000	0.000000	-51.739000	0.000000	-341.974000	0.000000	-119.067000	0.000000	81.684000	0.000000

2024-08-26	12:34:20	1724668460.400649	-43112.993975	-0.044311	-0.200625	-78.424782	316.464718	-238.232502	309.675852	170.303033	154.261041	173.871214	118.850788	-179.593543	146.378956	201.792383	141.403240	-649.027486	21.527482	388.245120	19.382509	-242.463336	0.183639	416.842223	0.192788	-195.504000	0.000000	2.570502	8.095253	-384.624000	0.000000	-1.976000	0.000000	65.896000	0.000000	123.875000	0.000000	-195.267000	0.000000	66.843000	0.000000	-115.378000	0.000000	-98.042000	0.000000	-51.739000	0.000000	-341.974000	0.000000	-119.067000	0.000000	81.684000	0.000000

2024-08-26	12:34:21	1724668461.400562	-43111.994061	-0.044311	-0.200625	-120.158523	259.580511	-191.729864	261.227327	179.584254	100.713550	187.495673	122.550921	-104.767370	72.848347	132.277419	56.405776	-672.298512	61.675185	408.577503	51.061400	-242.750932	0.234065	417.050618	0.268723	-195.504000	0.000000	-7.179153	5.186384	-384.624000	0.000000	-1.976000	0.000000	65.896000	0.000000	123.875000	0.000000	-195.267000	0.000000	66.843000	0.000000	-115.378000	0.000000	-98.042000	0.000000	-51.739000	0.000000	-341.974000	0.000000	-119.067000	0.000000	81.684000	0.000000

2024-08-26	12:34:22	1724668462.400977	-43110.993647	-0.044311	-0.200625	-168.560005	155.995644	-147.788232	208.761848	224.685306	129.524435	124.356645	96.115353	-113.907506	95.300368	131.278999	129.193672	-649.233903	28.262293	387.707448	36.630389	-242.807207	0.156965	416.952905	0.186439	-195.504000	0.000000	-0.924666	8.834568	-384.624000	0.000000	-1.976000	0.000000	65.896000	0.000000	123.875000	0.000000	-195.267000	0.000000	66.843000	0.000000	-115.378000	0.000000	-98.042000	0.000000	-51.739000	0.000000	-341.974000	0.000000	-119.067000	0.000000	81.684000	0.000000

2024-08-26	12:34:23	1724668463.400393	-43109.994231	-0.044311	-0.200625	-205.896278	167.468952	-112.028157	143.607802	82.171488	128.658156	276.035395	130.530217	-112.589330	71.116964	131.181977	72.622806	-628.307152	71.205557	370.884656	68.873736	-242.907229	0.178738	416.811770	0.157925	-195.504000	0.000000	-8.355257	6.822803	-384.624000	0.000000	-1.976000	0.000000	65.896000	0.000000	123.875000	0.000000	-195.267000	0.000000	66.843000	0.000000	-115.378000	0.000000	-98.042000	0.000000	-51.739000	0.000000	-341.974000	0.000000	-119.067000	0.000000	81.684000	0.000000

2024-08-26	12:34:24	1724668464.400807	-43108.993817	-0.044311	-0.207240	-97.243727	129.871643	-209.142376	102.148392	218.787783	154.944171	145.219101	148.284228	-155.241439	173.705682	189.466853	150.564066	-656.953638	70.020346	398.957568	64.225776	-243.091334	0.280570	416.845218	0.268912	-195.504000	0.000000	-11.034647	10.220323	-384.624000	0.000000	-1.976000	0.000000	65.896000	0.000000	123.875000	0.000000	-195.267000	0.000000	66.843000	0.000000	-115.378000	0.000000	-98.042000	0.000000	-51.739000	0.000000	-341.974000	0.000000	-119.067000	0.000000	81.684000	0.000000

2024-08-26	12:34:25	1724668465.401221	-43107.993402	-0.044311	-0.207240	-172.568765	194.661824	-137.536847	162.126957	167.601687	248.949494	177.543073	190.655974	-126.781540	34.344072	154.050977	57.379503	-665.590945	88.276893	402.940309	84.793163	-242.987325	0.134234	416.880186	0.167244	-195.504000	0.000000	-17.785032	8.151380	-384.624000	0.000000	-1.976000	0.000000	65.896000	0.000000	123.875000	0.000000	-195.267000	0.000000	66.843000	0.000000	-115.378000	0.000000	-98.042000	0.000000	-51.739000	0.000000	-341.974000	0.000000	-119.067000	0.000000	81.684000	0.000000

2024-08-26	12:34:26	1724668466.401023	-43106.993601	-0.044311	-0.207240	42.274379	115.718976	-336.378639	76.924268	130.785489	130.605990	256.018670	179.214243	-36.337540	165.776998	66.945493	153.681050	-596.425338	60.336819	345.553551	44.961330	-242.935629	0.117904	416.679880	0.140614	-195.504000	0.000000	-0.947339	5.812234	-384.624000	0.000000	-1.976000	0.000000	65.896000	0.000000	123.875000	0.000000	-195.267000	0.000000	66.843000	0.000000	-115.378000	0.000000	-98.042000	0.000000	-51.739000	0.000000	-341.974000	0.000000	-119.067000	0.000000	81.684000	0.000000

2024-08-26	12:34:27	1724668467.400438	-43105.994186	-0.044311	-0.207240	-176.056765	230.691268	-130.228525	238.586358	288.203000	60.014564	61.151018	81.019047	-189.517528	79.804303	216.869362	81.400878	-635.509724	38.627425	380.314722	41.056635	-243.181239	0.131137	416.989496	0.224490	-195.504000	0.000000	1.027641	3.705300	-384.624000	0.000000	-1.976000	0.000000	65.896000	0.000000	123.875000	0.000000	-195.267000	0.000000	66.843000	0.000000	-115.378000	0.000000	-98.042000	0.000000	-51.739000	0.000000	-341.974000	0.000000	-119.067000	0.000000	81.684000	0.000000

2024-08-26	12:34:28	1724668468.400853	-43104.993771	-0.044311	-0.207240	-251.803613	237.396399	-53.970123	251.969394	223.868742	74.648570	153.456594	74.769049	-18.532387	61.214665	54.661451	76.936998	-693.882121	75.648259	435.084092	69.441205	-242.974596	0.189379	416.862370	0.185479	-195.504000	0.000000	-9.613270	7.254463	-384.624000	0.000000	-1.976000	0.000000	65.896000	0.000000	123.875000	0.000000	-195.267000	0.000000	66.843000	0.000000	-115.378000	0.000000	-98.042000	0.000000	-51.739000	0.000000	-341.974000	0.000000	-119.067000	0.000000	81.684000	0.000000

2024-08-26	12:34:29	1724668469.401268	-43103.993356	-0.044311	-0.207240	-32.239667	113.536959	-289.725766	133.506605	168.641343	109.660413	175.990572	93.065012	-122.719588	146.506505	146.283928	115.419700	-623.056623	49.626309	360.759975	51.339453	-243.235555	0.122377	416.310105	0.169795	-195.504000	0.000000	-12.651519	4.821639	-384.624000	0.000000	-1.976000	0.000000	65.896000	0.000000	123.875000	0.000000	-195.267000	0.000000	66.843000	0.000000	-115.378000	0.000000	-98.042000	0.000000	-51.739000	0.000000	-341.974000	0.000000	-119.067000	0.000000	81.684000	0.000000

2024-08-26	12:34:30	1724668470.400692	-43102.993932	-0.044311	-0.207240	-238.881113	210.172054	-83.928911	161.253204	180.030500	100.360254	200.829161	55.816183	-168.780245	61.079477	189.855940	86.478492	-641.441336	47.990411	377.659858	44.854455	-242.958762	0.168659	416.188770	0.122284	-195.504000	0.000000	-22.257580	6.446052	-384.624000	0.000000	-1.976000	0.000000	65.896000	0.000000	123.875000	0.000000	-195.267000	0.000000	66.843000	0.000000	-115.378000	0.000000	-98.042000	0.000000	-51.739000	0.000000	-341.974000	0.000000	-119.067000	0.000000	81.684000	0.000000

2024-08-26	12:34:31	1724668471.401157	-43101.993467	-0.044311	-0.207240	-21.723288	231.637446	-282.668049	229.137095	135.115089	66.714673	199.538517	132.602083	-151.047716	72.684821	168.216346	67.338352	-642.610886	31.589918	387.742437	31.095437	-242.964137	0.145726	416.444077	0.191224	-195.504000	0.000000	-8.343573	8.902091	-384.624000	0.000000	-1.976000	0.000000	65.896000	0.000000	123.875000	0.000000	-195.267000	0.000000	66.843000	0.000000	-115.378000	0.000000	-98.042000	0.000000	-51.739000	0.000000	-341.974000	0.000000	-119.067000	0.000000	81.684000	0.000000

2024-08-26	12:34:32	1724668472.400571	-43100.994053	-0.044311	-0.207240	-261.583266	263.886803	-48.274223	253.235569	234.594048	155.955214	137.848344	185.350984	-56.286387	158.015669	93.176572	126.652853	-649.058332	48.916448	389.818142	47.349057	-242.783931	0.253973	416.362981	0.224208	-195.504000	0.000000	-12.382138	10.147690	-384.624000	0.000000	-1.976000	0.000000	65.896000	0.000000	123.875000	0.000000	-195.267000	0.000000	66.843000	0.000000	-115.378000	0.000000	-98.042000	0.000000	-51.739000	0.000000	-341.974000	0.000000	-119.067000	0.000000	81.684000	0.000000

2024-08-26	12:34:33	1724668473.400986	-43099.993638	-0.044311	-0.207240	19.921796	394.253616	-334.913600	385.305394	190.432359	118.863537	159.762802	142.361426	-155.482975	168.445699	175.764044	136.589224	-653.956886	24.517144	388.752201	38.405834	-242.447442	0.127002	416.633762	0.398154	-195.504000	0.000000	-3.716399	6.209335	-384.624000	0.000000	-1.976000	0.000000	65.896000	0.000000	123.875000	0.000000	-195.267000	0.000000	66.843000	0.000000	-115.378000	0.000000	-98.042000	0.000000	-51.739000	0.000000	-341.974000	0.000000	-119.067000	0.000000	81.684000	0.000000

2024-08-26	12:34:34	1724668474.400401	-43098.994223	-0.044311	-0.207240	-32.665444	223.601272	-273.739100	231.473502	151.009683	88.066683	222.860979	134.269480	-53.732148	130.051105	86.996654	118.800642	-635.314484	34.138145	378.019850	31.835707	-242.499350	0.250442	416.765248	0.209748	-195.504000	0.000000	-11.780621	9.016256	-384.624000	0.000000	-1.976000	0.000000	65.896000	0.000000	123.875000	0.000000	-195.267000	0.000000	66.843000	0.000000	-115.378000	0.000000	-98.042000	0.000000	-51.739000	0.000000	-341.974000	0.000000	-119.067000	0.000000	81.684000	0.000000

2024-08-26	12:34:35	1724668475.400815	-43097.993808	-0.044311	-0.207240	-111.631280	170.022389	-207.698723	149.829838	166.523512	270.679171	185.070684	280.938761	-116.557035	65.388868	137.053164	73.540461	-647.153235	25.281080	389.712326	18.789728	-242.609366	0.226844	416.847271	0.280273	-195.504000	0.000000	-18.749079	12.585828	-384.624000	0.000000	-1.976000	0.000000	65.896000	0.000000	123.875000	0.000000	-195.267000	0.000000	66.843000	0.000000	-115.378000	0.000000	-98.042000	0.000000	-51.739000	0.000000	-341.974000	0.000000	-119.067000	0.000000	81.684000	0.000000

2024-08-26	12:34:36	1724668476.401052	-43096.993572	-0.044311	-0.207240	-238.483124	157.014270	-66.341573	172.347267	252.987660	206.993484	106.998460	181.652310	-130.458751	85.841959	159.288640	72.642367	-649.052285	23.902888	394.211329	23.715512	-242.824979	0.179274	416.571266	0.178221	-195.504000	0.000000	-7.749859	6.403298	-384.624000	0.000000	-1.976000	0.000000	65.896000	0.000000	123.875000	0.000000	-195.267000	0.000000	66.843000	0.000000	-115.378000	0.000000	-98.042000	0.000000	-51.739000	0.000000	-341.974000	0.000000	-119.067000	0.000000	81.684000	0.000000

2024-08-26	12:34:37	1724668477.400439	-43095.994184	-0.044311	-0.207240	46.566685	222.025686	-349.972424	191.885299	166.587323	97.720837	213.543764	97.505309	-92.651571	198.558652	126.045452	182.824633	-627.381719	40.641999	374.838524	39.787832	-242.592977	0.115015	416.694189	0.159767	-195.504000	0.000000	-16.163455	9.235589	-384.624000	0.000000	-1.976000	0.000000	65.896000	0.000000	123.875000	0.000000	-195.267000	0.000000	66.843000	0.000000	-115.378000	0.000000	-98.042000	0.000000	-51.739000	0.000000	-341.974000	0.000000	-119.067000	0.000000	81.684000	0.000000

2024-08-26	12:34:38	1724668478.400855	-43094.993769	-0.044311	-0.207240	-189.691436	84.405351	-135.309363	96.961696	269.579164	127.930711	77.649251	150.993592	-115.501970	102.361596	130.470398	75.143363	-603.902740	61.680386	344.930765	63.119842	-242.628400	0.141991	416.790647	0.299867	-195.504000	0.000000	-12.545829	7.960146	-384.624000	0.000000	-1.976000	0.000000	65.896000	0.000000	123.875000	0.000000	-195.267000	0.000000	66.843000	0.000000	-115.378000	0.000000	-98.042000	0.000000	-51.739000	0.000000	-341.974000	0.000000	-119.067000	0.000000	81.684000	0.000000

2024-08-26	12:34:39	1724668479.400270	-43093.994354	-0.044311	-0.207240	-284.569514	107.407210	-0.195023	117.551148	175.984768	244.833996	207.293355	193.001789	-107.633194	58.921601	142.133092	56.695622	-622.324085	58.373643	373.640091	61.239297	-242.655239	0.140797	416.493982	0.241868	-195.504000	0.000000	-5.085521	7.108394	-384.624000	0.000000	-1.976000	0.000000	65.896000	0.000000	123.875000	0.000000	-195.267000	0.000000	66.843000	0.000000	-115.378000	0.000000	-98.042000	0.000000	-51.739000	0.000000	-341.974000	0.000000	-119.067000	0.000000	81.684000	0.000000

2024-08-26	12:34:40	1724668480.400684	-43092.993940	-0.044311	-0.207240	-135.164561	80.547353	-168.621949	80.753330	140.624693	132.750691	218.204746	144.863327	-105.122317	103.465097	125.219096	104.172228	-610.106836	32.938939	359.363838	31.081069	-242.755866	0.225252	416.301981	0.226453	-195.504000	0.000000	-2.581436	8.545538	-384.624000	0.000000	-1.976000	0.000000	65.896000	0.000000	123.875000	0.000000	-195.267000	0.000000	66.843000	0.000000	-115.378000	0.000000	-98.042000	0.000000	-51.739000	0.000000	-341.974000	0.000000	-119.067000	0.000000	81.684000	0.000000

2024-08-26	12:34:41	1724668481.401098	-43091.993526	-0.044311	-0.207240	38.132201	112.356465	-342.334683	133.665080	238.056103	156.077390	142.358611	156.842026	-116.887708	153.237342	141.492164	148.129783	-632.480298	35.068650	382.821989	39.873885	-242.353940	0.244017	416.861838	0.104940	-195.504000	0.000000	-6.756566	7.528806	-384.624000	0.000000	-1.976000	0.000000	65.896000	0.000000	123.875000	0.000000	-195.267000	0.000000	66.843000	0.000000	-115.378000	0.000000	-98.042000	0.000000	-51.739000	0.000000	-341.974000	0.000000	-119.067000	0.000000	81.684000	0.000000

2024-08-26	12:34:42	1724668482.401050	-43090.993574	-0.044311	-0.207240	-53.203314	146.756201	-268.339615	137.404773	154.482518	161.235037	190.426384	188.281984	-93.018135	87.039819	128.753735	84.712713	-637.425767	106.777903	376.015586	92.887677	-242.288783	0.392771	416.376215	0.265016	-195.504000	0.000000	-8.256029	5.912835	-384.624000	0.000000	-1.976000	0.000000	65.896000	0.000000	123.875000	0.000000	-195.267000	0.000000	66.843000	0.000000	-115.378000	0.000000	-98.042000	0.000000	-51.739000	0.000000	-341.974000	0.000000	-119.067000	0.000000	81.684000	0.000000

2024-08-26	12:34:43	1724668483.400464	-43089.994160	-0.044311	-0.207240	-81.270872	277.510443	-221.951792	258.730457	152.894834	49.987450	199.009183	100.565511	-127.986505	58.349943	142.243197	39.398654	-674.035782	36.991471	416.149242	37.440041	-242.185869	0.225232	416.659513	0.214738	-195.504000	0.000000	-7.337886	8.808744	-384.624000	0.000000	-1.976000	0.000000	65.896000	0.000000	123.875000	0.000000	-195.267000	0.000000	66.843000	0.000000	-115.378000	0.000000	-98.042000	0.000000	-51.739000	0.000000	-341.974000	0.000000	-119.067000	0.000000	81.684000	0.000000

2024-08-26	12:34:44	1724668484.400879	-43088.993745	-0.044311	-0.207240	-235.602146	314.535831	-75.777518	280.294265	8.046605	101.789812	375.911415	130.713146	-167.058114	111.074511	200.434040	61.450008	-610.761734	102.768972	353.585685	89.122157	-242.303314	0.253836	416.579253	0.144180	-195.504000	0.000000	-9.500539	4.359927	-384.624000	0.000000	-1.976000	0.000000	65.896000	0.000000	123.875000	0.000000	-195.267000	0.000000	66.843000	0.000000	-115.378000	0.000000	-98.042000	0.000000	-51.739000	0.000000	-341.974000	0.000000	-119.067000	0.000000	81.684000	0.000000

2024-08-26	12:34:45	1724668485.400295	-43087.994329	-0.044311	-0.207240	-114.974356	297.040956	-206.676441	275.000164	226.680490	220.154955	114.602171	167.390682	-115.390047	101.114052	132.222083	99.486882	-653.585907	85.237817	386.717893	78.276489	-242.519114	0.288444	416.895051	0.329154	-195.504000	0.000000	-17.713481	7.602390	-384.624000	0.000000	-1.976000	0.000000	65.896000	0.000000	123.875000	0.000000	-195.267000	0.000000	66.843000	0.000000	-115.378000	0.000000	-98.042000	0.000000	-51.739000	0.000000	-341.974000	0.000000	-119.067000	0.000000	81.684000	0.000000

2024-08-26	12:34:46	1724668486.400727	-43086.993897	-0.044311	-0.207240	-92.559910	150.486139	-208.065919	175.717951	314.433390	92.518455	62.862413	59.519813	-101.958146	105.484520	141.844909	78.368598	-647.527055	34.151238	392.626582	36.453987	-242.860639	0.262088	417.211219	0.229185	-195.504000	0.000000	0.904656	9.215551	-384.624000	0.000000	-1.976000	0.000000	65.896000	0.000000	123.875000	0.000000	-195.267000	0.000000	66.843000	0.000000	-115.378000	0.000000	-98.042000	0.000000	-51.739000	0.000000	-341.974000	0.000000	-119.067000	0.000000	81.684000	0.000000

2024-08-26	12:34:47	1724668487.400885	-43085.993739	-0.044311	-0.207240	-92.002685	263.977456	-210.045426	280.755034	204.902156	194.774767	163.163248	224.944485	-53.757155	162.369799	72.937749	140.179564	-600.332483	62.752642	344.820254	61.041231	-242.773803	0.203923	416.947768	0.271185	-195.504000	0.000000	-2.427431	10.270357	-384.624000	0.000000	-1.976000	0.000000	65.896000	0.000000	123.875000	0.000000	-195.267000	0.000000	66.843000	0.000000	-115.378000	0.000000	-98.042000	0.000000	-51.739000	0.000000	-341.974000	0.000000	-119.067000	0.000000	81.684000	0.000000

2024-08-26	12:34:48	1724668488.401299	-43084.993324	-0.044311	-0.207240	-101.197464	144.378210	-197.343123	136.717345	163.986204	150.730393	208.544007	110.286854	-67.790934	77.420653	111.955868	87.739992	-653.748058	43.216492	400.303178	42.342039	-242.655117	0.145354	416.715041	0.349390	-195.504000	0.000000	-5.307630	5.974047	-384.624000	0.000000	-1.976000	0.000000	65.896000	0.000000	123.875000	0.000000	-195.267000	0.000000	66.843000	0.000000	-115.378000	0.000000	-98.042000	0.000000	-51.739000	0.000000	-341.974000	0.000000	-119.067000	0.000000	81.684000	0.000000

2024-08-26	12:34:49	1724668489.401714	-43083.992909	-0.044311	-0.207240	-274.974782	158.224829	-34.504384	174.886339	52.561802	109.864556	283.411012	103.223222	-139.674801	94.354243	160.152180	120.334356	-662.947852	29.741699	402.242009	31.322086	-242.675713	0.116672	417.252409	0.224498	-195.504000	0.000000	1.719243	6.398522	-384.624000	0.000000	-1.976000	0.000000	65.896000	0.000000	123.875000	0.000000	-195.267000	0.000000	66.843000	0.000000	-115.378000	0.000000	-98.042000	0.000000	-51.739000	0.000000	-341.974000	0.000000	-119.067000	0.000000	81.684000	0.000000

2024-08-26	12:34:50	1724668490.402146	-43082.992477	-0.044311	-0.207240	-52.721916	197.220504	-263.987706	167.219612	163.333310	139.760917	204.554338	132.557029	-121.735613	180.508544	139.650320	139.275107	-624.627953	25.398925	366.344836	24.102869	-242.687768	0.141412	417.172137	0.164012	-195.504000	0.000000	-8.104696	5.673320	-384.624000	0.000000	-1.976000	0.000000	65.896000	0.000000	123.875000	0.000000	-195.267000	0.000000	66.843000	0.000000	-115.378000	0.000000	-98.042000	0.000000	-51.739000	0.000000	-341.974000	0.000000	-119.067000	0.000000	81.684000	0.000000

2024-08-26	12:34:51	1724668491.402543	-43081.992081	-0.044311	-0.207240	-68.516131	239.400294	-227.742412	212.598102	266.248976	192.342982	122.522275	179.070539	-88.690546	80.591433	133.050952	99.858781	-655.693567	60.936958	401.724286	48.742653	-242.901740	0.150943	416.885477	0.173181	-195.504000	0.000000	-10.776294	7.195229	-384.624000	0.000000	-1.976000	0.000000	65.896000	0.000000	123.875000	0.000000	-195.267000	0.000000	66.843000	0.000000	-115.378000	0.000000	-98.042000	0.000000	-51.739000	0.000000	-341.974000	0.000000	-119.067000	0.000000	81.684000	0.000000

2024-08-26	12:34:52	1724668492.402662	-43080.991962	-0.044311	-0.213862	-181.321683	181.770217	-157.981506	127.090846	84.677483	231.231826	249.509298	183.963026	-136.688816	169.499805	136.771090	153.898528	-658.721754	80.416409	392.702871	76.987900	-242.765681	0.249740	416.753763	0.119987	-195.504000	0.000000	-11.623889	6.911004	-384.624000	0.000000	-1.976000	0.000000	65.896000	0.000000	123.875000	0.000000	-195.267000	0.000000	66.843000	0.000000	-115.378000	0.000000	-98.042000	0.000000	-51.739000	0.000000	-341.974000	0.000000	-119.067000	0.000000	81.684000	0.000000

2024-08-26	12:34:53	1724668493.402076	-43079.992548	-0.044311	-0.213862	-224.240868	276.011963	-87.370785	286.044540	145.774025	141.635594	215.868475	157.862395	-55.335691	88.263253	94.069893	66.589160	-678.150528	82.133032	422.212971	81.367876	-243.297578	0.197576	416.896152	0.142057	-195.504000	0.000000	-9.743505	6.702132	-384.624000	0.000000	-1.976000	0.000000	65.896000	0.000000	123.875000	0.000000	-195.267000	0.000000	66.843000	0.000000	-115.378000	0.000000	-98.042000	0.000000	-51.739000	0.000000	-341.974000	0.000000	-119.067000	0.000000	81.684000	0.000000

2024-08-26	12:34:54	1724668494.402491	-43078.992133	-0.044311	-0.213862	46.928001	319.471931	-344.275607	323.805906	232.710638	238.555809	155.394668	172.177284	-194.501453	170.076804	229.610718	117.013528	-640.374788	52.978160	384.374842	46.654780	-243.139618	0.255855	416.837695	0.217118	-195.504000	0.000000	-6.027893	8.506609	-384.624000	0.000000	-1.976000	0.000000	65.896000	0.000000	123.875000	0.000000	-195.267000	0.000000	66.843000	0.000000	-115.378000	0.000000	-98.042000	0.000000	-51.739000	0.000000	-341.974000	0.000000	-119.067000	0.000000	81.684000	0.000000

2024-08-26	12:34:55	1724668495.402905	-43077.991718	-0.044311	-0.213862	-316.680024	138.777642	-5.813932	119.463177	199.421290	192.077784	136.097576	156.806666	-130.810080	96.232425	145.876060	59.953933	-638.096110	82.604446	376.998172	86.307670	-243.069926	0.177040	416.601199	0.233698	-195.504000	0.000000	-9.551239	6.628198	-384.624000	0.000000	-1.976000	0.000000	65.896000	0.000000	123.875000	0.000000	-195.267000	0.000000	66.843000	0.000000	-115.378000	0.000000	-98.042000	0.000000	-51.739000	0.000000	-341.974000	0.000000	-119.067000	0.000000	81.684000	0.000000

2024-08-26	12:34:56	1724668496.402321	-43076.992303	-0.044311	-0.213862	-7.242663	186.638878	-291.287168	175.628240	234.085917	58.693779	136.161077	75.987065	-75.196081	68.195971	106.943280	65.914108	-595.991837	32.079128	338.656523	36.268106	-242.861839	0.192256	416.726849	0.272010	-195.504000	0.000000	-7.067506	7.873916	-384.624000	0.000000	-1.976000	0.000000	65.896000	0.000000	123.875000	0.000000	-195.267000	0.000000	66.843000	0.000000	-115.378000	0.000000	-98.042000	0.000000	-51.739000	0.000000	-341.974000	0.000000	-119.067000	0.000000	81.684000	0.000000

2024-08-26	12:34:57	1724668497.402140	-43075.992484	-0.044311	-0.187380	-140.001108	269.353793	-168.853467	287.615604	90.475235	112.069387	272.476272	124.190319	-53.684027	108.854226	80.649390	94.379579	-662.367757	46.324739	407.035668	42.872331	-242.725890	0.133621	416.719220	0.124813	-195.504000	0.000000	-9.221180	8.476035	-384.624000	0.000000	-1.976000	0.000000	65.896000	0.000000	123.875000	0.000000	-195.267000	0.000000	66.843000	0.000000	-115.378000	0.000000	-98.042000	0.000000	-51.739000	0.000000	-341.974000	0.000000	-119.067000	0.000000	81.684000	0.000000

2024-08-26	12:34:58	1724668498.402555	-43074.992068	-0.044311	-0.187380	-172.099735	194.720813	-150.494969	184.565220	161.682634	130.056101	192.312038	138.932680	-141.685423	92.779624	158.509686	104.658960	-641.034173	60.944257	377.155347	56.896847	-242.707496	0.340651	416.770335	0.139078	-195.504000	0.000000	-9.857069	5.776630	-384.624000	0.000000	-1.976000	0.000000	65.896000	0.000000	123.875000	0.000000	-195.267000	0.000000	66.843000	0.000000	-115.378000	0.000000	-98.042000	0.000000	-51.739000	0.000000	-341.974000	0.000000	-119.067000	0.000000	81.684000	0.000000

2024-08-26	12:34:59	1724668499.401971	-43073.992652	-0.044311	-0.187380	-168.221667	100.371741	-149.791212	90.580053	227.443671	102.054774	131.735890	99.528974	-95.556171	91.867162	125.900887	67.254121	-636.608991	43.177961	379.521045	41.043528	-243.100751	0.233290	416.551975	0.154812	-195.504000	0.000000	-16.813208	9.361311	-384.624000	0.000000	-1.976000	0.000000	65.896000	0.000000	123.875000	0.000000	-195.267000	0.000000	66.843000	0.000000	-115.378000	0.000000	-98.042000	0.000000	-51.739000	0.000000	-341.974000	0.000000	-119.067000	0.000000	81.684000	0.000000

2024-08-26	12:35:00	1724668500.402385	-43072.992239	-0.044311	-0.187380	4.175272	90.109477	-314.141839	108.224709	177.910039	91.662726	189.068070	64.643412	-120.657824	82.064001	149.643304	60.148446	-646.577319	78.368088	386.314386	65.856397	-243.027246	0.285183	416.561096	0.238817	-195.504000	0.000000	-14.583053	6.017859	-384.624000	0.000000	-1.976000	0.000000	65.896000	0.000000	123.875000	0.000000	-195.267000	0.000000	66.843000	0.000000	-115.378000	0.000000	-98.042000	0.000000	-51.739000	0.000000	-341.974000	0.000000	-119.067000	0.000000	81.684000	0.000000

2024-08-26	12:35:01	1724668501.402817	-43071.991807	-0.044311	-0.187380	-195.040932	134.975070	-93.131884	124.264628	185.779042	109.845623	211.117955	239.193111	-170.437575	103.017751	206.135555	50.898666	-670.744610	62.732381	410.949441	66.603388	-242.992839	0.124033	416.730180	0.165780	-195.504000	0.000000	-8.954165	9.165956	-384.624000	0.000000	-1.976000	0.000000	65.896000	0.000000	123.875000	0.000000	-195.267000	0.000000	66.843000	0.000000	-115.378000	0.000000	-98.042000	0.000000	-51.739000	0.000000	-341.974000	0.000000	-119.067000	0.000000	81.684000	0.000000

2024-08-26	12:35:02	1724668502.402215	-43070.992409	-0.044311	-0.187380	-152.750804	326.448934	-180.507377	347.235023	65.622757	117.934945	260.908309	98.783825	-131.280473	177.282684	139.807662	146.651215	-639.419229	63.199128	374.934149	72.108072	-243.063582	0.124220	416.829537	0.166292	-195.504000	0.000000	-11.490941	7.409623	-384.624000	0.000000	-1.976000	0.000000	65.896000	0.000000	123.875000	0.000000	-195.267000	0.000000	66.843000	0.000000	-115.378000	0.000000	-98.042000	0.000000	-51.739000	0.000000	-341.974000	0.000000	-119.067000	0.000000	81.684000	0.000000

2024-08-26	12:35:03	1724668503.402629	-43069.991995	-0.044311	-0.240344	-26.297232	213.173691	-299.338957	244.671685	295.014328	205.417256	44.493328	164.276314	-37.762548	130.217708	66.703177	76.780267	-666.247243	62.330942	401.299199	78.338725	-242.941044	0.169944	416.863877	0.237142	-195.504000	0.000000	-22.653181	10.510345	-384.624000	0.000000	-1.976000	0.000000	65.896000	0.000000	123.875000	0.000000	-195.267000	0.000000	66.843000	0.000000	-115.378000	0.000000	-98.042000	0.000000	-51.739000	0.000000	-341.974000	0.000000	-119.067000	0.000000	81.684000	0.000000

2024-08-26	12:35:04	1724668504.402044	-43068.992579	-0.044311	-0.240344	-145.798092	198.828300	-167.020463	167.760154	275.496691	141.648765	91.783318	110.157549	-155.625288	78.801079	183.520740	76.588377	-654.995281	49.131510	388.941143	35.100148	-243.178893	0.153007	416.971627	0.223936	-195.504000	0.000000	-9.986513	4.997733	-384.624000	0.000000	-1.976000	0.000000	65.896000	0.000000	123.875000	0.000000	-195.267000	0.000000	66.843000	0.000000	-115.378000	0.000000	-98.042000	0.000000	-51.739000	0.000000	-341.974000	0.000000	-119.067000	0.000000	81.684000	0.000000

2024-08-26	12:35:05	1724668505.402459	-43067.992165	-0.044311	-0.240344	-5.372088	90.918041	-312.877222	126.749652	200.883138	117.360818	136.186929	91.598614	-66.792511	67.256629	81.444642	84.587886	-666.259783	27.714615	403.544262	34.095521	-242.940806	0.209217	416.933772	0.198669	-195.504000	0.000000	-4.425017	7.589952	-384.624000	0.000000	-1.976000	0.000000	65.896000	0.000000	123.875000	0.000000	-195.267000	0.000000	66.843000	0.000000	-115.378000	0.000000	-98.042000	0.000000	-51.739000	0.000000	-341.974000	0.000000	-119.067000	0.000000	81.684000	0.000000

2024-08-26	12:35:06	1724668506.402889	-43066.991735	-0.044311	-0.240344	-124.940840	235.177116	-166.635981	228.339400	200.313304	198.005548	179.267987	235.580453	-123.572160	88.350902	160.722310	88.664002	-646.767782	81.823332	394.244395	68.764651	-243.035943	0.172731	416.892798	0.144618	-195.504000	0.000000	-6.377408	12.215991	-384.624000	0.000000	-1.976000	0.000000	65.896000	0.000000	123.875000	0.000000	-195.267000	0.000000	66.843000	0.000000	-115.378000	0.000000	-98.042000	0.000000	-51.739000	0.000000	-341.974000	0.000000	-119.067000	0.000000	81.684000	0.000000

2024-08-26	12:35:07	1724668507.403288	-43065.991336	-0.044311	-0.240344	-235.748630	147.054184	-75.604430	115.964314	87.842703	54.979828	279.970981	93.373115	-142.625485	93.996155	167.039228	88.646824	-623.516821	68.405299	370.632788	72.474979	-243.064150	0.180266	416.957764	0.140737	-195.504000	0.000000	-5.292912	5.437599	-384.624000	0.000000	-1.976000	0.000000	65.896000	0.000000	123.875000	0.000000	-195.267000	0.000000	66.843000	0.000000	-115.378000	0.000000	-98.042000	0.000000	-51.739000	0.000000	-341.974000	0.000000	-119.067000	0.000000	81.684000	0.000000

2024-08-26	12:35:08	1724668508.403780	-43064.990843	-0.044311	-0.240344	-81.894113	94.002381	-220.497962	119.284078	181.413549	132.712680	167.435410	104.503360	-111.642058	104.286054	135.505640	79.272080	-615.497886	56.365009	359.729585	54.094673	-243.136316	0.200948	416.776042	0.341846	-195.504000	0.000000	-4.867893	11.314434	-384.624000	0.000000	-1.976000	0.000000	65.896000	0.000000	123.875000	0.000000	-195.267000	0.000000	66.843000	0.000000	-115.378000	0.000000	-98.042000	0.000000	-51.739000	0.000000	-341.974000	0.000000	-119.067000	0.000000	81.684000	0.000000

2024-08-26	12:35:09	1724668509.403195	-43063.991428	-0.044311	-0.200625	-220.214604	163.203971	-78.235953	185.769410	227.892180	112.233028	155.523008	72.341736	-123.209196	59.033375	157.183307	72.887875	-626.467826	43.429653	372.547050	49.903955	-242.917647	0.179700	417.017098	0.125912	-195.504000	0.000000	-6.886817	8.877272	-384.624000	0.000000	-1.976000	0.000000	65.896000	0.000000	123.875000	0.000000	-195.267000	0.000000	66.843000	0.000000	-115.378000	0.000000	-98.042000	0.000000	-51.739000	0.000000	-341.974000	0.000000	-119.067000	0.000000	81.684000	0.000000

2024-08-26	12:35:10	1724668510.403610	-43062.991014	-0.044311	-0.200625	-120.499575	156.374943	-202.617584	160.063967	19.270434	72.838097	336.470383	109.612031	-121.733185	91.876626	136.711439	98.590788	-668.822612	56.193077	408.462476	57.084807	-243.076542	0.201530	417.347356	0.148758	-195.504000	0.000000	-1.678037	5.308171	-384.624000	0.000000	-1.976000	0.000000	65.896000	0.000000	123.875000	0.000000	-195.267000	0.000000	66.843000	0.000000	-115.378000	0.000000	-98.042000	0.000000	-51.739000	0.000000	-341.974000	0.000000	-119.067000	0.000000	81.684000	0.000000

2024-08-26	12:35:11	1724668511.403025	-43061.991599	-0.044311	-0.200625	-29.820145	118.903249	-269.103681	107.448569	145.840798	67.375295	238.159957	52.099645	-51.236708	113.890545	97.851523	78.660130	-638.501194	61.740541	381.340993	54.217173	-242.922344	0.214601	417.311054	0.138535	-195.504000	0.000000	-7.917419	8.416600	-384.624000	0.000000	-1.976000	0.000000	65.896000	0.000000	123.875000	0.000000	-195.267000	0.000000	66.843000	0.000000	-115.378000	0.000000	-98.042000	0.000000	-51.739000	0.000000	-341.974000	0.000000	-119.067000	0.000000	81.684000	0.000000

2024-08-26	12:35:12	1724668512.403440	-43060.991184	-0.044311	-0.200625	-151.984405	135.221036	-175.274230	165.575408	304.157598	152.984782	40.324470	222.958917	-132.277982	65.899279	136.525543	69.267744	-630.913979	74.544852	372.451791	72.802549	-243.322185	0.235490	416.878161	0.125978	-195.504000	0.000000	-9.231558	7.859414	-384.624000	0.000000	-1.976000	0.000000	65.896000	0.000000	123.875000	0.000000	-195.267000	0.000000	66.843000	0.000000	-115.378000	0.000000	-98.042000	0.000000	-51.739000	0.000000	-341.974000	0.000000	-119.067000	0.000000	81.684000	0.000000

2024-08-26	12:35:13	1724668513.402903	-43059.991721	-0.044311	-0.200625	-98.467816	143.698682	-201.818509	153.402599	108.572478	88.810016	248.358418	125.254892	-101.506758	47.574557	134.011221	42.506136	-627.941296	57.844365	373.316466	57.770754	-242.851770	0.285673	417.024350	0.182945	-195.504000	0.000000	-9.759874	10.187226	-384.624000	0.000000	-1.976000	0.000000	65.896000	0.000000	123.875000	0.000000	-195.267000	0.000000	66.843000	0.000000	-115.378000	0.000000	-98.042000	0.000000	-51.739000	0.000000	-341.974000	0.000000	-119.067000	0.000000	81.684000	0.000000

2024-08-26	12:35:14	1724668514.403318	-43058.991305	-0.044311	-0.200625	-241.474808	137.947154	-75.421306	127.984745	183.541708	153.259524	171.361202	187.623799	-73.830434	55.057038	97.148446	48.872925	-655.678229	65.355509	392.077789	61.184574	-242.557970	0.124798	417.084699	0.265386	-195.504000	0.000000	-9.536679	10.837029	-384.624000	0.000000	-1.976000	0.000000	65.896000	0.000000	123.875000	0.000000	-195.267000	0.000000	66.843000	0.000000	-115.378000	0.000000	-98.042000	0.000000	-51.739000	0.000000	-341.974000	0.000000	-119.067000	0.000000	81.684000	0.000000

2024-08-26	12:35:15	1724668515.404732	-43057.989892	-0.044311	-0.200625	-204.262314	244.563500	-90.461686	265.395212	195.572374	131.841256	174.914496	180.938557	-92.703246	147.645414	135.382156	145.531522	-633.541970	72.837993	379.937125	69.722040	-242.425386	0.212329	417.015157	0.142885	-195.504000	0.000000	-7.688162	7.225422	-384.624000	0.000000	-1.976000	0.000000	65.896000	0.000000	123.875000	0.000000	-195.267000	0.000000	66.843000	0.000000	-115.378000	0.000000	-98.042000	0.000000	-51.739000	0.000000	-341.974000	0.000000	-119.067000	0.000000	81.684000	0.000000

2024-08-26	12:35:16	1724668516.404147	-43056.990477	-0.044311	-0.200625	73.238914	61.465908	-396.790646	64.859795	193.557368	61.596145	164.204104	75.405846	-135.419078	82.964273	151.663388	79.498977	-685.819681	42.597756	420.310177	37.074432	-242.306217	0.131066	417.067226	0.286678	-195.504000	0.000000	-13.889069	7.898830	-384.624000	0.000000	-1.976000	0.000000	65.896000	0.000000	123.875000	0.000000	-195.267000	0.000000	66.843000	0.000000	-115.378000	0.000000	-98.042000	0.000000	-51.739000	0.000000	-341.974000	0.000000	-119.067000	0.000000	81.684000	0.000000

2024-08-26	12:35:17	1724668517.404562	-43055.990062	-0.044311	-0.200625	-168.845500	130.095931	-134.061484	157.821533	110.548710	173.176537	258.432385	190.598980	-151.055181	117.267581	182.588252	96.489025	-623.346946	28.261833	370.418746	31.362772	-242.313465	0.113089	417.323435	0.173748	-195.504000	0.000000	-10.274511	8.537109	-384.624000	0.000000	-1.976000	0.000000	65.896000	0.000000	123.875000	0.000000	-195.267000	0.000000	66.843000	0.000000	-115.378000	0.000000	-98.042000	0.000000	-51.739000	0.000000	-341.974000	0.000000	-119.067000	0.000000	81.684000	0.000000

