Date/C:Time:TimeStamp/D:time:VMeas:IMeas:I_00:DI_00:I_01:DI_01:I_02:DI_02:I_03:DI_03:I_04:DI_04:I_05:DI_05:I_06:DI_06:I_07:DI_07:I_08:DI_08:I_09:DI_09:I_10:DI_10:I_11:DI_11:I_12:DI_12:I_13:DI_13:I_14:DI_14:I_15:DI_15:I_16:DI_16:I_17:DI_17:I_18:DI_18:I_19:DI_19:I_20:DI_20:I_21:DI_21:I_22:DI_22:I_23:DI_23
2024-09-09	13:42:27	1725882147.049680	-43200.000000	-0.044311	-0.174143	26.895653	361.481809	-355.812843	321.819871	275.859595	166.298351	105.277893	157.156799	-76.250526	75.062331	119.835401	59.298278	-806.537101	58.141996	472.439639	65.238500	-246.115988	0.175301	410.517428	0.166487	-195.504000	0.000000	-20.156370	11.971541	-384.624000	0.000000	-1.976000	0.000000	65.896000	0.000000	123.875000	0.000000	-195.267000	0.000000	66.843000	0.000000	-115.378000	0.000000	-98.042000	0.000000	-51.739000	0.000000	-341.974000	0.000000	-119.067000	0.000000	81.684000	0.000000

2024-09-09	13:42:28	1725882148.049102	-43199.000577	-0.044311	-0.174143	-186.145625	231.983745	-152.185373	241.804344	207.165069	134.002828	145.731664	114.810131	-148.974790	114.935479	184.970777	108.697141	-756.511126	93.670127	436.693760	84.051329	-245.621395	0.180259	410.493938	0.120926	-195.504000	0.000000	-13.916456	11.759852	-384.624000	0.000000	-1.976000	0.000000	65.896000	0.000000	123.875000	0.000000	-195.267000	0.000000	66.843000	0.000000	-115.378000	0.000000	-98.042000	0.000000	-51.739000	0.000000	-341.974000	0.000000	-119.067000	0.000000	81.684000	0.000000

2024-09-09	13:42:29	1725882149.049525	-43198.000154	-0.044311	-0.174143	-122.212624	399.034860	-218.737479	379.685741	200.366476	108.875814	165.788150	86.578138	-100.405431	126.947917	131.830697	98.509341	-744.246576	72.563871	414.337183	67.814296	-245.894791	0.168828	410.599525	0.177925	-195.504000	0.000000	-24.353905	7.976328	-384.624000	0.000000	-1.976000	0.000000	65.896000	0.000000	123.875000	0.000000	-195.267000	0.000000	66.843000	0.000000	-115.378000	0.000000	-98.042000	0.000000	-51.739000	0.000000	-341.974000	0.000000	-119.067000	0.000000	81.684000	0.000000

2024-09-09	13:42:30	1725882150.048949	-43197.000731	-0.044311	-0.160902	-285.189257	177.867673	-56.386138	179.576695	127.917241	244.343030	218.646724	223.505140	-55.473839	81.984111	92.967367	60.773950	-782.231406	89.616192	441.479880	72.780945	-245.554347	0.201210	410.623238	0.282765	-195.504000	0.000000	-19.879121	8.369121	-384.624000	0.000000	-1.976000	0.000000	65.896000	0.000000	123.875000	0.000000	-195.267000	0.000000	66.843000	0.000000	-115.378000	0.000000	-98.042000	0.000000	-51.739000	0.000000	-341.974000	0.000000	-119.067000	0.000000	81.684000	0.000000

2024-09-09	13:42:31	1725882151.049557	-43196.000123	-0.044311	-0.160902	-95.284345	257.886501	-266.990479	229.799884	111.771797	207.043260	214.494822	216.478267	-143.768682	55.151173	171.736915	26.775453	-810.378825	89.398193	467.783536	86.109513	-245.722699	0.257442	410.436833	0.138122	-195.504000	0.000000	-28.329872	9.728362	-384.624000	0.000000	-1.976000	0.000000	65.896000	0.000000	123.875000	0.000000	-195.267000	0.000000	66.843000	0.000000	-115.378000	0.000000	-98.042000	0.000000	-51.739000	0.000000	-341.974000	0.000000	-119.067000	0.000000	81.684000	0.000000

2024-09-09	13:42:32	1725882152.048980	-43195.000700	-0.044311	-0.160902	-73.653984	334.578880	-263.845572	286.196660	313.120105	189.922607	61.206768	254.519965	-143.213333	41.846969	189.881790	40.548905	-780.021176	55.244783	441.850540	54.386736	-245.741711	0.183495	410.452100	0.179768	-195.504000	0.000000	-13.970392	8.331306	-384.624000	0.000000	-1.976000	0.000000	65.896000	0.000000	123.875000	0.000000	-195.267000	0.000000	66.843000	0.000000	-115.378000	0.000000	-98.042000	0.000000	-51.739000	0.000000	-341.974000	0.000000	-119.067000	0.000000	81.684000	0.000000

2024-09-09	13:42:33	1725882153.049420	-43194.000259	-0.044311	-0.160902	-125.737872	157.257051	-216.310653	123.875226	173.964640	121.977644	165.168929	111.248646	-138.532659	80.065621	176.848859	95.831725	-809.951638	98.148529	471.181654	93.022615	-245.596472	0.216914	410.653993	0.250263	-195.504000	0.000000	-15.798909	7.677369	-384.624000	0.000000	-1.976000	0.000000	65.896000	0.000000	123.875000	0.000000	-195.267000	0.000000	66.843000	0.000000	-115.378000	0.000000	-98.042000	0.000000	-51.739000	0.000000	-341.974000	0.000000	-119.067000	0.000000	81.684000	0.000000

2024-09-09	13:42:34	1725882154.049826	-43192.999854	-0.044311	-0.160902	-124.631509	234.354348	-212.155407	233.558571	157.784931	219.200085	169.295405	211.108492	-127.519317	152.710880	162.833316	127.144084	-763.496191	64.411578	433.538193	71.952154	-245.807954	0.229972	411.147138	0.206917	-195.504000	0.000000	-8.451809	9.708502	-384.624000	0.000000	-1.976000	0.000000	65.896000	0.000000	123.875000	0.000000	-195.267000	0.000000	66.843000	0.000000	-115.378000	0.000000	-98.042000	0.000000	-51.739000	0.000000	-341.974000	0.000000	-119.067000	0.000000	81.684000	0.000000

2024-09-09	13:42:35	1725882155.049249	-43192.000431	-0.044311	-0.160902	-162.017792	171.324132	-185.977941	147.847352	214.571560	150.396871	149.594603	168.908677	-94.814440	116.803162	136.351891	98.447553	-795.534077	45.756462	454.525433	44.657377	-245.868144	0.144584	410.700716	0.257550	-195.504000	0.000000	-24.259659	16.351178	-384.624000	0.000000	-1.976000	0.000000	65.896000	0.000000	123.875000	0.000000	-195.267000	0.000000	66.843000	0.000000	-115.378000	0.000000	-98.042000	0.000000	-51.739000	0.000000	-341.974000	0.000000	-119.067000	0.000000	81.684000	0.000000

2024-09-09	13:42:36	1725882156.049674	-43191.000006	-0.044311	-0.160902	-116.905044	197.724567	-228.747189	212.241558	109.424470	100.595189	223.891769	150.029174	-80.756429	159.679533	111.664635	126.688198	-769.173918	40.233308	431.842801	28.419542	-246.294863	0.144737	410.605687	0.214305	-195.504000	0.000000	-19.892329	9.909107	-384.624000	0.000000	-1.976000	0.000000	65.896000	0.000000	123.875000	0.000000	-195.267000	0.000000	66.843000	0.000000	-115.378000	0.000000	-98.042000	0.000000	-51.739000	0.000000	-341.974000	0.000000	-119.067000	0.000000	81.684000	0.000000

2024-09-09	13:42:37	1725882157.049098	-43190.000582	-0.044311	-0.160902	-282.961630	160.553240	-57.126096	147.972530	140.385566	123.877884	198.950096	102.006419	-140.536806	176.485698	157.798905	154.823336	-768.298613	56.254996	434.612335	44.761986	-246.034396	0.165603	410.588208	0.172380	-195.504000	0.000000	-16.971613	7.677242	-384.624000	0.000000	-1.976000	0.000000	65.896000	0.000000	123.875000	0.000000	-195.267000	0.000000	66.843000	0.000000	-115.378000	0.000000	-98.042000	0.000000	-51.739000	0.000000	-341.974000	0.000000	-119.067000	0.000000	81.684000	0.000000

2024-09-09	13:42:38	1725882158.049520	-43189.000159	-0.044311	-0.154283	34.640105	218.561715	-375.110481	233.773695	126.377601	207.568898	250.709098	203.473591	-118.787344	87.180339	172.212957	80.812329	-731.457650	79.244256	402.999330	75.118809	-245.840126	0.120818	410.382388	0.175153	-195.504000	0.000000	-15.765173	7.064830	-384.624000	0.000000	-1.976000	0.000000	65.896000	0.000000	123.875000	0.000000	-195.267000	0.000000	66.843000	0.000000	-115.378000	0.000000	-98.042000	0.000000	-51.739000	0.000000	-341.974000	0.000000	-119.067000	0.000000	81.684000	0.000000

2024-09-09	13:42:39	1725882159.048944	-43188.000736	-0.044311	-0.154283	-204.319632	307.519645	-127.510563	300.458258	200.925730	147.233086	159.277563	165.895644	-79.966310	120.561289	117.628054	109.528975	-750.889620	67.737250	422.678828	64.005616	-245.850451	0.154578	410.488010	0.142071	-195.504000	0.000000	-21.166774	13.894381	-384.624000	0.000000	-1.976000	0.000000	65.896000	0.000000	123.875000	0.000000	-195.267000	0.000000	66.843000	0.000000	-115.378000	0.000000	-98.042000	0.000000	-51.739000	0.000000	-341.974000	0.000000	-119.067000	0.000000	81.684000	0.000000

2024-09-09	13:42:40	1725882160.049384	-43187.000296	-0.044311	-0.154283	-217.691141	174.600893	-123.707677	165.090314	300.963429	188.183459	21.805475	184.730938	-104.598316	64.814044	133.963295	76.634892	-777.346391	53.797248	445.599844	52.316645	-245.723031	0.237656	410.848274	0.142599	-195.504000	0.000000	-27.063951	8.330337	-384.624000	0.000000	-1.976000	0.000000	65.896000	0.000000	123.875000	0.000000	-195.267000	0.000000	66.843000	0.000000	-115.378000	0.000000	-98.042000	0.000000	-51.739000	0.000000	-341.974000	0.000000	-119.067000	0.000000	81.684000	0.000000

2024-09-09	13:42:41	1725882161.050789	-43185.998891	-0.044311	-0.154283	-193.801227	157.487152	-150.635503	144.789512	254.398722	83.006413	116.672170	135.406366	-158.928470	144.466072	194.824292	172.157364	-767.313654	65.211181	428.577499	67.342847	-245.964430	0.257068	410.965401	0.179013	-195.504000	0.000000	-29.309644	7.790950	-384.624000	0.000000	-1.976000	0.000000	65.896000	0.000000	123.875000	0.000000	-195.267000	0.000000	66.843000	0.000000	-115.378000	0.000000	-98.042000	0.000000	-51.739000	0.000000	-341.974000	0.000000	-119.067000	0.000000	81.684000	0.000000

2024-09-09	13:42:42	1725882162.050216	-43184.999464	-0.044311	-0.154283	4.137345	203.445901	-365.180169	198.313183	162.040553	54.161535	158.801295	67.320689	-118.653992	100.636442	150.656900	99.523631	-778.103393	91.436558	436.174685	98.142286	-245.847935	0.192997	410.903000	0.192890	-195.504000	0.000000	-21.826568	9.940732	-384.624000	0.000000	-1.976000	0.000000	65.896000	0.000000	123.875000	0.000000	-195.267000	0.000000	66.843000	0.000000	-115.378000	0.000000	-98.042000	0.000000	-51.739000	0.000000	-341.974000	0.000000	-119.067000	0.000000	81.684000	0.000000

2024-09-09	13:42:43	1725882163.050638	-43183.999042	-0.044311	-0.154283	-118.168893	415.741937	-211.926663	449.664523	127.095953	216.650131	239.136747	185.086572	-45.227943	70.772111	83.099622	60.778354	-799.292265	48.124128	466.681214	39.429768	-245.895172	0.162215	410.784999	0.341054	-195.504000	0.000000	-12.239230	8.167579	-384.624000	0.000000	-1.976000	0.000000	65.896000	0.000000	123.875000	0.000000	-195.267000	0.000000	66.843000	0.000000	-115.378000	0.000000	-98.042000	0.000000	-51.739000	0.000000	-341.974000	0.000000	-119.067000	0.000000	81.684000	0.000000

2024-09-09	13:42:44	1725882164.050062	-43182.999618	-0.044311	-0.154283	-49.220599	259.687102	-297.782060	248.422543	156.236398	183.117771	177.581629	112.522087	-122.624077	83.257382	150.486878	96.749602	-763.381547	81.793752	428.344543	75.796135	-245.529388	0.335959	410.794038	0.213583	-195.504000	0.000000	-22.708358	14.072575	-384.624000	0.000000	-1.976000	0.000000	65.896000	0.000000	123.875000	0.000000	-195.267000	0.000000	66.843000	0.000000	-115.378000	0.000000	-98.042000	0.000000	-51.739000	0.000000	-341.974000	0.000000	-119.067000	0.000000	81.684000	0.000000

2024-09-09	13:42:45	1725882165.050485	-43181.999195	-0.044311	-0.154283	-283.070571	265.904363	-59.700514	213.398309	282.168174	216.676414	70.095487	249.421737	-144.394572	53.523885	181.898845	58.428369	-785.213871	62.250209	447.613008	57.322544	-245.696034	0.438929	410.673506	0.238858	-195.504000	0.000000	-29.900980	10.211872	-384.624000	0.000000	-1.976000	0.000000	65.896000	0.000000	123.875000	0.000000	-195.267000	0.000000	66.843000	0.000000	-115.378000	0.000000	-98.042000	0.000000	-51.739000	0.000000	-341.974000	0.000000	-119.067000	0.000000	81.684000	0.000000

2024-09-09	13:42:46	1725882166.049909	-43180.999771	-0.044311	-0.167521	-214.238983	230.510651	-121.737716	210.512785	69.894359	219.948019	288.533423	220.478309	-122.681270	119.505247	170.109624	126.015818	-772.634964	57.951997	441.999356	59.563320	-245.739012	0.273514	411.017044	0.167281	-195.504000	0.000000	-23.503172	6.461346	-384.624000	0.000000	-1.976000	0.000000	65.896000	0.000000	123.875000	0.000000	-195.267000	0.000000	66.843000	0.000000	-115.378000	0.000000	-98.042000	0.000000	-51.739000	0.000000	-341.974000	0.000000	-119.067000	0.000000	81.684000	0.000000

2024-09-09	13:42:47	1725882167.050331	-43179.999349	-0.044311	-0.167521	-316.854524	191.544823	-15.483530	193.832055	245.276255	83.804765	101.828946	75.578618	-102.481713	111.566147	130.271391	137.723922	-781.727590	26.570003	444.940441	27.692214	-245.505402	0.260649	410.791857	0.153307	-195.504000	0.000000	-30.961378	7.429776	-384.624000	0.000000	-1.976000	0.000000	65.896000	0.000000	123.875000	0.000000	-195.267000	0.000000	66.843000	0.000000	-115.378000	0.000000	-98.042000	0.000000	-51.739000	0.000000	-341.974000	0.000000	-119.067000	0.000000	81.684000	0.000000

2024-09-09	13:42:48	1725882168.051772	-43178.997908	-0.044311	-0.167521	72.096409	261.676797	-418.202033	255.250891	152.472743	149.318993	215.494527	149.576379	-69.080330	49.689431	116.008679	61.309095	-766.997638	30.801128	439.091380	32.756871	-245.515127	0.320446	410.703574	0.203206	-195.504000	0.000000	-20.624425	8.114120	-384.624000	0.000000	-1.976000	0.000000	65.896000	0.000000	123.875000	0.000000	-195.267000	0.000000	66.843000	0.000000	-115.378000	0.000000	-98.042000	0.000000	-51.739000	0.000000	-341.974000	0.000000	-119.067000	0.000000	81.684000	0.000000

2024-09-09	13:42:49	1725882169.051177	-43177.998503	-0.044311	-0.167521	-75.116897	168.063133	-280.289200	165.355012	133.774505	102.680306	202.021954	69.441416	-127.868848	113.417957	148.394581	87.204703	-779.119995	28.630337	438.695466	34.186783	-245.762569	0.100060	410.913841	0.338320	-195.504000	0.000000	-26.061777	11.726446	-384.624000	0.000000	-1.976000	0.000000	65.896000	0.000000	123.875000	0.000000	-195.267000	0.000000	66.843000	0.000000	-115.378000	0.000000	-98.042000	0.000000	-51.739000	0.000000	-341.974000	0.000000	-119.067000	0.000000	81.684000	0.000000

2024-09-09	13:42:50	1725882170.051600	-43176.998080	-0.044311	-0.167521	-187.728993	112.154025	-144.092747	78.191368	301.765799	370.919522	56.117596	348.589568	-93.274407	116.191893	140.821520	112.875228	-810.266906	50.499830	471.295975	56.721769	-245.668509	0.151174	411.062896	0.214331	-195.504000	0.000000	-13.859333	7.252690	-384.624000	0.000000	-1.976000	0.000000	65.896000	0.000000	123.875000	0.000000	-195.267000	0.000000	66.843000	0.000000	-115.378000	0.000000	-98.042000	0.000000	-51.739000	0.000000	-341.974000	0.000000	-119.067000	0.000000	81.684000	0.000000

2024-09-09	13:42:51	1725882171.051023	-43175.998657	-0.044311	-0.167521	-216.105417	116.596283	-139.667314	105.513195	135.245655	172.909427	212.035876	148.131345	-171.852353	81.972596	197.260997	75.397555	-788.569929	56.712160	450.536543	51.420480	-245.524057	0.158336	410.890700	0.257413	-195.504000	0.000000	-29.990349	6.548360	-384.624000	0.000000	-1.976000	0.000000	65.896000	0.000000	123.875000	0.000000	-195.267000	0.000000	66.843000	0.000000	-115.378000	0.000000	-98.042000	0.000000	-51.739000	0.000000	-341.974000	0.000000	-119.067000	0.000000	81.684000	0.000000

2024-09-09	13:42:52	1725882172.051445	-43174.998235	-0.044311	-0.167521	-19.249262	132.799603	-312.657487	133.388315	134.386498	123.646193	218.428373	152.767610	-139.378272	74.261767	179.024090	79.983442	-755.709385	45.792418	422.281767	50.940420	-245.814967	0.148985	410.852729	0.178607	-195.504000	0.000000	-23.311552	8.689041	-384.624000	0.000000	-1.976000	0.000000	65.896000	0.000000	123.875000	0.000000	-195.267000	0.000000	66.843000	0.000000	-115.378000	0.000000	-98.042000	0.000000	-51.739000	0.000000	-341.974000	0.000000	-119.067000	0.000000	81.684000	0.000000

2024-09-09	13:42:53	1725882173.051869	-43173.997811	-0.044311	-0.167521	-174.619040	209.272256	-185.540914	192.715791	145.107871	164.886658	201.215930	181.494963	-149.830918	55.789480	178.296645	53.986468	-773.925267	78.287200	438.985642	71.930006	-245.306970	0.246466	410.632288	0.177360	-195.504000	0.000000	-27.450976	12.926161	-384.624000	0.000000	-1.976000	0.000000	65.896000	0.000000	123.875000	0.000000	-195.267000	0.000000	66.843000	0.000000	-115.378000	0.000000	-98.042000	0.000000	-51.739000	0.000000	-341.974000	0.000000	-119.067000	0.000000	81.684000	0.000000

2024-09-09	13:42:54	1725882174.051311	-43172.998368	-0.044311	-0.174143	-68.927749	208.651951	-263.861222	187.592650	214.414132	165.477104	138.603198	153.227774	-75.558393	131.001689	120.663197	119.204621	-730.909038	22.067996	398.613698	26.508831	-245.762450	0.163742	410.578638	0.129519	-195.504000	0.000000	-11.495388	8.201880	-384.624000	0.000000	-1.976000	0.000000	65.896000	0.000000	123.875000	0.000000	-195.267000	0.000000	66.843000	0.000000	-115.378000	0.000000	-98.042000	0.000000	-51.739000	0.000000	-341.974000	0.000000	-119.067000	0.000000	81.684000	0.000000

2024-09-09	13:42:55	1725882175.051715	-43171.997965	-0.044311	-0.174143	-365.323865	163.420720	13.904884	143.518160	183.130706	105.014105	156.441183	46.771468	-116.693332	158.633718	147.491740	126.703340	-807.376890	34.221755	463.360026	30.234870	-245.718098	0.133997	410.886654	0.265961	-195.504000	0.000000	-22.736966	6.206778	-384.624000	0.000000	-1.976000	0.000000	65.896000	0.000000	123.875000	0.000000	-195.267000	0.000000	66.843000	0.000000	-115.378000	0.000000	-98.042000	0.000000	-51.739000	0.000000	-341.974000	0.000000	-119.067000	0.000000	81.684000	0.000000

2024-09-09	13:42:56	1725882176.051138	-43170.998541	-0.044311	-0.174143	-101.515450	135.507915	-250.860391	139.408371	234.051152	117.799850	117.294604	134.885103	-87.115943	156.933901	120.031953	135.880987	-829.685749	68.407177	487.295219	71.616308	-245.739800	0.143370	410.861458	0.274635	-195.504000	0.000000	-32.700493	8.923054	-384.624000	0.000000	-1.976000	0.000000	65.896000	0.000000	123.875000	0.000000	-195.267000	0.000000	66.843000	0.000000	-115.378000	0.000000	-98.042000	0.000000	-51.739000	0.000000	-341.974000	0.000000	-119.067000	0.000000	81.684000	0.000000

2024-09-09	13:42:57	1725882177.051561	-43169.998119	-0.044311	-0.174143	-177.367438	388.361466	-158.179639	350.554748	182.321126	70.138890	177.408287	128.821472	-100.610732	111.872180	145.791316	61.304060	-789.246976	51.093868	458.057980	40.786953	-245.300259	0.210016	410.899527	0.334387	-195.504000	0.000000	-36.153330	16.496754	-384.624000	0.000000	-1.976000	0.000000	65.896000	0.000000	123.875000	0.000000	-195.267000	0.000000	66.843000	0.000000	-115.378000	0.000000	-98.042000	0.000000	-51.739000	0.000000	-341.974000	0.000000	-119.067000	0.000000	81.684000	0.000000

2024-09-09	13:42:58	1725882178.050984	-43168.998696	-0.044311	-0.174143	-88.635017	246.894895	-261.508117	252.221632	177.701686	128.552042	166.167275	103.317876	-155.612210	57.562886	179.026427	82.630530	-781.166569	55.540109	446.115652	52.879911	-245.391282	0.176002	411.084692	0.197815	-195.504000	0.000000	-20.026256	10.259930	-384.624000	0.000000	-1.976000	0.000000	65.896000	0.000000	123.875000	0.000000	-195.267000	0.000000	66.843000	0.000000	-115.378000	0.000000	-98.042000	0.000000	-51.739000	0.000000	-341.974000	0.000000	-119.067000	0.000000	81.684000	0.000000

2024-09-09	13:42:59	1725882179.051407	-43167.998273	-0.044311	-0.174143	-256.521238	83.130003	-94.182513	92.029411	116.518619	216.310457	215.769627	200.890715	-189.658565	107.783299	226.914287	90.294499	-796.813509	100.404158	460.213662	98.080810	-245.308029	0.193629	411.048458	0.232309	-195.504000	0.000000	-31.552239	9.311934	-384.624000	0.000000	-1.976000	0.000000	65.896000	0.000000	123.875000	0.000000	-195.267000	0.000000	66.843000	0.000000	-115.378000	0.000000	-98.042000	0.000000	-51.739000	0.000000	-341.974000	0.000000	-119.067000	0.000000	81.684000	0.000000

2024-09-09	13:43:00	1725882180.052830	-43166.996850	-0.044311	-0.174143	-342.786096	158.855808	5.948838	177.735553	260.002801	214.690750	90.808552	124.791566	-94.624795	81.774652	132.478900	96.577649	-747.088149	45.729068	407.872266	35.546316	-245.208006	0.222731	410.960901	0.176374	-195.504000	0.000000	-14.518474	9.065453	-384.624000	0.000000	-1.976000	0.000000	65.896000	0.000000	123.875000	0.000000	-195.267000	0.000000	66.843000	0.000000	-115.378000	0.000000	-98.042000	0.000000	-51.739000	0.000000	-341.974000	0.000000	-119.067000	0.000000	81.684000	0.000000

2024-09-09	13:43:01	1725882181.052270	-43165.997410	-0.044311	-0.167521	13.542919	217.219963	-357.581575	166.328289	164.433321	89.167797	205.521079	101.334695	-96.986268	83.527100	134.986174	87.872880	-814.062533	61.720009	476.084227	63.684638	-245.325294	0.206839	410.802598	0.186280	-195.504000	0.000000	-19.017015	15.157860	-384.624000	0.000000	-1.976000	0.000000	65.896000	0.000000	123.875000	0.000000	-195.267000	0.000000	66.843000	0.000000	-115.378000	0.000000	-98.042000	0.000000	-51.739000	0.000000	-341.974000	0.000000	-119.067000	0.000000	81.684000	0.000000

2024-09-09	13:43:02	1725882182.052676	-43164.997004	-0.044311	-0.167521	5.575416	368.430407	-360.222246	391.632880	165.640939	143.023939	158.547841	119.211669	-112.303157	129.192707	145.524486	111.154385	-798.157791	60.015977	457.452820	63.041523	-245.781287	0.167875	410.904596	0.192153	-195.504000	0.000000	-22.345782	9.313854	-384.624000	0.000000	-1.976000	0.000000	65.896000	0.000000	123.875000	0.000000	-195.267000	0.000000	66.843000	0.000000	-115.378000	0.000000	-98.042000	0.000000	-51.739000	0.000000	-341.974000	0.000000	-119.067000	0.000000	81.684000	0.000000

2024-09-09	13:43:03	1725882183.052099	-43163.997581	-0.044311	-0.167521	-185.026710	190.185751	-174.516983	151.273118	197.954197	114.262824	138.456108	194.833666	-166.726796	142.050801	181.989150	144.007638	-810.922237	64.111465	469.131132	56.480875	-245.245339	0.156801	411.184448	0.121996	-195.504000	0.000000	-30.377285	9.637272	-384.624000	0.000000	-1.976000	0.000000	65.896000	0.000000	123.875000	0.000000	-195.267000	0.000000	66.843000	0.000000	-115.378000	0.000000	-98.042000	0.000000	-51.739000	0.000000	-341.974000	0.000000	-119.067000	0.000000	81.684000	0.000000

2024-09-09	13:43:04	1725882184.052539	-43162.997141	-0.044311	-0.167521	-186.026861	133.108390	-136.219792	142.968672	195.161601	107.632941	165.022453	101.185709	-143.163575	84.595244	192.573537	79.507769	-742.002811	37.570554	416.311998	38.836714	-245.681209	0.234814	410.986195	0.236693	-195.504000	0.000000	-14.233698	7.965026	-384.624000	0.000000	-1.976000	0.000000	65.896000	0.000000	123.875000	0.000000	-195.267000	0.000000	66.843000	0.000000	-115.378000	0.000000	-98.042000	0.000000	-51.739000	0.000000	-341.974000	0.000000	-119.067000	0.000000	81.684000	0.000000

2024-09-09	13:43:05	1725882185.051945	-43161.997735	-0.044311	-0.167521	-42.362080	164.248259	-307.146541	155.558759	243.024429	84.262812	101.899204	108.134183	-69.268960	63.768793	107.127048	56.978185	-813.823313	55.388691	471.908014	45.858579	-245.688275	0.206321	411.249452	0.277321	-195.504000	0.000000	-22.711238	7.351469	-384.624000	0.000000	-1.976000	0.000000	65.896000	0.000000	123.875000	0.000000	-195.267000	0.000000	66.843000	0.000000	-115.378000	0.000000	-98.042000	0.000000	-51.739000	0.000000	-341.974000	0.000000	-119.067000	0.000000	81.684000	0.000000

2024-09-09	13:43:06	1725882186.052368	-43160.997312	-0.044311	-0.167521	-243.538669	97.280587	-108.408639	93.397044	191.898881	191.306608	160.430096	191.268253	-127.071458	79.104715	162.923904	77.954875	-780.316531	73.300921	439.806435	64.435752	-245.455744	0.239582	411.416801	0.240959	-195.504000	0.000000	-21.637731	10.823725	-384.624000	0.000000	-1.976000	0.000000	65.896000	0.000000	123.875000	0.000000	-195.267000	0.000000	66.843000	0.000000	-115.378000	0.000000	-98.042000	0.000000	-51.739000	0.000000	-341.974000	0.000000	-119.067000	0.000000	81.684000	0.000000

2024-09-09	13:43:07	1725882187.053790	-43159.995890	-0.044311	-0.167521	-167.288358	254.734047	-181.625125	278.216184	157.693263	277.275249	186.590467	286.507407	-129.801818	83.749359	156.514321	89.895781	-807.839121	74.866903	466.465807	72.915760	-245.928709	0.120477	411.335655	0.131802	-195.504000	0.000000	-22.568388	10.419777	-384.624000	0.000000	-1.976000	0.000000	65.896000	0.000000	123.875000	0.000000	-195.267000	0.000000	66.843000	0.000000	-115.378000	0.000000	-98.042000	0.000000	-51.739000	0.000000	-341.974000	0.000000	-119.067000	0.000000	81.684000	0.000000

2024-09-09	13:43:08	1725882188.053214	-43158.996466	-0.044311	-0.167521	-149.823167	362.872022	-207.216150	335.530674	121.777111	121.665337	214.059759	157.710473	-66.759562	108.696613	98.563757	95.652093	-825.721185	30.663293	483.515705	35.243911	-245.705120	0.273610	411.098763	0.148943	-195.504000	0.000000	-27.602466	11.459328	-384.624000	0.000000	-1.976000	0.000000	65.896000	0.000000	123.875000	0.000000	-195.267000	0.000000	66.843000	0.000000	-115.378000	0.000000	-98.042000	0.000000	-51.739000	0.000000	-341.974000	0.000000	-119.067000	0.000000	81.684000	0.000000

2024-09-09	13:43:09	1725882189.053654	-43157.996026	-0.044311	-0.167521	-161.792872	139.745784	-201.253632	125.357351	150.882563	68.318844	184.838891	77.121523	-191.419326	119.317997	218.310623	116.584065	-804.586073	51.509042	454.947466	52.705482	-245.493661	0.293496	411.263456	0.160553	-195.504000	0.000000	-19.008618	7.118032	-384.624000	0.000000	-1.976000	0.000000	65.896000	0.000000	123.875000	0.000000	-195.267000	0.000000	66.843000	0.000000	-115.378000	0.000000	-98.042000	0.000000	-51.739000	0.000000	-341.974000	0.000000	-119.067000	0.000000	81.684000	0.000000

2024-09-09	13:43:10	1725882190.053060	-43156.996620	-0.044311	-0.167521	-303.072694	274.864263	-42.535319	254.577904	130.987871	203.770892	220.616436	190.641554	-39.279611	140.070090	82.390533	154.237627	-825.241169	25.705092	480.739946	25.429417	-245.524062	0.198681	411.138193	0.245802	-195.504000	0.000000	-29.409150	8.520955	-384.624000	0.000000	-1.976000	0.000000	65.896000	0.000000	123.875000	0.000000	-195.267000	0.000000	66.843000	0.000000	-115.378000	0.000000	-98.042000	0.000000	-51.739000	0.000000	-341.974000	0.000000	-119.067000	0.000000	81.684000	0.000000

2024-09-09	13:43:11	1725882191.053483	-43155.996197	-0.044311	-0.167521	-118.894945	174.432115	-234.254654	136.587803	233.777143	172.634314	102.492025	145.333532	-124.482044	145.304401	155.969660	129.882324	-754.385208	41.652057	417.086009	43.167904	-245.442152	0.112542	410.974470	0.291673	-195.504000	0.000000	-16.057212	9.228265	-384.624000	0.000000	-1.976000	0.000000	65.896000	0.000000	123.875000	0.000000	-195.267000	0.000000	66.843000	0.000000	-115.378000	0.000000	-98.042000	0.000000	-51.739000	0.000000	-341.974000	0.000000	-119.067000	0.000000	81.684000	0.000000

2024-09-09	13:43:12	1725882192.052906	-43154.996774	-0.044311	-0.167521	-89.858056	84.536563	-239.589569	51.798091	218.358232	103.953451	152.275348	96.707390	-114.869866	84.769452	157.291612	57.663661	-764.841060	73.842507	433.109925	61.002399	-245.626816	0.109650	411.141653	0.217671	-195.504000	0.000000	-15.190511	10.745291	-384.624000	0.000000	-1.976000	0.000000	65.896000	0.000000	123.875000	0.000000	-195.267000	0.000000	66.843000	0.000000	-115.378000	0.000000	-98.042000	0.000000	-51.739000	0.000000	-341.974000	0.000000	-119.067000	0.000000	81.684000	0.000000

2024-09-09	13:43:13	1725882193.053329	-43153.996351	-0.044311	-0.167521	-150.934175	136.142515	-193.958353	125.660275	147.099516	152.220398	198.638297	195.718185	-70.052352	112.637449	99.142453	95.522978	-816.078185	43.208348	479.131315	36.195059	-245.588636	0.255243	411.032207	0.139505	-195.504000	0.000000	-19.374833	8.650894	-384.624000	0.000000	-1.976000	0.000000	65.896000	0.000000	123.875000	0.000000	-195.267000	0.000000	66.843000	0.000000	-115.378000	0.000000	-98.042000	0.000000	-51.739000	0.000000	-341.974000	0.000000	-119.067000	0.000000	81.684000	0.000000

2024-09-09	13:43:14	1725882194.054751	-43152.994929	-0.044311	-0.167521	-80.528192	185.302683	-276.674802	184.271303	135.070477	97.918550	211.599589	99.203934	-91.304690	104.247901	120.624956	92.581615	-789.055134	46.579788	448.570770	50.316006	-245.808089	0.188748	411.232675	0.175321	-195.504000	0.000000	-35.475551	8.616245	-384.624000	0.000000	-1.976000	0.000000	65.896000	0.000000	123.875000	0.000000	-195.267000	0.000000	66.843000	0.000000	-115.378000	0.000000	-98.042000	0.000000	-51.739000	0.000000	-341.974000	0.000000	-119.067000	0.000000	81.684000	0.000000

2024-09-09	13:43:15	1725882195.054175	-43151.995505	-0.044311	-0.167521	-158.259902	158.639276	-172.935353	156.555721	145.714322	82.836805	210.037100	54.333716	-163.079778	127.444610	204.894138	115.135760	-795.914181	26.568935	454.553435	25.703946	-245.789136	0.332917	411.314852	0.208342	-195.504000	0.000000	-17.720446	8.204958	-384.624000	0.000000	-1.976000	0.000000	65.896000	0.000000	123.875000	0.000000	-195.267000	0.000000	66.843000	0.000000	-115.378000	0.000000	-98.042000	0.000000	-51.739000	0.000000	-341.974000	0.000000	-119.067000	0.000000	81.684000	0.000000

2024-09-09	13:43:16	1725882196.054597	-43150.995082	-0.044311	-0.174143	-161.463632	71.862076	-188.236725	53.066091	151.714524	195.367876	185.587866	221.471048	-92.535418	94.327512	130.546729	99.407622	-809.833697	51.047046	468.977152	44.868283	-245.621101	0.270556	410.751812	0.135911	-195.504000	0.000000	-27.731015	6.719950	-384.624000	0.000000	-1.976000	0.000000	65.896000	0.000000	123.875000	0.000000	-195.267000	0.000000	66.843000	0.000000	-115.378000	0.000000	-98.042000	0.000000	-51.739000	0.000000	-341.974000	0.000000	-119.067000	0.000000	81.684000	0.000000

2024-09-09	13:43:17	1725882197.054020	-43149.995659	-0.044311	-0.174143	-217.203336	133.136333	-143.622546	150.322967	188.852124	133.856010	135.009419	140.064418	-119.951288	45.296902	146.606120	42.185649	-783.608134	37.917983	441.634375	33.594404	-245.676798	0.263407	411.262703	0.258145	-195.504000	0.000000	-23.605885	16.494602	-384.624000	0.000000	-1.976000	0.000000	65.896000	0.000000	123.875000	0.000000	-195.267000	0.000000	66.843000	0.000000	-115.378000	0.000000	-98.042000	0.000000	-51.739000	0.000000	-341.974000	0.000000	-119.067000	0.000000	81.684000	0.000000

2024-09-09	13:43:18	1725882198.054443	-43148.995236	-0.044311	-0.174143	-145.597977	100.174132	-206.666151	98.964508	181.743897	77.197169	176.186121	77.160997	-97.164420	54.345157	126.058331	38.848742	-840.631314	48.483692	496.592891	49.405535	-245.723948	0.146430	410.638917	0.196045	-195.504000	0.000000	-21.748369	10.223568	-384.624000	0.000000	-1.976000	0.000000	65.896000	0.000000	123.875000	0.000000	-195.267000	0.000000	66.843000	0.000000	-115.378000	0.000000	-98.042000	0.000000	-51.739000	0.000000	-341.974000	0.000000	-119.067000	0.000000	81.684000	0.000000

2024-09-09	13:43:19	1725882199.054883	-43147.994796	-0.044311	-0.174143	-176.681441	200.985657	-160.979443	203.818616	157.978335	123.890155	204.773523	153.415885	-86.179804	107.901446	132.411836	100.931393	-793.790190	49.355872	450.828841	48.793750	-245.802146	0.156466	410.747686	0.187989	-195.504000	0.000000	-29.607626	13.288789	-384.624000	0.000000	-1.976000	0.000000	65.896000	0.000000	123.875000	0.000000	-195.267000	0.000000	66.843000	0.000000	-115.378000	0.000000	-98.042000	0.000000	-51.739000	0.000000	-341.974000	0.000000	-119.067000	0.000000	81.684000	0.000000

2024-09-09	13:43:20	1725882200.055307	-43146.994372	-0.044311	-0.174143	44.211977	207.489163	-395.719998	203.151188	207.696566	94.758415	119.538489	68.547795	-80.846966	131.893003	115.120595	120.141754	-809.579198	64.992848	465.130999	71.718469	-245.942645	0.146632	410.511681	0.211493	-195.504000	0.000000	-23.777977	8.857534	-384.624000	0.000000	-1.976000	0.000000	65.896000	0.000000	123.875000	0.000000	-195.267000	0.000000	66.843000	0.000000	-115.378000	0.000000	-98.042000	0.000000	-51.739000	0.000000	-341.974000	0.000000	-119.067000	0.000000	81.684000	0.000000

2024-09-09	13:43:21	1725882201.055712	-43145.993968	-0.044311	-0.174143	-192.377711	382.507151	-181.452714	380.198195	173.951098	105.071379	141.731560	93.354649	-166.291517	171.760625	180.029604	131.501859	-810.383311	68.755827	461.325055	54.444025	-245.497443	0.179720	410.739778	0.154788	-195.504000	0.000000	-17.206666	11.711439	-384.624000	0.000000	-1.976000	0.000000	65.896000	0.000000	123.875000	0.000000	-195.267000	0.000000	66.843000	0.000000	-115.378000	0.000000	-98.042000	0.000000	-51.739000	0.000000	-341.974000	0.000000	-119.067000	0.000000	81.684000	0.000000

2024-09-09	13:43:22	1725882202.055135	-43144.994545	-0.044311	-0.174143	-185.969135	119.115331	-139.008552	127.720266	154.454018	88.575403	215.444967	109.360761	-132.828051	102.878662	188.253047	89.416745	-781.819660	90.327093	445.095157	91.146964	-245.484863	0.226759	411.106581	0.190059	-195.504000	0.000000	-31.593676	5.797351	-384.624000	0.000000	-1.976000	0.000000	65.896000	0.000000	123.875000	0.000000	-195.267000	0.000000	66.843000	0.000000	-115.378000	0.000000	-98.042000	0.000000	-51.739000	0.000000	-341.974000	0.000000	-119.067000	0.000000	81.684000	0.000000

2024-09-09	13:43:23	1725882203.055558	-43143.994122	-0.044311	-0.174143	-357.937101	125.115613	-6.110393	149.120079	112.132402	179.177850	245.117042	210.194686	-138.656429	155.345005	169.786069	139.647849	-827.565890	80.738955	484.160688	68.557184	-245.580140	0.182513	411.272607	0.206281	-195.504000	0.000000	-29.888888	10.239813	-384.624000	0.000000	-1.976000	0.000000	65.896000	0.000000	123.875000	0.000000	-195.267000	0.000000	66.843000	0.000000	-115.378000	0.000000	-98.042000	0.000000	-51.739000	0.000000	-341.974000	0.000000	-119.067000	0.000000	81.684000	0.000000

2024-09-09	13:43:24	1725882204.054982	-43142.994698	-0.044311	-0.167521	-119.327828	298.450849	-228.669429	301.893629	232.423701	37.991819	108.199877	26.682831	-127.619808	105.611395	157.809769	96.755421	-788.637571	68.324245	447.095949	65.151281	-245.037925	0.188601	410.969854	0.194268	-195.504000	0.000000	-31.107842	6.871703	-384.624000	0.000000	-1.976000	0.000000	65.896000	0.000000	123.875000	0.000000	-195.267000	0.000000	66.843000	0.000000	-115.378000	0.000000	-98.042000	0.000000	-51.739000	0.000000	-341.974000	0.000000	-119.067000	0.000000	81.684000	0.000000

2024-09-09	13:43:25	1725882205.055404	-43141.994276	-0.044311	-0.167521	-67.965599	97.816558	-281.728454	85.279739	218.307485	122.972849	141.637323	115.082824	-119.029183	104.094723	167.118335	99.535733	-817.502023	80.233437	478.544493	69.094983	-245.202961	0.208318	410.999769	0.156305	-195.504000	0.000000	-27.227168	8.988403	-384.624000	0.000000	-1.976000	0.000000	65.896000	0.000000	123.875000	0.000000	-195.267000	0.000000	66.843000	0.000000	-115.378000	0.000000	-98.042000	0.000000	-51.739000	0.000000	-341.974000	0.000000	-119.067000	0.000000	81.684000	0.000000

2024-09-09	13:43:26	1725882206.055828	-43140.993852	-0.044311	-0.167521	-279.650387	173.552644	-60.944607	151.565908	109.240024	172.530788	221.684102	144.185436	-65.722650	68.701197	81.657770	57.058632	-739.562060	37.985814	414.335615	39.951932	-245.833430	0.294171	411.039581	0.184724	-195.504000	0.000000	-18.748425	7.350624	-384.624000	0.000000	-1.976000	0.000000	65.896000	0.000000	123.875000	0.000000	-195.267000	0.000000	66.843000	0.000000	-115.378000	0.000000	-98.042000	0.000000	-51.739000	0.000000	-341.974000	0.000000	-119.067000	0.000000	81.684000	0.000000

2024-09-09	13:43:27	1725882207.055250	-43139.994430	-0.044311	-0.167521	-119.549438	324.402514	-201.012427	314.184965	262.399260	163.389647	113.403656	120.269961	-129.884509	88.343489	171.208580	74.440029	-718.535085	33.999131	392.704715	33.910676	-245.675900	0.161783	410.984493	0.246863	-195.504000	0.000000	-22.386764	11.730675	-384.624000	0.000000	-1.976000	0.000000	65.896000	0.000000	123.875000	0.000000	-195.267000	0.000000	66.843000	0.000000	-115.378000	0.000000	-98.042000	0.000000	-51.739000	0.000000	-341.974000	0.000000	-119.067000	0.000000	81.684000	0.000000

2024-09-09	13:43:28	1725882208.055674	-43138.994006	-0.044311	-0.167521	-233.415441	145.816496	-127.358027	184.164376	215.426217	215.654684	122.964018	180.280284	-110.465751	70.470465	144.583239	60.401990	-814.533257	44.522461	471.639048	39.853097	-245.611519	0.260686	411.006009	0.197010	-195.504000	0.000000	-23.664353	7.168234	-384.624000	0.000000	-1.976000	0.000000	65.896000	0.000000	123.875000	0.000000	-195.267000	0.000000	66.843000	0.000000	-115.378000	0.000000	-98.042000	0.000000	-51.739000	0.000000	-341.974000	0.000000	-119.067000	0.000000	81.684000	0.000000

2024-09-09	13:43:29	1725882209.055097	-43137.994583	-0.044311	-0.167521	-62.249243	213.705019	-265.844816	196.065128	203.172813	178.528503	146.890300	184.313561	-112.416314	114.695319	148.011345	95.033147	-776.940283	43.059832	446.727056	45.556398	-245.866273	0.198790	410.982251	0.267789	-195.504000	0.000000	-13.353683	6.977355	-384.624000	0.000000	-1.976000	0.000000	65.896000	0.000000	123.875000	0.000000	-195.267000	0.000000	66.843000	0.000000	-115.378000	0.000000	-98.042000	0.000000	-51.739000	0.000000	-341.974000	0.000000	-119.067000	0.000000	81.684000	0.000000

2024-09-09	13:43:30	1725882210.055520	-43136.994160	-0.044311	-0.167521	-204.941400	135.721120	-142.164199	124.132703	192.689309	78.838557	149.995301	78.790011	-97.006267	142.319029	129.418988	127.104512	-760.502594	57.732653	422.819351	46.230606	-245.944118	0.144567	410.562112	0.181144	-195.504000	0.000000	-22.544456	9.370494	-384.624000	0.000000	-1.976000	0.000000	65.896000	0.000000	123.875000	0.000000	-195.267000	0.000000	66.843000	0.000000	-115.378000	0.000000	-98.042000	0.000000	-51.739000	0.000000	-341.974000	0.000000	-119.067000	0.000000	81.684000	0.000000

2024-09-09	13:43:31	1725882211.054943	-43135.994737	-0.044311	-0.167521	-144.331628	457.434466	-192.754491	470.452284	170.650790	183.771118	177.725490	197.580043	-49.846411	109.372602	88.442774	98.132137	-792.236548	48.477755	463.008908	38.227889	-245.680184	0.215870	411.001624	0.203902	-195.504000	0.000000	-22.278440	11.798121	-384.624000	0.000000	-1.976000	0.000000	65.896000	0.000000	123.875000	0.000000	-195.267000	0.000000	66.843000	0.000000	-115.378000	0.000000	-98.042000	0.000000	-51.739000	0.000000	-341.974000	0.000000	-119.067000	0.000000	81.684000	0.000000

2024-09-09	13:43:32	1725882212.055384	-43134.994296	-0.044311	-0.147661	-91.972166	122.452300	-256.909712	107.644606	120.369680	139.845461	232.816410	169.990309	-164.017113	78.136179	197.737387	80.743165	-765.981319	16.808917	426.881882	18.884954	-245.592428	0.111774	410.842836	0.220657	-195.504000	0.000000	-25.140114	9.325289	-384.624000	0.000000	-1.976000	0.000000	65.896000	0.000000	123.875000	0.000000	-195.267000	0.000000	66.843000	0.000000	-115.378000	0.000000	-98.042000	0.000000	-51.739000	0.000000	-341.974000	0.000000	-119.067000	0.000000	81.684000	0.000000

2024-09-09	13:43:33	1725882213.056788	-43133.992891	-0.044311	-0.147661	-105.966688	99.004681	-255.857963	128.407930	189.852154	47.634643	156.232647	83.439583	-168.332389	91.733572	194.178866	67.590773	-794.379682	49.225608	455.856521	56.629910	-245.328598	0.261012	411.251274	0.209172	-195.504000	0.000000	-21.457240	7.851156	-384.624000	0.000000	-1.976000	0.000000	65.896000	0.000000	123.875000	0.000000	-195.267000	0.000000	66.843000	0.000000	-115.378000	0.000000	-98.042000	0.000000	-51.739000	0.000000	-341.974000	0.000000	-119.067000	0.000000	81.684000	0.000000

2024-09-09	13:43:34	1725882214.056227	-43132.993453	-0.044311	-0.147661	-262.603401	90.941797	-57.758889	95.857172	190.189264	150.247957	178.307233	173.706587	-82.157272	154.059512	124.586700	147.644470	-758.440182	27.709033	420.801207	28.856432	-245.407409	0.180461	411.344067	0.198013	-195.504000	0.000000	-19.563356	9.651930	-384.624000	0.000000	-1.976000	0.000000	65.896000	0.000000	123.875000	0.000000	-195.267000	0.000000	66.843000	0.000000	-115.378000	0.000000	-98.042000	0.000000	-51.739000	0.000000	-341.974000	0.000000	-119.067000	0.000000	81.684000	0.000000

2024-09-09	13:43:35	1725882215.056634	-43131.993045	-0.044311	-0.147661	-135.100077	113.977740	-222.842024	109.678801	144.180848	129.455675	189.753712	167.134184	-133.893983	86.752506	160.841587	88.109584	-796.080830	52.397224	458.129730	49.298172	-245.386450	0.194131	411.466821	0.134678	-195.504000	0.000000	-25.598611	8.260926	-384.624000	0.000000	-1.976000	0.000000	65.896000	0.000000	123.875000	0.000000	-195.267000	0.000000	66.843000	0.000000	-115.378000	0.000000	-98.042000	0.000000	-51.739000	0.000000	-341.974000	0.000000	-119.067000	0.000000	81.684000	0.000000

2024-09-09	13:43:36	1725882216.056058	-43130.993622	-0.044311	-0.147661	-231.929444	206.516393	-114.528803	212.381216	162.800463	99.705264	202.171104	117.862917	-93.836598	86.402729	134.740672	74.498192	-811.797967	42.563757	471.033408	39.833071	-245.107144	0.199329	411.302394	0.215765	-195.504000	0.000000	-26.212328	7.143879	-384.624000	0.000000	-1.976000	0.000000	65.896000	0.000000	123.875000	0.000000	-195.267000	0.000000	66.843000	0.000000	-115.378000	0.000000	-98.042000	0.000000	-51.739000	0.000000	-341.974000	0.000000	-119.067000	0.000000	81.684000	0.000000

2024-09-09	13:43:37	1725882217.056480	-43129.993199	-0.044311	-0.147661	41.471969	286.443667	-397.445603	242.091446	328.929132	193.091487	28.192638	165.812466	-99.092671	115.480647	137.995237	84.500830	-796.349670	52.979971	452.893786	48.621404	-245.006919	0.192365	410.895679	0.163200	-195.504000	0.000000	-21.494993	8.567450	-384.624000	0.000000	-1.976000	0.000000	65.896000	0.000000	123.875000	0.000000	-195.267000	0.000000	66.843000	0.000000	-115.378000	0.000000	-98.042000	0.000000	-51.739000	0.000000	-341.974000	0.000000	-119.067000	0.000000	81.684000	0.000000

2024-09-09	13:43:38	1725882218.055903	-43128.993776	-0.044311	-0.147661	-83.773803	227.627225	-257.698627	239.033833	66.346167	105.607697	268.364757	83.211418	-149.098093	48.277503	174.274879	72.951790	-731.602770	57.691463	400.691686	52.743201	-244.953925	0.123001	411.158281	0.155270	-195.504000	0.000000	-25.050752	6.612142	-384.624000	0.000000	-1.976000	0.000000	65.896000	0.000000	123.875000	0.000000	-195.267000	0.000000	66.843000	0.000000	-115.378000	0.000000	-98.042000	0.000000	-51.739000	0.000000	-341.974000	0.000000	-119.067000	0.000000	81.684000	0.000000

2024-09-09	13:43:39	1725882219.056326	-43127.993353	-0.044311	-0.174143	-368.314315	289.129491	21.457643	281.985139	174.284720	68.230279	185.971442	66.828769	-137.915511	76.931630	172.702478	79.172701	-787.794840	65.276307	449.057733	58.272395	-245.294605	0.162222	411.432697	0.219920	-195.504000	0.000000	-13.212306	12.893700	-384.624000	0.000000	-1.976000	0.000000	65.896000	0.000000	123.875000	0.000000	-195.267000	0.000000	66.843000	0.000000	-115.378000	0.000000	-98.042000	0.000000	-51.739000	0.000000	-341.974000	0.000000	-119.067000	0.000000	81.684000	0.000000

2024-09-09	13:43:40	1725882220.056767	-43126.992913	-0.044311	-0.174143	-108.544777	128.533452	-224.339549	117.369647	206.447191	174.606229	144.723282	209.371015	-31.359933	197.284463	68.639890	167.044346	-782.799469	57.214627	446.963552	63.842564	-245.376122	0.170940	410.995041	0.134866	-195.504000	0.000000	-17.142248	9.635265	-384.624000	0.000000	-1.976000	0.000000	65.896000	0.000000	123.875000	0.000000	-195.267000	0.000000	66.843000	0.000000	-115.378000	0.000000	-98.042000	0.000000	-51.739000	0.000000	-341.974000	0.000000	-119.067000	0.000000	81.684000	0.000000

2024-09-09	13:43:41	1725882221.056173	-43125.993506	-0.044311	-0.174143	-182.967633	200.286845	-162.591687	208.212015	251.057576	125.089046	94.640693	136.215863	-196.158489	92.512836	230.736130	75.375472	-748.135169	88.378402	416.661868	90.997628	-245.269627	0.109364	411.153843	0.184173	-195.504000	0.000000	-28.013776	8.773186	-384.624000	0.000000	-1.976000	0.000000	65.896000	0.000000	123.875000	0.000000	-195.267000	0.000000	66.843000	0.000000	-115.378000	0.000000	-98.042000	0.000000	-51.739000	0.000000	-341.974000	0.000000	-119.067000	0.000000	81.684000	0.000000

2024-09-09	13:43:42	1725882222.056613	-43124.993066	-0.044311	-0.174143	-241.723077	118.649827	-97.419896	123.895624	136.125858	65.781849	212.963262	36.643434	-140.121363	108.554053	175.144138	124.512837	-779.500309	69.495496	441.761710	68.082459	-245.506310	0.219059	411.378588	0.322802	-195.504000	0.000000	-24.515751	6.916677	-384.624000	0.000000	-1.976000	0.000000	65.896000	0.000000	123.875000	0.000000	-195.267000	0.000000	66.843000	0.000000	-115.378000	0.000000	-98.042000	0.000000	-51.739000	0.000000	-341.974000	0.000000	-119.067000	0.000000	81.684000	0.000000

2024-09-09	13:43:43	1725882223.056019	-43123.993660	-0.044311	-0.174143	-85.180038	168.047514	-264.104215	119.509731	173.951008	159.720199	171.188464	165.277302	-116.404482	75.803499	147.425657	48.059106	-790.940789	57.711100	452.989764	44.743863	-245.614674	0.180358	411.847089	0.325571	-195.504000	0.000000	-23.775595	7.341019	-384.624000	0.000000	-1.976000	0.000000	65.896000	0.000000	123.875000	0.000000	-195.267000	0.000000	66.843000	0.000000	-115.378000	0.000000	-98.042000	0.000000	-51.739000	0.000000	-341.974000	0.000000	-119.067000	0.000000	81.684000	0.000000

2024-09-09	13:43:44	1725882224.056442	-43122.993237	-0.044311	-0.174143	-184.485522	256.205639	-156.095545	282.646190	202.636346	142.734672	139.992371	117.783328	-84.454677	111.490211	121.694633	111.377060	-776.503922	70.056855	443.218455	64.253015	-245.287398	0.182834	411.967192	0.405434	-195.504000	0.000000	-13.488154	8.490503	-384.624000	0.000000	-1.976000	0.000000	65.896000	0.000000	123.875000	0.000000	-195.267000	0.000000	66.843000	0.000000	-115.378000	0.000000	-98.042000	0.000000	-51.739000	0.000000	-341.974000	0.000000	-119.067000	0.000000	81.684000	0.000000

2024-09-09	13:43:45	1725882225.055866	-43121.993814	-0.044311	-0.174143	-219.307801	348.452306	-135.149578	342.022328	157.395494	94.692872	189.406435	52.318991	-176.744366	119.527020	205.042547	108.185382	-792.105115	37.665438	445.862504	36.347829	-245.368056	0.258980	411.790587	0.269903	-195.504000	0.000000	-33.304617	6.417312	-384.624000	0.000000	-1.976000	0.000000	65.896000	0.000000	123.875000	0.000000	-195.267000	0.000000	66.843000	0.000000	-115.378000	0.000000	-98.042000	0.000000	-51.739000	0.000000	-341.974000	0.000000	-119.067000	0.000000	81.684000	0.000000

2024-09-09	13:43:46	1725882226.056288	-43120.993392	-0.044311	-0.174143	-141.291016	249.277989	-196.145904	249.618761	218.754622	183.302383	145.085305	221.854939	-91.972551	162.099354	138.136557	161.328105	-832.859009	57.009993	493.442475	48.858751	-245.298652	0.147175	411.446977	0.250691	-195.504000	0.000000	-33.858902	9.256473	-384.624000	0.000000	-1.976000	0.000000	65.896000	0.000000	123.875000	0.000000	-195.267000	0.000000	66.843000	0.000000	-115.378000	0.000000	-98.042000	0.000000	-51.739000	0.000000	-341.974000	0.000000	-119.067000	0.000000	81.684000	0.000000

2024-09-09	13:43:47	1725882227.056711	-43119.992969	-0.044311	-0.160902	-189.988630	323.435879	-163.754615	262.085351	156.577079	115.427967	172.656208	115.373552	-126.268666	166.342338	146.734516	124.601073	-764.694450	79.472786	428.744716	60.155800	-245.039228	0.157407	411.373125	0.359470	-195.504000	0.000000	-27.926000	6.479313	-384.624000	0.000000	-1.976000	0.000000	65.896000	0.000000	123.875000	0.000000	-195.267000	0.000000	66.843000	0.000000	-115.378000	0.000000	-98.042000	0.000000	-51.739000	0.000000	-341.974000	0.000000	-119.067000	0.000000	81.684000	0.000000

2024-09-09	13:43:48	1725882228.056135	-43118.993545	-0.044311	-0.160902	-105.196808	214.399280	-226.949022	223.526122	197.732126	97.273180	151.686006	137.726519	-85.834946	93.849165	127.063903	81.913698	-781.150470	52.570320	452.076427	50.608136	-245.134852	0.323226	411.530934	0.180451	-195.504000	0.000000	-20.213153	8.744828	-384.624000	0.000000	-1.976000	0.000000	65.896000	0.000000	123.875000	0.000000	-195.267000	0.000000	66.843000	0.000000	-115.378000	0.000000	-98.042000	0.000000	-51.739000	0.000000	-341.974000	0.000000	-119.067000	0.000000	81.684000	0.000000

2024-09-09	13:43:49	1725882229.056558	-43117.993122	-0.044311	-0.160902	-40.439970	126.057660	-304.826901	133.087626	83.511261	55.786580	277.229978	42.858226	-130.771183	145.067848	166.157149	155.345783	-743.920475	22.431369	405.573882	28.596170	-245.286324	0.152653	411.236155	0.212377	-195.504000	0.000000	-18.266917	9.351865	-384.624000	0.000000	-1.976000	0.000000	65.896000	0.000000	123.875000	0.000000	-195.267000	0.000000	66.843000	0.000000	-115.378000	0.000000	-98.042000	0.000000	-51.739000	0.000000	-341.974000	0.000000	-119.067000	0.000000	81.684000	0.000000

2024-09-09	13:43:50	1725882230.055998	-43116.993681	-0.044311	-0.160902	-211.279111	158.570219	-127.545704	153.908432	214.878139	84.427930	141.989639	117.692539	-108.572800	76.892837	149.093296	97.476892	-802.598995	56.169774	465.834327	43.284905	-245.529078	0.229094	411.177859	0.173468	-195.504000	0.000000	-15.878962	8.962902	-384.624000	0.000000	-1.976000	0.000000	65.896000	0.000000	123.875000	0.000000	-195.267000	0.000000	66.843000	0.000000	-115.378000	0.000000	-98.042000	0.000000	-51.739000	0.000000	-341.974000	0.000000	-119.067000	0.000000	81.684000	0.000000

2024-09-09	13:43:51	1725882231.056404	-43115.993276	-0.044311	-0.160902	-175.379556	179.145003	-168.070895	160.995315	178.285122	134.620942	166.272854	141.638722	-102.770257	48.223059	134.487199	58.969845	-796.583625	39.642185	460.326362	43.703631	-245.605360	0.162193	411.260615	0.179699	-195.504000	0.000000	-5.155187	10.115754	-384.624000	0.000000	-1.976000	0.000000	65.896000	0.000000	123.875000	0.000000	-195.267000	0.000000	66.843000	0.000000	-115.378000	0.000000	-98.042000	0.000000	-51.739000	0.000000	-341.974000	0.000000	-119.067000	0.000000	81.684000	0.000000

2024-09-09	13:43:52	1725882232.057826	-43114.991854	-0.044311	-0.160902	-84.689343	129.273018	-263.538705	118.520425	221.654211	209.098284	122.773106	243.786691	-111.822297	65.410866	143.360768	60.249118	-808.637251	28.783660	470.275073	33.480043	-245.159118	0.205591	411.319409	0.171676	-195.504000	0.000000	-24.530777	7.757761	-384.624000	0.000000	-1.976000	0.000000	65.896000	0.000000	123.875000	0.000000	-195.267000	0.000000	66.843000	0.000000	-115.378000	0.000000	-98.042000	0.000000	-51.739000	0.000000	-341.974000	0.000000	-119.067000	0.000000	81.684000	0.000000

2024-09-09	13:43:53	1725882233.057249	-43113.992431	-0.044311	-0.160902	-213.499763	127.437296	-140.648956	151.427303	145.387786	150.750401	207.418308	163.373167	-84.878831	122.298996	116.428573	90.129033	-776.322043	83.731604	436.182425	75.896971	-245.389207	0.193808	411.484094	0.314919	-195.504000	0.000000	-25.299228	9.734338	-384.624000	0.000000	-1.976000	0.000000	65.896000	0.000000	123.875000	0.000000	-195.267000	0.000000	66.843000	0.000000	-115.378000	0.000000	-98.042000	0.000000	-51.739000	0.000000	-341.974000	0.000000	-119.067000	0.000000	81.684000	0.000000

2024-09-09	13:43:54	1725882234.057672	-43112.992007	-0.044311	-0.160902	-108.941340	141.676209	-252.534574	144.787045	235.770582	87.755838	85.464733	125.832661	-137.678037	139.292792	163.388386	100.702012	-745.457309	79.039857	407.575371	86.627904	-245.359646	0.228813	411.817075	0.180732	-195.504000	0.000000	-20.766104	12.653939	-384.624000	0.000000	-1.976000	0.000000	65.896000	0.000000	123.875000	0.000000	-195.267000	0.000000	66.843000	0.000000	-115.378000	0.000000	-98.042000	0.000000	-51.739000	0.000000	-341.974000	0.000000	-119.067000	0.000000	81.684000	0.000000

2024-09-09	13:43:55	1725882235.057113	-43111.992567	-0.044311	-0.160902	-2.331807	273.822516	-326.110342	245.883368	164.812484	132.984776	214.224292	156.334609	-103.948509	122.226083	154.800606	139.313190	-806.946548	53.581369	476.839643	48.715205	-245.316194	0.214714	411.676640	0.144118	-195.504000	0.000000	-26.117383	5.843894	-384.624000	0.000000	-1.976000	0.000000	65.896000	0.000000	123.875000	0.000000	-195.267000	0.000000	66.843000	0.000000	-115.378000	0.000000	-98.042000	0.000000	-51.739000	0.000000	-341.974000	0.000000	-119.067000	0.000000	81.684000	0.000000

2024-09-09	13:43:56	1725882236.057536	-43110.992144	-0.044311	-0.160902	-191.277502	260.457335	-163.016776	260.801568	237.198999	205.837402	96.128222	191.903793	-168.369949	91.057629	200.145951	110.723203	-813.411772	57.209686	465.194895	50.723116	-245.416134	0.189065	411.753856	0.212311	-195.504000	0.000000	-21.991107	7.254689	-384.624000	0.000000	-1.976000	0.000000	65.896000	0.000000	123.875000	0.000000	-195.267000	0.000000	66.843000	0.000000	-115.378000	0.000000	-98.042000	0.000000	-51.739000	0.000000	-341.974000	0.000000	-119.067000	0.000000	81.684000	0.000000

2024-09-09	13:43:57	1725882237.056942	-43109.992738	-0.044311	-0.160902	-34.330682	144.556587	-308.872015	132.636141	114.431863	83.346932	235.078162	112.638704	-125.702949	143.516544	161.971948	135.828945	-803.139014	48.607956	467.564364	39.016262	-245.425153	0.212905	412.035057	0.140233	-195.504000	0.000000	-27.029956	11.709784	-384.624000	0.000000	-1.976000	0.000000	65.896000	0.000000	123.875000	0.000000	-195.267000	0.000000	66.843000	0.000000	-115.378000	0.000000	-98.042000	0.000000	-51.739000	0.000000	-341.974000	0.000000	-119.067000	0.000000	81.684000	0.000000

2024-09-09	13:43:58	1725882238.057364	-43108.992315	-0.044311	-0.160902	-108.598630	133.843086	-243.037413	150.398525	117.489245	386.260563	232.815325	374.808113	-38.104539	112.837572	67.031127	108.477920	-745.919292	74.316920	412.228447	70.751448	-245.641518	0.181707	411.644695	0.242542	-195.504000	0.000000	-17.989041	8.188999	-384.624000	0.000000	-1.976000	0.000000	65.896000	0.000000	123.875000	0.000000	-195.267000	0.000000	66.843000	0.000000	-115.378000	0.000000	-98.042000	0.000000	-51.739000	0.000000	-341.974000	0.000000	-119.067000	0.000000	81.684000	0.000000

2024-09-09	13:43:59	1725882239.058786	-43107.990893	-0.044311	-0.160902	-151.350076	153.694014	-188.533414	161.022939	221.234626	103.459506	139.210764	109.363314	-109.827172	91.463886	152.506183	76.512204	-823.401252	83.016382	482.677410	73.360071	-245.355272	0.346283	411.579690	0.142301	-195.504000	0.000000	-26.136028	6.871924	-384.624000	0.000000	-1.976000	0.000000	65.896000	0.000000	123.875000	0.000000	-195.267000	0.000000	66.843000	0.000000	-115.378000	0.000000	-98.042000	0.000000	-51.739000	0.000000	-341.974000	0.000000	-119.067000	0.000000	81.684000	0.000000

2024-09-09	13:44:00	1725882240.058210	-43106.991470	-0.044311	-0.160902	-158.960591	171.713997	-168.562371	151.739367	218.021127	55.819309	141.737657	113.211782	-157.226184	86.776588	193.272895	103.586209	-748.137890	60.303155	416.955486	57.753970	-245.203339	0.232881	411.671989	0.188732	-195.504000	0.000000	-21.391645	10.361875	-384.624000	0.000000	-1.976000	0.000000	65.896000	0.000000	123.875000	0.000000	-195.267000	0.000000	66.843000	0.000000	-115.378000	0.000000	-98.042000	0.000000	-51.739000	0.000000	-341.974000	0.000000	-119.067000	0.000000	81.684000	0.000000

2024-09-09	13:44:01	1725882241.058633	-43105.991047	-0.044311	-0.160902	-275.896941	125.310089	-69.412465	178.451378	187.606491	177.912742	139.989540	237.631011	-108.079030	88.845837	141.018351	76.779132	-737.777075	74.342804	407.110917	64.996035	-245.476829	0.213129	411.456610	0.171901	-195.504000	0.000000	-26.713314	10.004489	-384.624000	0.000000	-1.976000	0.000000	65.896000	0.000000	123.875000	0.000000	-195.267000	0.000000	66.843000	0.000000	-115.378000	0.000000	-98.042000	0.000000	-51.739000	0.000000	-341.974000	0.000000	-119.067000	0.000000	81.684000	0.000000

2024-09-09	13:44:02	1725882242.058055	-43104.991624	-0.044311	-0.134420	-194.529080	244.906650	-147.082372	228.255924	248.666392	92.335684	94.713047	63.771868	-118.346535	118.326926	150.518821	116.159850	-785.908364	94.960018	456.367592	95.743468	-245.406632	0.157825	411.538131	0.134536	-195.504000	0.000000	-17.626592	8.922335	-384.624000	0.000000	-1.976000	0.000000	65.896000	0.000000	123.875000	0.000000	-195.267000	0.000000	66.843000	0.000000	-115.378000	0.000000	-98.042000	0.000000	-51.739000	0.000000	-341.974000	0.000000	-119.067000	0.000000	81.684000	0.000000

2024-09-09	13:44:03	1725882243.058479	-43103.991200	-0.044311	-0.134420	-128.616663	300.199919	-225.343944	343.022221	104.575169	114.507745	249.757865	93.808027	-89.887915	71.287549	112.233450	58.329321	-797.020309	64.991868	460.433044	55.001892	-245.501716	0.119747	411.420836	0.146477	-195.504000	0.000000	-14.152648	7.443238	-384.624000	0.000000	-1.976000	0.000000	65.896000	0.000000	123.875000	0.000000	-195.267000	0.000000	66.843000	0.000000	-115.378000	0.000000	-98.042000	0.000000	-51.739000	0.000000	-341.974000	0.000000	-119.067000	0.000000	81.684000	0.000000

2024-09-09	13:44:04	1725882244.057902	-43102.991777	-0.044311	-0.134420	-199.622160	173.759390	-121.142916	139.556529	271.376717	178.342437	105.066274	170.937589	-140.782203	100.220655	188.229770	117.680164	-759.714645	27.793667	429.081470	25.836039	-245.410281	0.285213	411.507468	0.197842	-195.504000	0.000000	-31.947246	14.791347	-384.624000	0.000000	-1.976000	0.000000	65.896000	0.000000	123.875000	0.000000	-195.267000	0.000000	66.843000	0.000000	-115.378000	0.000000	-98.042000	0.000000	-51.739000	0.000000	-341.974000	0.000000	-119.067000	0.000000	81.684000	0.000000

2024-09-09	13:44:05	1725882245.058328	-43101.991352	-0.044311	-0.134420	-33.870747	150.906976	-321.021871	130.125413	203.850244	95.849115	124.739133	115.726083	-165.408504	105.076960	195.032991	103.009970	-759.728471	37.625102	423.113528	36.763279	-245.833059	0.243957	411.635422	0.410768	-195.504000	0.000000	-15.269641	10.436415	-384.624000	0.000000	-1.976000	0.000000	65.896000	0.000000	123.875000	0.000000	-195.267000	0.000000	66.843000	0.000000	-115.378000	0.000000	-98.042000	0.000000	-51.739000	0.000000	-341.974000	0.000000	-119.067000	0.000000	81.684000	0.000000

2024-09-09	13:44:06	1725882246.059749	-43100.989931	-0.044311	-0.134420	-134.256077	187.015255	-211.621344	196.980661	90.574672	106.875524	257.273471	131.903642	-87.135800	53.555318	124.165023	54.453385	-807.607064	90.865610	465.876257	90.835425	-245.969925	0.126506	411.661741	0.357336	-195.504000	0.000000	-25.401464	11.956593	-384.624000	0.000000	-1.976000	0.000000	65.896000	0.000000	123.875000	0.000000	-195.267000	0.000000	66.843000	0.000000	-115.378000	0.000000	-98.042000	0.000000	-51.739000	0.000000	-341.974000	0.000000	-119.067000	0.000000	81.684000	0.000000

2024-09-09	13:44:07	1725882247.059173	-43099.990507	-0.044311	-0.134420	-383.420714	194.760867	28.190187	214.576805	172.029290	99.184222	166.611867	170.213109	-165.698976	112.787309	199.293474	109.818748	-804.950527	60.639538	460.158663	54.256979	-245.654760	0.265108	411.761160	0.309480	-195.504000	0.000000	-25.137131	7.580018	-384.624000	0.000000	-1.976000	0.000000	65.896000	0.000000	123.875000	0.000000	-195.267000	0.000000	66.843000	0.000000	-115.378000	0.000000	-98.042000	0.000000	-51.739000	0.000000	-341.974000	0.000000	-119.067000	0.000000	81.684000	0.000000

2024-09-09	13:44:08	1725882248.059596	-43098.990084	-0.044311	-0.134420	26.983611	126.297062	-385.871068	131.108394	176.724661	112.429312	168.310726	92.469387	-98.104722	171.605340	131.541073	153.453699	-823.896815	131.537751	480.271199	128.046773	-245.427398	0.268603	411.904657	0.200533	-195.504000	0.000000	-21.931831	9.589995	-384.624000	0.000000	-1.976000	0.000000	65.896000	0.000000	123.875000	0.000000	-195.267000	0.000000	66.843000	0.000000	-115.378000	0.000000	-98.042000	0.000000	-51.739000	0.000000	-341.974000	0.000000	-119.067000	0.000000	81.684000	0.000000

2024-09-09	13:44:09	1725882249.059019	-43097.990661	-0.044311	-0.134420	-346.040863	147.224399	24.312893	121.947125	182.692257	174.880974	181.374225	180.596324	-119.734002	61.372018	155.988987	49.075241	-815.245704	90.949141	479.886770	82.577596	-245.243273	0.192356	412.022212	0.135681	-195.504000	0.000000	-16.313007	7.949448	-384.624000	0.000000	-1.976000	0.000000	65.896000	0.000000	123.875000	0.000000	-195.267000	0.000000	66.843000	0.000000	-115.378000	0.000000	-98.042000	0.000000	-51.739000	0.000000	-341.974000	0.000000	-119.067000	0.000000	81.684000	0.000000

2024-09-09	13:44:10	1725882250.059443	-43096.990237	-0.044311	-0.147661	-125.168220	141.645032	-236.448817	146.160978	270.298880	86.271674	55.068866	77.109765	-142.898016	107.587224	165.952099	84.801197	-767.005641	54.029390	427.019156	57.805882	-245.291615	0.139792	411.516309	0.198478	-195.504000	0.000000	-20.611013	10.088029	-384.624000	0.000000	-1.976000	0.000000	65.896000	0.000000	123.875000	0.000000	-195.267000	0.000000	66.843000	0.000000	-115.378000	0.000000	-98.042000	0.000000	-51.739000	0.000000	-341.974000	0.000000	-119.067000	0.000000	81.684000	0.000000

2024-09-09	13:44:11	1725882251.058865	-43095.990815	-0.044311	-0.147661	-210.135058	143.613143	-129.494402	168.549438	129.190468	147.702119	227.869203	154.193305	-25.028846	48.663339	68.659898	57.912859	-761.659096	55.986051	423.491818	47.032302	-245.356254	0.321885	411.573400	0.168713	-195.504000	0.000000	-15.910598	8.071181	-384.624000	0.000000	-1.976000	0.000000	65.896000	0.000000	123.875000	0.000000	-195.267000	0.000000	66.843000	0.000000	-115.378000	0.000000	-98.042000	0.000000	-51.739000	0.000000	-341.974000	0.000000	-119.067000	0.000000	81.684000	0.000000

2024-09-09	13:44:12	1725882252.059288	-43094.990392	-0.044311	-0.147661	-82.709004	186.162480	-270.164646	186.626632	247.005579	127.999080	92.745980	160.280071	-120.405010	112.324737	153.063967	93.851886	-807.569677	48.761219	458.538381	38.165046	-245.169465	0.302321	411.920374	0.203332	-195.504000	0.000000	-23.374628	10.912600	-384.624000	0.000000	-1.976000	0.000000	65.896000	0.000000	123.875000	0.000000	-195.267000	0.000000	66.843000	0.000000	-115.378000	0.000000	-98.042000	0.000000	-51.739000	0.000000	-341.974000	0.000000	-119.067000	0.000000	81.684000	0.000000

2024-09-09	13:44:13	1725882253.060723	-43093.988957	-0.044311	-0.147661	-239.296373	136.968909	-109.543414	163.856890	125.418343	242.739996	223.427788	204.582604	-235.657676	170.418709	263.473455	141.334358	-855.189498	47.119908	513.492686	39.134783	-245.348575	0.121505	411.441151	0.182136	-195.504000	0.000000	-26.779037	10.604385	-384.624000	0.000000	-1.976000	0.000000	65.896000	0.000000	123.875000	0.000000	-195.267000	0.000000	66.843000	0.000000	-115.378000	0.000000	-98.042000	0.000000	-51.739000	0.000000	-341.974000	0.000000	-119.067000	0.000000	81.684000	0.000000

