Date/C:Time:TimeStamp/D:time:VMeas:IMeas:I_00:DI_00:I_01:DI_01:I_02:DI_02:I_03:DI_03:I_04:DI_04:I_05:DI_05:I_06:DI_06:I_07:DI_07:I_08:DI_08:I_09:DI_09:I_10:DI_10:I_11:DI_11:I_12:DI_12:I_13:DI_13:I_14:DI_14:I_15:DI_15:I_16:DI_16:I_17:DI_17:I_18:DI_18:I_19:DI_19:I_20:DI_20:I_21:DI_21:I_22:DI_22:I_23:DI_23
2024-08-26	12:24:31	1724667871.359980	-43200.000000	-0.044311	-0.194003	-105.013205	162.599498	-216.924733	140.059346	234.248856	195.196559	74.551448	239.147255	-138.325999	89.159407	-39.366447	83.068628	-525.229255	31.135167	449.822189	25.898008	-242.463935	0.167440	416.885442	0.193805	-195.504000	0.000000	2.596802	11.132293	-384.624000	0.000000	-1.976000	0.000000	65.896000	0.000000	123.875000	0.000000	-195.267000	0.000000	66.843000	0.000000	-115.378000	0.000000	-98.042000	0.000000	-51.739000	0.000000	-341.974000	0.000000	-119.067000	0.000000	81.684000	0.000000

2024-08-26	12:24:32	1724667872.359395	-43199.000585	-0.044311	-0.194003	-240.710007	276.216085	-73.548069	268.044589	147.445408	178.389167	188.857126	215.542211	-199.021363	90.130220	19.060726	94.169612	-519.255287	37.434242	450.594936	41.241803	-242.427207	0.197909	416.677957	0.304441	-195.504000	0.000000	2.887036	8.384223	-384.624000	0.000000	-1.976000	0.000000	65.896000	0.000000	123.875000	0.000000	-195.267000	0.000000	66.843000	0.000000	-115.378000	0.000000	-98.042000	0.000000	-51.739000	0.000000	-341.974000	0.000000	-119.067000	0.000000	81.684000	0.000000

2024-08-26	12:24:33	1724667873.359827	-43198.000153	-0.044311	-0.194003	-113.697616	231.665049	-188.145486	241.753128	231.197915	241.612425	116.817229	304.211068	-200.632365	167.887419	34.060151	161.562273	-532.607930	59.142960	464.001481	57.950264	-242.099808	0.152576	416.593676	0.197662	-195.504000	0.000000	-5.616973	9.966419	-384.624000	0.000000	-1.976000	0.000000	65.896000	0.000000	123.875000	0.000000	-195.267000	0.000000	66.843000	0.000000	-115.378000	0.000000	-98.042000	0.000000	-51.739000	0.000000	-341.974000	0.000000	-119.067000	0.000000	81.684000	0.000000

2024-08-26	12:24:34	1724667874.359584	-43197.000395	-0.044311	-0.213862	-299.568211	255.177832	15.819136	204.216334	239.499969	92.737832	118.232983	110.114681	-182.975098	62.717296	16.547863	80.820995	-472.768053	49.575055	402.838202	39.766034	-242.201668	0.217451	416.314190	0.245443	-195.504000	0.000000	0.564517	7.015398	-384.624000	0.000000	-1.976000	0.000000	65.896000	0.000000	123.875000	0.000000	-195.267000	0.000000	66.843000	0.000000	-115.378000	0.000000	-98.042000	0.000000	-51.739000	0.000000	-341.974000	0.000000	-119.067000	0.000000	81.684000	0.000000

2024-08-26	12:24:35	1724667875.359979	-43196.000001	-0.044311	-0.213862	-12.971778	214.866341	-313.740498	255.817191	174.988435	124.882037	160.638289	138.084054	-123.426832	136.162247	-66.574964	86.455591	-503.101564	42.959899	434.854562	39.517040	-242.429663	0.145982	416.690708	0.260807	-195.504000	0.000000	-6.162838	5.957085	-384.624000	0.000000	-1.976000	0.000000	65.896000	0.000000	123.875000	0.000000	-195.267000	0.000000	66.843000	0.000000	-115.378000	0.000000	-98.042000	0.000000	-51.739000	0.000000	-341.974000	0.000000	-119.067000	0.000000	81.684000	0.000000

2024-08-26	12:24:36	1724667876.359393	-43195.000587	-0.044311	-0.213862	-123.856179	156.467867	-202.668564	129.006890	102.790876	84.381046	228.130670	129.613890	-179.294671	189.937317	-11.106008	139.003633	-508.908065	79.590168	439.580513	71.935403	-241.959055	0.211425	416.519291	0.171413	-195.504000	0.000000	1.464057	8.915728	-384.624000	0.000000	-1.976000	0.000000	65.896000	0.000000	123.875000	0.000000	-195.267000	0.000000	66.843000	0.000000	-115.378000	0.000000	-98.042000	0.000000	-51.739000	0.000000	-341.974000	0.000000	-119.067000	0.000000	81.684000	0.000000

2024-08-26	12:24:37	1724667877.359808	-43194.000172	-0.044311	-0.213862	1.592113	114.730004	-308.694475	144.783227	139.048655	94.367359	230.011435	182.658080	-201.633715	102.275806	37.569995	121.898268	-488.248424	48.886688	424.276894	42.026790	-242.436848	0.171276	417.009509	0.131929	-195.504000	0.000000	-1.970388	10.811667	-384.624000	0.000000	-1.976000	0.000000	65.896000	0.000000	123.875000	0.000000	-195.267000	0.000000	66.843000	0.000000	-115.378000	0.000000	-98.042000	0.000000	-51.739000	0.000000	-341.974000	0.000000	-119.067000	0.000000	81.684000	0.000000

2024-08-26	12:24:38	1724667878.359227	-43193.000753	-0.044311	-0.213862	-254.463938	108.425758	-58.301340	118.833571	236.560093	211.338026	75.026372	256.028944	-92.061992	153.273190	-97.554412	131.313265	-551.384586	57.069592	480.425036	51.154292	-242.341404	0.223996	416.996590	0.158850	-195.504000	0.000000	1.984812	7.328634	-384.624000	0.000000	-1.976000	0.000000	65.896000	0.000000	123.875000	0.000000	-195.267000	0.000000	66.843000	0.000000	-115.378000	0.000000	-98.042000	0.000000	-51.739000	0.000000	-341.974000	0.000000	-119.067000	0.000000	81.684000	0.000000

2024-08-26	12:24:39	1724667879.358951	-43192.001029	-0.044311	-0.213862	-326.563102	78.187743	13.364856	99.997502	207.488909	134.175330	128.571448	116.681922	-276.614112	163.093613	84.304838	161.758085	-508.519548	46.142538	438.856673	43.516154	-242.562626	0.148680	416.968906	0.159379	-195.504000	0.000000	2.729439	7.186946	-384.624000	0.000000	-1.976000	0.000000	65.896000	0.000000	123.875000	0.000000	-195.267000	0.000000	66.843000	0.000000	-115.378000	0.000000	-98.042000	0.000000	-51.739000	0.000000	-341.974000	0.000000	-119.067000	0.000000	81.684000	0.000000

2024-08-26	12:24:40	1724667880.359365	-43191.000614	-0.044311	-0.207240	50.473805	208.976796	-382.897464	190.464029	172.482657	75.519747	166.999230	160.321924	-188.738810	181.252608	9.191901	156.004160	-535.721360	51.289120	467.538888	54.227728	-242.525224	0.145435	416.559730	0.163773	-195.504000	0.000000	-10.678345	12.546825	-384.624000	0.000000	-1.976000	0.000000	65.896000	0.000000	123.875000	0.000000	-195.267000	0.000000	66.843000	0.000000	-115.378000	0.000000	-98.042000	0.000000	-51.739000	0.000000	-341.974000	0.000000	-119.067000	0.000000	81.684000	0.000000

2024-08-26	12:24:41	1724667881.359780	-43190.000200	-0.044311	-0.207240	-106.547934	153.979733	-224.861029	154.033517	134.074042	258.522773	199.308853	248.010769	-198.908245	170.506118	-2.249198	127.444848	-539.578319	70.980052	466.985844	75.319133	-242.534554	0.227428	416.323446	0.210978	-195.504000	0.000000	-7.592036	8.525203	-384.624000	0.000000	-1.976000	0.000000	65.896000	0.000000	123.875000	0.000000	-195.267000	0.000000	66.843000	0.000000	-115.378000	0.000000	-98.042000	0.000000	-51.739000	0.000000	-341.974000	0.000000	-119.067000	0.000000	81.684000	0.000000

2024-08-26	12:24:42	1724667882.359213	-43189.000766	-0.044311	-0.207240	-123.062615	115.803704	-183.228177	96.420040	289.421180	188.529243	47.727421	162.823875	-151.769626	159.452759	-7.696678	124.097115	-518.357730	21.370961	450.031860	29.121920	-242.441066	0.202789	416.259649	0.231242	-195.504000	0.000000	-6.299139	8.260061	-384.624000	0.000000	-1.976000	0.000000	65.896000	0.000000	123.875000	0.000000	-195.267000	0.000000	66.843000	0.000000	-115.378000	0.000000	-98.042000	0.000000	-51.739000	0.000000	-341.974000	0.000000	-119.067000	0.000000	81.684000	0.000000

2024-08-26	12:24:43	1724667883.359611	-43188.000369	-0.044311	-0.207240	-326.977283	294.952974	22.090457	308.720580	300.851945	322.789325	73.078283	322.078227	-205.645359	127.505163	23.210542	92.094269	-488.861509	45.036563	420.151570	43.256040	-242.236682	0.260522	416.851476	0.174569	-195.504000	0.000000	-3.269099	6.096695	-384.624000	0.000000	-1.976000	0.000000	65.896000	0.000000	123.875000	0.000000	-195.267000	0.000000	66.843000	0.000000	-115.378000	0.000000	-98.042000	0.000000	-51.739000	0.000000	-341.974000	0.000000	-119.067000	0.000000	81.684000	0.000000

2024-08-26	12:24:44	1724667884.360491	-43186.999489	-0.044311	-0.207240	-86.898256	27.524012	-240.289096	77.135134	82.798083	197.219991	208.278112	237.950192	-180.727898	134.844049	-12.134791	90.598561	-532.230533	66.817435	458.962066	69.348740	-242.400103	0.213676	416.756632	0.223978	-195.504000	0.000000	-2.667880	4.539907	-384.624000	0.000000	-1.976000	0.000000	65.896000	0.000000	123.875000	0.000000	-195.267000	0.000000	66.843000	0.000000	-115.378000	0.000000	-98.042000	0.000000	-51.739000	0.000000	-341.974000	0.000000	-119.067000	0.000000	81.684000	0.000000

2024-08-26	12:24:45	1724667885.360468	-43185.999512	-0.044311	-0.200625	21.374901	330.419816	-325.506349	347.234433	180.646141	207.526127	188.917812	196.369696	-159.177255	92.422845	-3.683073	79.636605	-502.500066	47.157877	435.386830	50.331395	-242.616170	0.291684	416.477054	0.351804	-195.504000	0.000000	-1.830712	10.334615	-384.624000	0.000000	-1.976000	0.000000	65.896000	0.000000	123.875000	0.000000	-195.267000	0.000000	66.843000	0.000000	-115.378000	0.000000	-98.042000	0.000000	-51.739000	0.000000	-341.974000	0.000000	-119.067000	0.000000	81.684000	0.000000

2024-08-26	12:24:46	1724667886.359901	-43185.000079	-0.044311	-0.200625	-261.730887	352.553108	-51.710915	341.192364	171.449556	84.049314	155.958278	147.719529	-130.521000	210.382417	-47.288932	180.778486	-515.783828	87.243759	448.357836	84.260967	-242.756136	0.198533	416.191686	0.119414	-195.504000	0.000000	-2.317537	6.187813	-384.624000	0.000000	-1.976000	0.000000	65.896000	0.000000	123.875000	0.000000	-195.267000	0.000000	66.843000	0.000000	-115.378000	0.000000	-98.042000	0.000000	-51.739000	0.000000	-341.974000	0.000000	-119.067000	0.000000	81.684000	0.000000

2024-08-26	12:24:47	1724667887.360316	-43183.999664	-0.044311	-0.200625	-52.560904	161.941157	-260.714453	164.876491	177.167655	241.714222	163.232697	162.689765	-281.878983	174.339840	96.884454	120.526544	-510.628929	22.657040	438.677208	17.380431	-242.886521	0.316366	416.328830	0.292892	-195.504000	0.000000	-7.734575	8.340321	-384.624000	0.000000	-1.976000	0.000000	65.896000	0.000000	123.875000	0.000000	-195.267000	0.000000	66.843000	0.000000	-115.378000	0.000000	-98.042000	0.000000	-51.739000	0.000000	-341.974000	0.000000	-119.067000	0.000000	81.684000	0.000000

2024-08-26	12:24:48	1724667888.360712	-43182.999268	-0.044311	-0.200625	-8.138896	292.131183	-296.439265	300.163549	325.110766	213.827880	33.451681	175.406479	-81.260292	217.029090	-90.433027	181.807746	-510.372861	30.099063	441.069945	35.380286	-242.715029	0.180293	416.349198	0.159618	-195.504000	0.000000	1.981238	7.838366	-384.624000	0.000000	-1.976000	0.000000	65.896000	0.000000	123.875000	0.000000	-195.267000	0.000000	66.843000	0.000000	-115.378000	0.000000	-98.042000	0.000000	-51.739000	0.000000	-341.974000	0.000000	-119.067000	0.000000	81.684000	0.000000

2024-08-26	12:24:49	1724667889.360127	-43181.999852	-0.044311	-0.200625	-183.917135	143.699482	-134.428195	140.638092	127.893932	106.257155	192.451097	92.976620	-191.208736	89.348420	2.154080	74.862590	-518.651105	44.019034	447.171292	47.289300	-242.723655	0.267265	416.820891	0.283939	-195.504000	0.000000	4.457217	6.866398	-384.624000	0.000000	-1.976000	0.000000	65.896000	0.000000	123.875000	0.000000	-195.267000	0.000000	66.843000	0.000000	-115.378000	0.000000	-98.042000	0.000000	-51.739000	0.000000	-341.974000	0.000000	-119.067000	0.000000	81.684000	0.000000

2024-08-26	12:24:50	1724667890.360599	-43180.999381	-0.044311	-0.200625	-135.118543	138.131284	-182.693861	104.226681	175.847791	109.499232	166.956905	149.792416	-161.312774	125.213346	-12.887475	106.011426	-525.800099	92.754311	461.767122	78.276674	-242.585077	0.183519	416.780925	0.236985	-195.504000	0.000000	-4.926792	7.420089	-384.624000	0.000000	-1.976000	0.000000	65.896000	0.000000	123.875000	0.000000	-195.267000	0.000000	66.843000	0.000000	-115.378000	0.000000	-98.042000	0.000000	-51.739000	0.000000	-341.974000	0.000000	-119.067000	0.000000	81.684000	0.000000

2024-08-26	12:24:51	1724667891.360013	-43179.999966	-0.044311	-0.187380	-185.251575	274.002668	-135.822236	287.946717	165.214750	111.001770	180.425260	131.517643	-206.076295	183.514706	19.597217	183.409034	-544.608742	110.735577	472.909388	110.120702	-242.494315	0.230911	416.557849	0.218119	-195.504000	0.000000	-0.871475	12.224828	-384.624000	0.000000	-1.976000	0.000000	65.896000	0.000000	123.875000	0.000000	-195.267000	0.000000	66.843000	0.000000	-115.378000	0.000000	-98.042000	0.000000	-51.739000	0.000000	-341.974000	0.000000	-119.067000	0.000000	81.684000	0.000000

2024-08-26	12:24:52	1724667892.360428	-43178.999552	-0.044311	-0.187380	-129.419116	211.773215	-164.869680	243.912566	209.416285	185.507099	138.363308	176.563436	-146.594445	81.807766	-28.303393	67.591450	-505.056428	28.891231	438.666169	28.081471	-242.850765	0.178808	416.771470	0.216021	-195.504000	0.000000	-12.139993	6.847303	-384.624000	0.000000	-1.976000	0.000000	65.896000	0.000000	123.875000	0.000000	-195.267000	0.000000	66.843000	0.000000	-115.378000	0.000000	-98.042000	0.000000	-51.739000	0.000000	-341.974000	0.000000	-119.067000	0.000000	81.684000	0.000000

2024-08-26	12:24:53	1724667893.359843	-43178.000137	-0.044311	-0.187380	-229.476412	211.168441	-122.724139	256.188860	43.859374	213.885624	265.056665	219.791023	-179.534050	88.144508	-23.811507	129.840479	-542.655224	39.957564	469.791742	39.435217	-243.107102	0.255615	416.930186	0.142878	-195.504000	0.000000	-4.060519	7.608968	-384.624000	0.000000	-1.976000	0.000000	65.896000	0.000000	123.875000	0.000000	-195.267000	0.000000	66.843000	0.000000	-115.378000	0.000000	-98.042000	0.000000	-51.739000	0.000000	-341.974000	0.000000	-119.067000	0.000000	81.684000	0.000000

2024-08-26	12:24:54	1724667894.360258	-43176.999722	-0.044311	-0.187380	-137.136709	239.400536	-154.844342	282.621446	195.197049	69.819952	167.958698	138.894640	-155.641101	120.318141	-0.168229	126.513625	-480.787448	81.351870	410.343602	73.056481	-242.866581	0.289041	417.082792	0.253723	-195.504000	0.000000	-1.521485	11.645402	-384.624000	0.000000	-1.976000	0.000000	65.896000	0.000000	123.875000	0.000000	-195.267000	0.000000	66.843000	0.000000	-115.378000	0.000000	-98.042000	0.000000	-51.739000	0.000000	-341.974000	0.000000	-119.067000	0.000000	81.684000	0.000000

2024-08-26	12:24:55	1724667895.361729	-43175.998250	-0.044311	-0.187380	-28.886883	248.402843	-279.195762	244.653066	188.160367	102.338108	141.505962	144.433705	-265.397050	55.103475	68.052558	53.426523	-540.158754	66.389863	471.951865	75.041854	-242.725843	0.247991	416.907097	0.161111	-195.504000	0.000000	-7.719668	8.117816	-384.624000	0.000000	-1.976000	0.000000	65.896000	0.000000	123.875000	0.000000	-195.267000	0.000000	66.843000	0.000000	-115.378000	0.000000	-98.042000	0.000000	-51.739000	0.000000	-341.974000	0.000000	-119.067000	0.000000	81.684000	0.000000

2024-08-26	12:24:56	1724667896.361145	-43174.998835	-0.044311	-0.227103	-205.652798	285.881777	-96.471951	250.860911	91.890064	148.454994	279.136628	105.245467	-170.784589	73.966181	16.160303	83.882572	-506.996569	100.987996	439.946007	105.941671	-242.944916	0.129286	416.637241	0.175428	-195.504000	0.000000	6.113862	7.326797	-384.624000	0.000000	-1.976000	0.000000	65.896000	0.000000	123.875000	0.000000	-195.267000	0.000000	66.843000	0.000000	-115.378000	0.000000	-98.042000	0.000000	-51.739000	0.000000	-341.974000	0.000000	-119.067000	0.000000	81.684000	0.000000

2024-08-26	12:24:57	1724667897.361577	-43173.998403	-0.044311	-0.227103	-55.867022	153.069919	-290.519892	237.310090	255.781961	186.615245	35.880662	240.842736	-233.895991	153.778478	34.109038	127.799745	-514.817360	86.496652	443.201966	75.751855	-242.948983	0.214419	416.696319	0.185625	-195.504000	0.000000	-0.547910	8.146162	-384.624000	0.000000	-1.976000	0.000000	65.896000	0.000000	123.875000	0.000000	-195.267000	0.000000	66.843000	0.000000	-115.378000	0.000000	-98.042000	0.000000	-51.739000	0.000000	-341.974000	0.000000	-119.067000	0.000000	81.684000	0.000000

2024-08-26	12:24:58	1724667898.360974	-43172.999006	-0.044311	-0.227103	-39.362355	445.197649	-277.283455	417.285996	248.833775	204.366858	108.346100	164.698910	-147.245748	80.008879	-43.651074	84.894397	-528.190935	53.097574	459.815297	44.222340	-242.723869	0.174238	416.368289	0.195138	-195.504000	0.000000	-7.484292	6.393540	-384.624000	0.000000	-1.976000	0.000000	65.896000	0.000000	123.875000	0.000000	-195.267000	0.000000	66.843000	0.000000	-115.378000	0.000000	-98.042000	0.000000	-51.739000	0.000000	-341.974000	0.000000	-119.067000	0.000000	81.684000	0.000000

2024-08-26	12:24:59	1724667899.361389	-43171.998591	-0.044311	-0.227103	-72.508692	265.313793	-234.213031	291.265707	98.463416	153.664719	248.289072	107.253838	-143.441164	100.729037	-38.391784	89.480799	-517.631264	62.129756	447.017022	59.401168	-242.884228	0.136349	416.300081	0.200270	-195.504000	0.000000	-1.384773	8.332916	-384.624000	0.000000	-1.976000	0.000000	65.896000	0.000000	123.875000	0.000000	-195.267000	0.000000	66.843000	0.000000	-115.378000	0.000000	-98.042000	0.000000	-51.739000	0.000000	-341.974000	0.000000	-119.067000	0.000000	81.684000	0.000000

2024-08-26	12:25:00	1724667900.361107	-43170.998873	-0.044311	-0.227103	-158.886952	415.170422	-157.217988	390.874742	223.808768	148.645198	104.847513	151.709783	-173.558985	148.013732	0.236705	163.708542	-513.229011	48.682045	442.984392	37.452397	-242.747876	0.224484	416.673527	0.190076	-195.504000	0.000000	-0.895360	7.532912	-384.624000	0.000000	-1.976000	0.000000	65.896000	0.000000	123.875000	0.000000	-195.267000	0.000000	66.843000	0.000000	-115.378000	0.000000	-98.042000	0.000000	-51.739000	0.000000	-341.974000	0.000000	-119.067000	0.000000	81.684000	0.000000

2024-08-26	12:25:01	1724667901.361521	-43169.998458	-0.044311	-0.227103	-110.248507	110.350473	-200.188881	112.824707	224.597196	87.564197	122.128702	118.897449	-256.789709	83.548232	85.877243	71.819402	-522.576106	43.102663	453.781482	40.347008	-242.719546	0.149065	416.822276	0.166851	-195.504000	0.000000	4.121691	8.106861	-384.624000	0.000000	-1.976000	0.000000	65.896000	0.000000	123.875000	0.000000	-195.267000	0.000000	66.843000	0.000000	-115.378000	0.000000	-98.042000	0.000000	-51.739000	0.000000	-341.974000	0.000000	-119.067000	0.000000	81.684000	0.000000

2024-08-26	12:25:02	1724667902.360936	-43168.999043	-0.044311	-0.187380	-189.840091	152.043482	-137.032642	152.295130	224.088377	250.114740	77.721343	208.492950	-153.219481	101.464736	-41.402331	88.621070	-500.191542	27.379551	427.085538	23.389622	-242.598124	0.176968	416.826405	0.165088	-195.504000	0.000000	-3.453674	4.507387	-384.624000	0.000000	-1.976000	0.000000	65.896000	0.000000	123.875000	0.000000	-195.267000	0.000000	66.843000	0.000000	-115.378000	0.000000	-98.042000	0.000000	-51.739000	0.000000	-341.974000	0.000000	-119.067000	0.000000	81.684000	0.000000

2024-08-26	12:25:03	1724667903.361351	-43167.998629	-0.044311	-0.187380	-144.852287	87.935776	-150.278620	69.887385	218.271379	240.192592	155.724325	206.249301	-191.568259	209.015175	21.944279	217.047868	-507.590626	61.652170	444.211260	66.024327	-242.556166	0.206922	416.985561	0.155288	-195.504000	0.000000	-9.612591	7.168343	-384.624000	0.000000	-1.976000	0.000000	65.896000	0.000000	123.875000	0.000000	-195.267000	0.000000	66.843000	0.000000	-115.378000	0.000000	-98.042000	0.000000	-51.739000	0.000000	-341.974000	0.000000	-119.067000	0.000000	81.684000	0.000000

2024-08-26	12:25:04	1724667904.360766	-43166.999214	-0.044311	-0.187380	-95.564762	162.408839	-230.266049	171.133119	183.014082	180.082887	111.424736	144.696044	-185.673400	111.708541	1.161891	109.661780	-571.077401	130.493398	486.540126	117.163455	-242.921451	0.166735	416.927797	0.097284	-195.504000	0.000000	1.683819	7.881307	-384.624000	0.000000	-1.976000	0.000000	65.896000	0.000000	123.875000	0.000000	-195.267000	0.000000	66.843000	0.000000	-115.378000	0.000000	-98.042000	0.000000	-51.739000	0.000000	-341.974000	0.000000	-119.067000	0.000000	81.684000	0.000000

2024-08-26	12:25:05	1724667905.362204	-43165.997776	-0.044311	-0.187380	9.008803	119.616566	-309.037807	184.915624	290.605829	204.231467	79.066992	136.674552	-173.519045	227.428951	6.780205	272.888830	-487.777346	332.449768	430.659836	332.591960	-243.035554	0.260211	417.089232	0.210893	-195.504000	0.000000	-8.332719	8.069364	-384.624000	0.000000	-1.976000	0.000000	65.896000	0.000000	123.875000	0.000000	-195.267000	0.000000	66.843000	0.000000	-115.378000	0.000000	-98.042000	0.000000	-51.739000	0.000000	-341.974000	0.000000	-119.067000	0.000000	81.684000	0.000000

2024-08-26	12:25:06	1724667906.363618	-43164.996361	-0.044311	-0.187380	-376.347840	167.872140	40.255703	132.495107	208.638891	168.913859	106.698670	154.990303	-180.906258	77.073148	-14.401319	133.744332	-511.105615	106.240267	434.771309	105.812060	-242.596224	0.293208	416.947175	0.227019	-195.504000	0.000000	-1.054478	7.590659	-384.624000	0.000000	-1.976000	0.000000	65.896000	0.000000	123.875000	0.000000	-195.267000	0.000000	66.843000	0.000000	-115.378000	0.000000	-98.042000	0.000000	-51.739000	0.000000	-341.974000	0.000000	-119.067000	0.000000	81.684000	0.000000

2024-08-26	12:25:07	1724667907.363033	-43163.996946	-0.044311	-0.187380	-133.917013	82.966338	-161.005475	88.798796	55.572415	215.167931	313.424382	287.498046	-227.156025	57.741023	58.914296	74.685047	-446.054769	51.932249	381.051681	54.354023	-242.198945	0.113807	416.617657	0.298798	-195.504000	0.000000	3.791879	6.997854	-384.624000	0.000000	-1.976000	0.000000	65.896000	0.000000	123.875000	0.000000	-195.267000	0.000000	66.843000	0.000000	-115.378000	0.000000	-98.042000	0.000000	-51.739000	0.000000	-341.974000	0.000000	-119.067000	0.000000	81.684000	0.000000

2024-08-26	12:25:08	1724667908.363466	-43162.996514	-0.044311	-0.174143	-293.905455	170.311762	-31.492350	146.571829	96.352343	141.916563	267.593312	188.375877	-96.755868	88.424111	-79.556317	107.989608	-554.023912	68.841370	484.651398	71.573962	-242.497617	0.157175	416.835363	0.182774	-195.504000	0.000000	-4.109951	9.039952	-384.624000	0.000000	-1.976000	0.000000	65.896000	0.000000	123.875000	0.000000	-195.267000	0.000000	66.843000	0.000000	-115.378000	0.000000	-98.042000	0.000000	-51.739000	0.000000	-341.974000	0.000000	-119.067000	0.000000	81.684000	0.000000

2024-08-26	12:25:09	1724667909.362863	-43161.997117	-0.044311	-0.174143	-61.253866	274.585684	-246.996053	296.900929	167.997823	221.713815	169.354400	169.338147	-153.200576	103.390766	-23.702147	90.027861	-501.121353	50.750136	431.874796	50.281168	-242.393959	0.236508	416.563008	0.148076	-195.504000	0.000000	-4.317787	6.992760	-384.624000	0.000000	-1.976000	0.000000	65.896000	0.000000	123.875000	0.000000	-195.267000	0.000000	66.843000	0.000000	-115.378000	0.000000	-98.042000	0.000000	-51.739000	0.000000	-341.974000	0.000000	-119.067000	0.000000	81.684000	0.000000

2024-08-26	12:25:10	1724667910.363278	-43160.996701	-0.044311	-0.174143	-124.562023	201.983187	-187.720614	213.217986	233.270456	164.360026	95.640817	192.970083	-221.452290	88.840075	27.675014	86.854786	-550.324030	57.397109	481.559248	54.544056	-242.624816	0.234967	417.144302	0.289389	-195.504000	0.000000	-9.092879	5.311218	-384.624000	0.000000	-1.976000	0.000000	65.896000	0.000000	123.875000	0.000000	-195.267000	0.000000	66.843000	0.000000	-115.378000	0.000000	-98.042000	0.000000	-51.739000	0.000000	-341.974000	0.000000	-119.067000	0.000000	81.684000	0.000000

2024-08-26	12:25:11	1724667911.362854	-43159.997125	-0.044311	-0.174143	-166.158892	378.994972	-155.032835	393.031991	95.180958	181.415073	244.452719	172.901708	-184.774802	135.173711	-7.703365	135.913025	-539.411787	43.162340	471.387703	39.734056	-242.420618	0.238933	416.539733	0.273658	-195.504000	0.000000	-13.752554	8.720070	-384.624000	0.000000	-1.976000	0.000000	65.896000	0.000000	123.875000	0.000000	-195.267000	0.000000	66.843000	0.000000	-115.378000	0.000000	-98.042000	0.000000	-51.739000	0.000000	-341.974000	0.000000	-119.067000	0.000000	81.684000	0.000000

2024-08-26	12:25:12	1724667912.363269	-43158.996710	-0.044311	-0.174143	-26.082464	112.366958	-299.666891	106.805550	220.018394	111.579275	121.698065	123.141288	-180.615069	44.182269	-2.089506	46.094392	-540.504761	55.748341	471.730897	58.806269	-242.148886	0.195717	416.783451	0.238749	-195.504000	0.000000	-15.218204	12.549345	-384.624000	0.000000	-1.976000	0.000000	65.896000	0.000000	123.875000	0.000000	-195.267000	0.000000	66.843000	0.000000	-115.378000	0.000000	-98.042000	0.000000	-51.739000	0.000000	-341.974000	0.000000	-119.067000	0.000000	81.684000	0.000000

2024-08-26	12:25:13	1724667913.362685	-43157.997295	-0.044311	-0.213862	-92.068922	223.473975	-222.444265	215.990949	186.738741	170.067260	150.313717	176.086357	-137.190853	89.832797	-39.916192	77.135138	-511.185695	43.574686	440.817686	39.746313	-242.294351	0.271903	416.616152	0.310808	-195.504000	0.000000	2.210581	7.502668	-384.624000	0.000000	-1.976000	0.000000	65.896000	0.000000	123.875000	0.000000	-195.267000	0.000000	66.843000	0.000000	-115.378000	0.000000	-98.042000	0.000000	-51.739000	0.000000	-341.974000	0.000000	-119.067000	0.000000	81.684000	0.000000

2024-08-26	12:25:14	1724667914.363099	-43156.996881	-0.044311	-0.213862	-182.156483	243.151107	-132.904282	232.241434	301.365544	169.165394	49.296207	222.957240	-213.050509	151.297366	30.913416	115.530824	-534.566893	59.013139	467.007714	66.564229	-242.271396	0.205354	416.799518	0.148672	-195.504000	0.000000	-0.052881	12.637913	-384.624000	0.000000	-1.976000	0.000000	65.896000	0.000000	123.875000	0.000000	-195.267000	0.000000	66.843000	0.000000	-115.378000	0.000000	-98.042000	0.000000	-51.739000	0.000000	-341.974000	0.000000	-119.067000	0.000000	81.684000	0.000000

2024-08-26	12:25:15	1724667915.364512	-43155.995467	-0.044311	-0.213862	-131.270606	267.021874	-164.442386	287.433966	270.923503	235.408834	70.459859	171.412082	-174.482589	91.052427	-0.940955	67.972774	-499.319371	74.690312	428.902821	75.367904	-242.290788	0.235267	416.847641	0.141523	-195.504000	0.000000	-8.958957	9.134477	-384.624000	0.000000	-1.976000	0.000000	65.896000	0.000000	123.875000	0.000000	-195.267000	0.000000	66.843000	0.000000	-115.378000	0.000000	-98.042000	0.000000	-51.739000	0.000000	-341.974000	0.000000	-119.067000	0.000000	81.684000	0.000000

2024-08-26	12:25:16	1724667916.364128	-43154.995852	-0.044311	-0.213862	-346.030748	184.299235	25.423516	157.664494	142.919376	385.152165	162.011293	336.081840	-184.606755	159.445863	0.589847	164.284205	-539.310854	65.956432	467.023284	65.635464	-242.652042	0.208938	416.717186	0.253089	-195.504000	0.000000	2.758121	6.017114	-384.624000	0.000000	-1.976000	0.000000	65.896000	0.000000	123.875000	0.000000	-195.267000	0.000000	66.843000	0.000000	-115.378000	0.000000	-98.042000	0.000000	-51.739000	0.000000	-341.974000	0.000000	-119.067000	0.000000	81.684000	0.000000

2024-08-26	12:25:17	1724667917.363533	-43153.996447	-0.044311	-0.213862	-20.236817	320.127772	-291.936626	357.183492	156.760525	153.473919	212.119176	196.915432	-154.326331	64.526574	-16.009038	95.903141	-516.026961	37.130095	447.662091	31.130877	-242.201739	0.210678	417.015708	0.301052	-195.504000	0.000000	-6.278945	11.740730	-384.624000	0.000000	-1.976000	0.000000	65.896000	0.000000	123.875000	0.000000	-195.267000	0.000000	66.843000	0.000000	-115.378000	0.000000	-98.042000	0.000000	-51.739000	0.000000	-341.974000	0.000000	-119.067000	0.000000	81.684000	0.000000

2024-08-26	12:25:18	1724667918.363965	-43152.996015	-0.044311	-0.213862	-100.632513	193.873511	-208.567699	185.674000	134.738606	213.963323	212.783994	257.391521	-219.117696	115.463820	58.945202	106.008950	-491.672007	41.425328	420.821279	45.459357	-242.205690	0.224130	416.753940	0.176644	-195.504000	0.000000	-1.522483	8.602104	-384.624000	0.000000	-1.976000	0.000000	65.896000	0.000000	123.875000	0.000000	-195.267000	0.000000	66.843000	0.000000	-115.378000	0.000000	-98.042000	0.000000	-51.739000	0.000000	-341.974000	0.000000	-119.067000	0.000000	81.684000	0.000000

2024-08-26	12:25:19	1724667919.364362	-43151.995618	-0.044311	-0.194003	-176.497131	180.905509	-146.547959	146.185006	135.455198	88.870283	185.292780	121.420069	-135.066589	53.897030	-63.360754	67.745523	-486.047474	43.589774	419.715001	42.595990	-242.679144	0.208584	416.552588	0.106191	-195.504000	0.000000	-6.404277	11.013949	-384.624000	0.000000	-1.976000	0.000000	65.896000	0.000000	123.875000	0.000000	-195.267000	0.000000	66.843000	0.000000	-115.378000	0.000000	-98.042000	0.000000	-51.739000	0.000000	-341.974000	0.000000	-119.067000	0.000000	81.684000	0.000000

2024-08-26	12:25:20	1724667920.363777	-43150.996203	-0.044311	-0.194003	0.181735	224.358567	-301.088169	221.550181	143.234832	119.816586	207.284933	157.120377	-149.629533	177.213902	-20.433084	164.464024	-498.012464	77.455656	428.686698	71.080510	-242.902617	0.172673	416.806278	0.212605	-195.504000	0.000000	-2.521342	8.587673	-384.624000	0.000000	-1.976000	0.000000	65.896000	0.000000	123.875000	0.000000	-195.267000	0.000000	66.843000	0.000000	-115.378000	0.000000	-98.042000	0.000000	-51.739000	0.000000	-341.974000	0.000000	-119.067000	0.000000	81.684000	0.000000

2024-08-26	12:25:21	1724667921.363480	-43149.996500	-0.044311	-0.194003	-74.819475	194.476000	-242.719140	178.516777	309.062917	228.921711	10.485926	284.913753	-176.532762	106.331358	-8.025153	105.829551	-515.856816	26.598121	443.503358	26.562421	-242.605874	0.167503	416.673487	0.259698	-195.504000	0.000000	-4.028507	6.827900	-384.624000	0.000000	-1.976000	0.000000	65.896000	0.000000	123.875000	0.000000	-195.267000	0.000000	66.843000	0.000000	-115.378000	0.000000	-98.042000	0.000000	-51.739000	0.000000	-341.974000	0.000000	-119.067000	0.000000	81.684000	0.000000

2024-08-26	12:25:22	1724667922.363894	-43148.996085	-0.044311	-0.194003	-192.614657	284.030208	-132.873543	341.316849	169.175582	136.657994	182.169618	149.837228	-153.368523	110.091572	-28.502240	134.797015	-532.937938	49.816089	464.409217	42.019584	-242.597434	0.119710	416.598187	0.261219	-195.504000	0.000000	-0.817052	7.034138	-384.624000	0.000000	-1.976000	0.000000	65.896000	0.000000	123.875000	0.000000	-195.267000	0.000000	66.843000	0.000000	-115.378000	0.000000	-98.042000	0.000000	-51.739000	0.000000	-341.974000	0.000000	-119.067000	0.000000	81.684000	0.000000

2024-08-26	12:25:23	1724667923.364309	-43147.995670	-0.044311	-0.194003	-59.232188	118.441320	-246.437877	132.683241	110.257946	259.436695	229.043603	287.334438	-277.099526	122.017370	101.427811	94.264037	-497.450609	41.662332	427.630176	44.164501	-242.590128	0.162226	417.007722	0.279550	-195.504000	0.000000	0.788315	6.843857	-384.624000	0.000000	-1.976000	0.000000	65.896000	0.000000	123.875000	0.000000	-195.267000	0.000000	66.843000	0.000000	-115.378000	0.000000	-98.042000	0.000000	-51.739000	0.000000	-341.974000	0.000000	-119.067000	0.000000	81.684000	0.000000

2024-08-26	12:25:24	1724667924.363724	-43146.996255	-0.044311	-0.194003	-226.410106	338.048771	-87.549428	355.621654	271.329441	167.636024	54.279482	114.468539	-157.281041	108.774298	-28.935283	95.825385	-537.845494	32.442567	474.142145	39.901361	-242.470801	0.162688	417.062248	0.279977	-195.504000	0.000000	-11.518457	6.616158	-384.624000	0.000000	-1.976000	0.000000	65.896000	0.000000	123.875000	0.000000	-195.267000	0.000000	66.843000	0.000000	-115.378000	0.000000	-98.042000	0.000000	-51.739000	0.000000	-341.974000	0.000000	-119.067000	0.000000	81.684000	0.000000

2024-08-26	12:25:25	1724667925.364139	-43145.995841	-0.044311	-0.200625	-37.289226	232.107202	-294.481210	239.290423	151.409269	90.312249	181.517695	86.752208	-173.834389	186.362343	-19.024283	157.454633	-535.976853	53.709054	464.076984	55.528248	-242.533490	0.173610	416.405494	0.107124	-195.504000	0.000000	-3.688073	8.540089	-384.624000	0.000000	-1.976000	0.000000	65.896000	0.000000	123.875000	0.000000	-195.267000	0.000000	66.843000	0.000000	-115.378000	0.000000	-98.042000	0.000000	-51.739000	0.000000	-341.974000	0.000000	-119.067000	0.000000	81.684000	0.000000

2024-08-26	12:25:26	1724667926.363601	-43144.996379	-0.044311	-0.200625	-136.535137	155.963936	-155.907567	146.380851	286.904574	158.110339	71.317892	121.494485	-152.852066	37.889310	-13.998633	66.454687	-508.199804	90.038705	443.262978	86.270697	-242.548448	0.319421	416.635638	0.215819	-195.504000	0.000000	8.343560	8.181202	-384.624000	0.000000	-1.976000	0.000000	65.896000	0.000000	123.875000	0.000000	-195.267000	0.000000	66.843000	0.000000	-115.378000	0.000000	-98.042000	0.000000	-51.739000	0.000000	-341.974000	0.000000	-119.067000	0.000000	81.684000	0.000000

2024-08-26	12:25:27	1724667927.364015	-43143.995965	-0.044311	-0.200625	-45.384431	303.276784	-273.430209	290.660439	148.251339	156.697699	178.181319	186.988920	-163.758818	117.751703	-13.915811	110.296024	-484.741415	72.424626	412.430364	81.178347	-242.147388	0.492594	416.354791	0.129583	-195.504000	0.000000	2.375096	6.860847	-384.624000	0.000000	-1.976000	0.000000	65.896000	0.000000	123.875000	0.000000	-195.267000	0.000000	66.843000	0.000000	-115.378000	0.000000	-98.042000	0.000000	-51.739000	0.000000	-341.974000	0.000000	-119.067000	0.000000	81.684000	0.000000

2024-08-26	12:25:28	1724667928.363448	-43142.996532	-0.044311	-0.200625	-84.115283	168.436623	-230.991016	167.036188	193.936974	106.954158	137.112291	122.979404	-172.264165	152.262413	-2.902411	192.537267	-516.666925	33.479149	447.754010	36.074539	-242.559881	0.128705	416.166359	0.226724	-195.504000	0.000000	-1.737542	9.718994	-384.624000	0.000000	-1.976000	0.000000	65.896000	0.000000	123.875000	0.000000	-195.267000	0.000000	66.843000	0.000000	-115.378000	0.000000	-98.042000	0.000000	-51.739000	0.000000	-341.974000	0.000000	-119.067000	0.000000	81.684000	0.000000

2024-08-26	12:25:29	1724667929.363844	-43141.996136	-0.044311	-0.200625	-167.311133	112.281379	-141.552013	104.543101	174.711874	216.127356	162.391489	156.106801	-275.012877	71.054956	87.600544	101.953834	-510.974324	57.285879	438.380356	49.775681	-242.571508	0.343800	416.170769	0.302817	-195.504000	0.000000	3.231797	6.298670	-384.624000	0.000000	-1.976000	0.000000	65.896000	0.000000	123.875000	0.000000	-195.267000	0.000000	66.843000	0.000000	-115.378000	0.000000	-98.042000	0.000000	-51.739000	0.000000	-341.974000	0.000000	-119.067000	0.000000	81.684000	0.000000

2024-08-26	12:25:30	1724667930.364263	-43140.995717	-0.044311	-0.200625	-153.877350	111.857362	-163.251886	125.681201	249.776803	112.776108	77.968185	117.246916	-115.978276	122.027809	-67.881168	163.950869	-516.293028	69.419096	446.389570	63.477130	-242.603490	0.294396	416.347596	0.162031	-195.504000	0.000000	2.282293	6.540652	-384.624000	0.000000	-1.976000	0.000000	65.896000	0.000000	123.875000	0.000000	-195.267000	0.000000	66.843000	0.000000	-115.378000	0.000000	-98.042000	0.000000	-51.739000	0.000000	-341.974000	0.000000	-119.067000	0.000000	81.684000	0.000000

2024-08-26	12:25:31	1724667931.363682	-43139.996298	-0.044311	-0.220485	-215.760439	240.003496	-72.289296	259.842931	175.755650	104.988744	186.847341	101.452547	-131.755424	284.055758	-19.233180	266.349132	-494.605978	72.886516	424.371216	77.132452	-242.706784	0.156365	416.645734	0.239174	-195.504000	0.000000	0.690630	7.495266	-384.624000	0.000000	-1.976000	0.000000	65.896000	0.000000	123.875000	0.000000	-195.267000	0.000000	66.843000	0.000000	-115.378000	0.000000	-98.042000	0.000000	-51.739000	0.000000	-341.974000	0.000000	-119.067000	0.000000	81.684000	0.000000

2024-08-26	12:25:32	1724667932.363736	-43138.996243	-0.044311	-0.220485	-251.388208	102.393351	-56.888400	104.085395	171.400628	145.752111	179.950351	127.147725	-190.962733	160.233784	13.804646	168.942443	-510.267636	27.719804	439.427424	28.448074	-242.560540	0.229007	416.661738	0.201692	-195.504000	0.000000	-6.230494	6.630587	-384.624000	0.000000	-1.976000	0.000000	65.896000	0.000000	123.875000	0.000000	-195.267000	0.000000	66.843000	0.000000	-115.378000	0.000000	-98.042000	0.000000	-51.739000	0.000000	-341.974000	0.000000	-119.067000	0.000000	81.684000	0.000000

2024-08-26	12:25:33	1724667933.364132	-43137.995847	-0.044311	-0.220485	-40.369169	158.005906	-301.928155	148.360625	126.465073	97.700606	182.491917	110.344572	-213.256069	142.451361	9.828097	123.748056	-558.233695	58.178397	486.088922	53.889833	-242.399903	0.216863	416.424262	0.210088	-195.504000	0.000000	-4.969296	11.755674	-384.624000	0.000000	-1.976000	0.000000	65.896000	0.000000	123.875000	0.000000	-195.267000	0.000000	66.843000	0.000000	-115.378000	0.000000	-98.042000	0.000000	-51.739000	0.000000	-341.974000	0.000000	-119.067000	0.000000	81.684000	0.000000

2024-08-26	12:25:34	1724667934.363548	-43136.996432	-0.044311	-0.220485	62.608832	97.065765	-359.674936	111.989057	154.604683	157.986631	200.676326	206.467817	-127.788545	145.183327	-47.336062	129.409296	-514.073489	71.765999	442.127218	64.782757	-242.574683	0.361190	416.473431	0.178347	-195.504000	0.000000	6.496353	6.712573	-384.624000	0.000000	-1.976000	0.000000	65.896000	0.000000	123.875000	0.000000	-195.267000	0.000000	66.843000	0.000000	-115.378000	0.000000	-98.042000	0.000000	-51.739000	0.000000	-341.974000	0.000000	-119.067000	0.000000	81.684000	0.000000

2024-08-26	12:25:35	1724667935.363962	-43135.996018	-0.044311	-0.220485	-127.618503	123.607404	-197.661349	132.656305	125.455121	211.340264	206.522564	180.250600	-287.292227	116.317966	98.937057	112.681231	-511.200992	42.540597	442.675411	43.107672	-242.953521	0.160639	416.502900	0.252460	-195.504000	0.000000	-4.238495	12.525070	-384.624000	0.000000	-1.976000	0.000000	65.896000	0.000000	123.875000	0.000000	-195.267000	0.000000	66.843000	0.000000	-115.378000	0.000000	-98.042000	0.000000	-51.739000	0.000000	-341.974000	0.000000	-119.067000	0.000000	81.684000	0.000000

2024-08-26	12:25:36	1724667936.363386	-43134.996593	-0.044311	-0.220485	-219.476346	175.298107	-89.833068	167.509698	221.566235	152.783285	128.231984	89.879595	-117.889515	186.395919	-45.024842	181.644973	-533.428382	33.388702	464.957095	44.300482	-242.739372	0.205474	416.568495	0.221223	-195.504000	0.000000	0.851954	6.404143	-384.624000	0.000000	-1.976000	0.000000	65.896000	0.000000	123.875000	0.000000	-195.267000	0.000000	66.843000	0.000000	-115.378000	0.000000	-98.042000	0.000000	-51.739000	0.000000	-341.974000	0.000000	-119.067000	0.000000	81.684000	0.000000

2024-08-26	12:25:37	1724667937.363677	-43133.996303	-0.044311	-0.187380	-283.534132	115.309535	-11.055561	85.388991	181.558069	183.868170	175.526212	222.350724	-160.217237	208.472472	-9.536338	162.847039	-496.107254	55.198214	426.082761	57.429755	-242.640543	0.247449	416.914782	0.262606	-195.504000	0.000000	2.322640	7.820882	-384.624000	0.000000	-1.976000	0.000000	65.896000	0.000000	123.875000	0.000000	-195.267000	0.000000	66.843000	0.000000	-115.378000	0.000000	-98.042000	0.000000	-51.739000	0.000000	-341.974000	0.000000	-119.067000	0.000000	81.684000	0.000000

2024-08-26	12:25:38	1724667938.364091	-43132.995888	-0.044311	-0.187380	-94.359987	268.852894	-230.841531	289.008773	200.735334	153.901550	125.486494	171.925677	-232.321011	106.982836	42.918376	89.456017	-538.683906	53.473832	471.065222	50.444873	-242.571697	0.185346	416.902845	0.281017	-195.504000	0.000000	-5.648266	6.744252	-384.624000	0.000000	-1.976000	0.000000	65.896000	0.000000	123.875000	0.000000	-195.267000	0.000000	66.843000	0.000000	-115.378000	0.000000	-98.042000	0.000000	-51.739000	0.000000	-341.974000	0.000000	-119.067000	0.000000	81.684000	0.000000

2024-08-26	12:25:39	1724667939.363506	-43131.996473	-0.044311	-0.187380	-0.914854	171.819555	-343.364190	165.329134	145.300033	99.610891	175.266177	131.080107	-167.489789	112.748819	-37.501794	137.961448	-550.916877	45.578700	481.513202	49.908470	-242.291788	0.149239	416.691977	0.199524	-195.504000	0.000000	-11.976857	10.661693	-384.624000	0.000000	-1.976000	0.000000	65.896000	0.000000	123.875000	0.000000	-195.267000	0.000000	66.843000	0.000000	-115.378000	0.000000	-98.042000	0.000000	-51.739000	0.000000	-341.974000	0.000000	-119.067000	0.000000	81.684000	0.000000

2024-08-26	12:25:40	1724667940.363921	-43130.996059	-0.044311	-0.187380	-89.324530	311.957405	-219.537511	295.854446	148.265999	143.008012	203.804884	157.733000	-173.502203	84.298119	-11.342397	85.499445	-496.537946	59.829781	427.615307	59.392340	-242.424525	0.263973	416.711427	0.253881	-195.504000	0.000000	-1.128057	6.807906	-384.624000	0.000000	-1.976000	0.000000	65.896000	0.000000	123.875000	0.000000	-195.267000	0.000000	66.843000	0.000000	-115.378000	0.000000	-98.042000	0.000000	-51.739000	0.000000	-341.974000	0.000000	-119.067000	0.000000	81.684000	0.000000

2024-08-26	12:25:41	1724667941.363336	-43129.996644	-0.044311	-0.187380	-48.566447	124.228224	-256.341989	87.128610	339.784987	144.867139	-7.994813	204.312549	-148.561240	51.267450	-24.427763	60.119348	-530.101363	38.542533	460.823486	39.195672	-242.392475	0.391707	416.760559	0.216561	-195.504000	0.000000	-0.121115	8.111513	-384.624000	0.000000	-1.976000	0.000000	65.896000	0.000000	123.875000	0.000000	-195.267000	0.000000	66.843000	0.000000	-115.378000	0.000000	-98.042000	0.000000	-51.739000	0.000000	-341.974000	0.000000	-119.067000	0.000000	81.684000	0.000000

2024-08-26	12:25:42	1724667942.364149	-43128.995831	-0.044311	-0.187380	-414.436827	258.609278	99.212660	224.000224	55.594060	155.566417	295.866812	77.883973	-222.596884	102.626735	46.038460	115.593188	-506.801772	53.148887	437.926392	47.555984	-242.423363	0.236044	417.015674	0.148691	-195.504000	0.000000	5.092945	7.615511	-384.624000	0.000000	-1.976000	0.000000	65.896000	0.000000	123.875000	0.000000	-195.267000	0.000000	66.843000	0.000000	-115.378000	0.000000	-98.042000	0.000000	-51.739000	0.000000	-341.974000	0.000000	-119.067000	0.000000	81.684000	0.000000

2024-08-26	12:25:43	1724667943.363564	-43127.996416	-0.044311	-0.187380	-187.444462	384.393245	-140.184655	333.351939	202.217433	116.309675	111.600714	131.883259	-218.812075	63.143965	18.498952	68.621768	-500.023761	79.417218	430.247357	71.627683	-242.388981	0.169736	416.842421	0.182212	-195.504000	0.000000	3.619495	8.052780	-384.624000	0.000000	-1.976000	0.000000	65.896000	0.000000	123.875000	0.000000	-195.267000	0.000000	66.843000	0.000000	-115.378000	0.000000	-98.042000	0.000000	-51.739000	0.000000	-341.974000	0.000000	-119.067000	0.000000	81.684000	0.000000

2024-08-26	12:25:44	1724667944.363978	-43126.996001	-0.044311	-0.187380	-51.319202	221.615730	-262.357538	182.169434	123.950247	136.718423	209.498510	93.943233	-198.584390	165.560487	18.716170	129.546803	-572.814970	84.656282	502.593217	85.171461	-242.204843	0.272961	416.694725	0.105477	-195.504000	0.000000	-0.379793	7.552856	-384.624000	0.000000	-1.976000	0.000000	65.896000	0.000000	123.875000	0.000000	-195.267000	0.000000	66.843000	0.000000	-115.378000	0.000000	-98.042000	0.000000	-51.739000	0.000000	-341.974000	0.000000	-119.067000	0.000000	81.684000	0.000000

2024-08-26	12:25:45	1724667945.363394	-43125.996586	-0.044311	-0.187380	6.975123	201.930582	-327.486696	173.379417	169.247901	138.030835	166.232592	152.190403	-162.220354	210.453690	-21.745975	156.753128	-538.908738	49.476007	467.986394	47.366034	-241.863387	0.182699	417.163145	0.199000	-195.504000	0.000000	-2.652006	8.920820	-384.624000	0.000000	-1.976000	0.000000	65.896000	0.000000	123.875000	0.000000	-195.267000	0.000000	66.843000	0.000000	-115.378000	0.000000	-98.042000	0.000000	-51.739000	0.000000	-341.974000	0.000000	-119.067000	0.000000	81.684000	0.000000

2024-08-26	12:25:46	1724667946.363824	-43124.996156	-0.044311	-0.187380	-320.517923	112.666421	10.371110	82.347900	199.344361	254.576777	158.752747	311.328138	-73.693158	68.873007	-97.422800	80.298435	-460.670518	37.801977	390.173655	32.764400	-241.955071	0.210461	416.970886	0.172504	-195.504000	0.000000	-1.574592	7.140801	-384.624000	0.000000	-1.976000	0.000000	65.896000	0.000000	123.875000	0.000000	-195.267000	0.000000	66.843000	0.000000	-115.378000	0.000000	-98.042000	0.000000	-51.739000	0.000000	-341.974000	0.000000	-119.067000	0.000000	81.684000	0.000000

2024-08-26	12:25:47	1724667947.364041	-43123.995938	-0.044311	-0.187380	-34.735829	448.320384	-278.037650	442.079450	271.050808	155.647846	64.286489	152.086441	-201.483529	141.441820	11.603770	134.932860	-549.752035	27.790419	481.180195	22.544716	-242.331034	0.173249	416.950957	0.233878	-195.504000	0.000000	-1.307808	5.817873	-384.624000	0.000000	-1.976000	0.000000	65.896000	0.000000	123.875000	0.000000	-195.267000	0.000000	66.843000	0.000000	-115.378000	0.000000	-98.042000	0.000000	-51.739000	0.000000	-341.974000	0.000000	-119.067000	0.000000	81.684000	0.000000

2024-08-26	12:25:48	1724667948.363457	-43122.996523	-0.044311	-0.200625	-29.076753	239.296584	-302.631918	238.679803	103.001976	144.137512	221.507679	227.363645	-190.986419	58.055877	-7.022219	91.909750	-540.312938	58.571150	469.263345	48.511628	-242.226563	0.148199	417.001057	0.258234	-195.504000	0.000000	-5.743458	9.149675	-384.624000	0.000000	-1.976000	0.000000	65.896000	0.000000	123.875000	0.000000	-195.267000	0.000000	66.843000	0.000000	-115.378000	0.000000	-98.042000	0.000000	-51.739000	0.000000	-341.974000	0.000000	-119.067000	0.000000	81.684000	0.000000

2024-08-26	12:25:49	1724667949.363871	-43121.996109	-0.044311	-0.200625	-130.527919	195.207859	-159.620264	215.616714	294.647467	178.136586	61.887702	135.195933	-179.445618	163.813329	19.840165	163.443990	-469.548777	60.332667	398.142974	59.761245	-242.663482	0.098060	416.572937	0.217561	-195.504000	0.000000	2.219748	7.483613	-384.624000	0.000000	-1.976000	0.000000	65.896000	0.000000	123.875000	0.000000	-195.267000	0.000000	66.843000	0.000000	-115.378000	0.000000	-98.042000	0.000000	-51.739000	0.000000	-341.974000	0.000000	-119.067000	0.000000	81.684000	0.000000

2024-08-26	12:25:50	1724667950.363286	-43120.996694	-0.044311	-0.200625	-120.166151	259.122697	-193.253091	265.941461	160.828133	235.962280	177.261295	282.423298	-208.592699	184.667641	24.326638	185.749243	-531.393623	33.512635	463.316488	34.145678	-242.630521	0.149881	416.676763	0.166666	-195.504000	0.000000	-13.010396	13.032478	-384.624000	0.000000	-1.976000	0.000000	65.896000	0.000000	123.875000	0.000000	-195.267000	0.000000	66.843000	0.000000	-115.378000	0.000000	-98.042000	0.000000	-51.739000	0.000000	-341.974000	0.000000	-119.067000	0.000000	81.684000	0.000000

2024-08-26	12:25:51	1724667951.363718	-43119.996262	-0.044311	-0.200625	-58.196900	154.911722	-278.074964	164.658358	105.338942	267.036429	215.438669	227.081892	-166.508546	167.715193	-26.381577	124.499669	-538.718237	51.937329	465.669226	46.206075	-242.549701	0.112839	416.810278	0.174042	-195.504000	0.000000	-9.825767	9.675745	-384.624000	0.000000	-1.976000	0.000000	65.896000	0.000000	123.875000	0.000000	-195.267000	0.000000	66.843000	0.000000	-115.378000	0.000000	-98.042000	0.000000	-51.739000	0.000000	-341.974000	0.000000	-119.067000	0.000000	81.684000	0.000000

2024-08-26	12:25:52	1724667952.363296	-43118.996684	-0.044311	-0.200625	-127.151882	221.378421	-161.757207	211.579091	225.834409	284.826171	160.182477	311.613657	-256.868903	72.327797	94.995050	76.776440	-516.951552	82.264383	449.492588	84.900488	-242.628352	0.161967	416.711469	0.158303	-195.504000	0.000000	-1.590886	9.977822	-384.624000	0.000000	-1.976000	0.000000	65.896000	0.000000	123.875000	0.000000	-195.267000	0.000000	66.843000	0.000000	-115.378000	0.000000	-98.042000	0.000000	-51.739000	0.000000	-341.974000	0.000000	-119.067000	0.000000	81.684000	0.000000

2024-08-26	12:25:53	1724667953.363709	-43117.996270	-0.044311	-0.200625	65.879038	131.065612	-397.432581	156.455156	152.153322	123.744276	172.656618	137.341902	-198.844361	134.305262	-2.314412	132.217928	-528.434917	90.368516	458.447230	84.809605	-242.561613	0.230467	416.700057	0.154428	-195.504000	0.000000	-6.986683	7.670404	-384.624000	0.000000	-1.976000	0.000000	65.896000	0.000000	123.875000	0.000000	-195.267000	0.000000	66.843000	0.000000	-115.378000	0.000000	-98.042000	0.000000	-51.739000	0.000000	-341.974000	0.000000	-119.067000	0.000000	81.684000	0.000000

2024-08-26	12:25:54	1724667954.363125	-43116.996855	-0.044311	-0.200625	-266.655184	184.338084	-47.921161	173.902392	120.321039	257.154616	242.554435	179.586086	-128.188725	75.027475	-32.365546	100.002074	-480.028155	46.589330	409.432130	52.092935	-242.159001	0.169363	416.587731	0.220346	-195.504000	0.000000	0.639131	6.834218	-384.624000	0.000000	-1.976000	0.000000	65.896000	0.000000	123.875000	0.000000	-195.267000	0.000000	66.843000	0.000000	-115.378000	0.000000	-98.042000	0.000000	-51.739000	0.000000	-341.974000	0.000000	-119.067000	0.000000	81.684000	0.000000

2024-08-26	12:25:55	1724667955.363539	-43115.996441	-0.044311	-0.200625	-110.290757	117.976171	-203.112268	115.508675	203.379985	156.068392	138.278551	84.162016	-131.667332	122.897972	-50.725568	110.561545	-506.275434	62.319537	431.641500	60.063270	-242.382544	0.173701	416.747989	0.223380	-195.504000	0.000000	-2.879710	9.648902	-384.624000	0.000000	-1.976000	0.000000	65.896000	0.000000	123.875000	0.000000	-195.267000	0.000000	66.843000	0.000000	-115.378000	0.000000	-98.042000	0.000000	-51.739000	0.000000	-341.974000	0.000000	-119.067000	0.000000	81.684000	0.000000

2024-08-26	12:25:56	1724667956.363954	-43114.996026	-0.044311	-0.200625	-73.257069	294.866184	-223.669612	273.534684	118.750332	79.238298	239.702579	127.637879	-157.914279	137.297528	-16.230623	122.687537	-515.235865	55.294022	449.206600	54.636601	-242.319122	0.125859	416.894352	0.182339	-195.504000	0.000000	-8.299699	6.685048	-384.624000	0.000000	-1.976000	0.000000	65.896000	0.000000	123.875000	0.000000	-195.267000	0.000000	66.843000	0.000000	-115.378000	0.000000	-98.042000	0.000000	-51.739000	0.000000	-341.974000	0.000000	-119.067000	0.000000	81.684000	0.000000

2024-08-26	12:25:57	1724667957.363369	-43113.996611	-0.044311	-0.200625	-151.539331	247.434449	-185.176773	215.923476	232.911190	95.070173	63.533611	110.868924	-178.004584	111.930167	-16.140803	116.139519	-513.919220	32.535511	440.067816	32.322804	-242.226506	0.259343	416.443138	0.087004	-195.504000	0.000000	2.822702	6.350316	-384.624000	0.000000	-1.976000	0.000000	65.896000	0.000000	123.875000	0.000000	-195.267000	0.000000	66.843000	0.000000	-115.378000	0.000000	-98.042000	0.000000	-51.739000	0.000000	-341.974000	0.000000	-119.067000	0.000000	81.684000	0.000000

2024-08-26	12:25:58	1724667958.363644	-43112.996336	-0.044311	-0.200625	-13.792695	187.144144	-289.546081	189.167797	241.922177	188.979569	111.477650	175.662048	-171.101338	83.811820	5.456885	88.131193	-521.500846	46.458055	447.490659	42.820826	-242.148126	0.148568	416.611197	0.139737	-195.504000	0.000000	6.587999	4.962785	-384.624000	0.000000	-1.976000	0.000000	65.896000	0.000000	123.875000	0.000000	-195.267000	0.000000	66.843000	0.000000	-115.378000	0.000000	-98.042000	0.000000	-51.739000	0.000000	-341.974000	0.000000	-119.067000	0.000000	81.684000	0.000000

2024-08-26	12:25:59	1724667959.363077	-43111.996902	-0.044311	-0.174143	-108.299418	220.062510	-200.849620	246.280694	155.489601	301.400372	181.506083	316.529304	-213.669535	131.784593	37.365665	147.022287	-517.122267	28.842253	451.589511	26.941162	-242.527680	0.302161	416.572332	0.219869	-195.504000	0.000000	-0.498069	8.563520	-384.624000	0.000000	-1.976000	0.000000	65.896000	0.000000	123.875000	0.000000	-195.267000	0.000000	66.843000	0.000000	-115.378000	0.000000	-98.042000	0.000000	-51.739000	0.000000	-341.974000	0.000000	-119.067000	0.000000	81.684000	0.000000

2024-08-26	12:26:00	1724667960.363474	-43110.996506	-0.044311	-0.174143	-196.518190	107.131176	-106.974987	103.492795	235.683046	126.359496	116.581466	159.059892	-272.236438	156.384099	91.965137	138.439911	-504.759690	78.871305	434.037021	71.092962	-242.647936	0.169875	416.369747	0.220197	-195.504000	0.000000	-3.792565	12.836875	-384.624000	0.000000	-1.976000	0.000000	65.896000	0.000000	123.875000	0.000000	-195.267000	0.000000	66.843000	0.000000	-115.378000	0.000000	-98.042000	0.000000	-51.739000	0.000000	-341.974000	0.000000	-119.067000	0.000000	81.684000	0.000000

2024-08-26	12:26:01	1724667961.363888	-43109.996092	-0.044311	-0.174143	-174.717337	105.373798	-115.384871	66.710329	99.456901	121.460562	265.109866	116.818430	-132.552627	117.147439	-34.338777	101.100331	-479.991346	72.245485	411.473014	68.544745	-242.677341	0.154927	416.912867	0.207800	-195.504000	0.000000	-3.053552	9.678805	-384.624000	0.000000	-1.976000	0.000000	65.896000	0.000000	123.875000	0.000000	-195.267000	0.000000	66.843000	0.000000	-115.378000	0.000000	-98.042000	0.000000	-51.739000	0.000000	-341.974000	0.000000	-119.067000	0.000000	81.684000	0.000000

2024-08-26	12:26:02	1724667962.363304	-43108.996676	-0.044311	-0.174143	-103.866791	158.828496	-211.834504	137.434071	247.553795	209.162268	92.264973	163.712272	-175.349226	107.889210	3.918785	100.358493	-512.839191	83.480473	442.387431	66.591756	-243.192589	0.266009	416.734881	0.251229	-195.504000	0.000000	-6.383390	4.543832	-384.624000	0.000000	-1.976000	0.000000	65.896000	0.000000	123.875000	0.000000	-195.267000	0.000000	66.843000	0.000000	-115.378000	0.000000	-98.042000	0.000000	-51.739000	0.000000	-341.974000	0.000000	-119.067000	0.000000	81.684000	0.000000

2024-08-26	12:26:03	1724667963.363353	-43107.996626	-0.044311	-0.174143	-71.096137	153.868463	-264.277345	162.586939	227.027677	252.190464	102.390383	219.590345	-119.307872	191.898841	-69.023342	162.977198	-483.857637	66.890759	410.230435	62.414978	-243.296262	0.335527	416.532512	0.127111	-195.504000	0.000000	6.273266	8.728697	-384.624000	0.000000	-1.976000	0.000000	65.896000	0.000000	123.875000	0.000000	-195.267000	0.000000	66.843000	0.000000	-115.378000	0.000000	-98.042000	0.000000	-51.739000	0.000000	-341.974000	0.000000	-119.067000	0.000000	81.684000	0.000000

2024-08-26	12:26:04	1724667964.363768	-43106.996212	-0.044311	-0.194003	-153.625821	120.358896	-163.463732	112.142709	186.370816	155.987705	140.595733	122.906733	-222.535710	206.471059	37.868870	193.962763	-538.247578	125.035743	468.656680	126.738088	-242.860122	0.244711	416.410833	0.124056	-195.504000	0.000000	0.995500	7.257958	-384.624000	0.000000	-1.976000	0.000000	65.896000	0.000000	123.875000	0.000000	-195.267000	0.000000	66.843000	0.000000	-115.378000	0.000000	-98.042000	0.000000	-51.739000	0.000000	-341.974000	0.000000	-119.067000	0.000000	81.684000	0.000000

2024-08-26	12:26:05	1724667965.363183	-43105.996797	-0.044311	-0.194003	-142.455318	308.549572	-155.847877	314.192379	210.054095	105.246502	158.113727	104.003836	-139.649353	105.525441	-24.813040	120.391147	-493.845205	30.766687	424.815494	36.928695	-243.154907	0.169849	416.768088	0.256421	-195.504000	0.000000	1.336085	7.742809	-384.624000	0.000000	-1.976000	0.000000	65.896000	0.000000	123.875000	0.000000	-195.267000	0.000000	66.843000	0.000000	-115.378000	0.000000	-98.042000	0.000000	-51.739000	0.000000	-341.974000	0.000000	-119.067000	0.000000	81.684000	0.000000

2024-08-26	12:26:06	1724667966.363597	-43104.996382	-0.044311	-0.194003	-197.340623	189.787239	-133.768996	209.165022	196.034937	177.515399	116.149111	198.177521	-166.794975	69.426924	-31.287775	69.267088	-521.376337	50.209776	447.306092	49.639615	-243.027702	0.182232	416.602809	0.164713	-195.504000	0.000000	-3.472574	9.549909	-384.624000	0.000000	-1.976000	0.000000	65.896000	0.000000	123.875000	0.000000	-195.267000	0.000000	66.843000	0.000000	-115.378000	0.000000	-98.042000	0.000000	-51.739000	0.000000	-341.974000	0.000000	-119.067000	0.000000	81.684000	0.000000

2024-08-26	12:26:07	1724667967.363012	-43103.996967	-0.044311	-0.194003	-141.982457	171.828358	-175.526028	137.206046	100.437032	174.628512	245.834606	198.362015	-237.216823	114.870423	46.020646	120.929461	-536.377952	29.977261	463.421982	33.955163	-242.912034	0.112757	416.802538	0.220904	-195.504000	0.000000	-4.494228	7.467326	-384.624000	0.000000	-1.976000	0.000000	65.896000	0.000000	123.875000	0.000000	-195.267000	0.000000	66.843000	0.000000	-115.378000	0.000000	-98.042000	0.000000	-51.739000	0.000000	-341.974000	0.000000	-119.067000	0.000000	81.684000	0.000000

2024-08-26	12:26:08	1724667968.363758	-43102.996222	-0.044311	-0.194003	-165.382754	55.963849	-125.955681	59.568759	169.951171	196.111537	179.235734	227.566397	-179.785200	164.051495	6.308047	151.171229	-520.890231	51.720056	457.862551	46.741837	-242.788232	0.159550	416.861008	0.274288	-195.504000	0.000000	-2.153471	8.259925	-384.624000	0.000000	-1.976000	0.000000	65.896000	0.000000	123.875000	0.000000	-195.267000	0.000000	66.843000	0.000000	-115.378000	0.000000	-98.042000	0.000000	-51.739000	0.000000	-341.974000	0.000000	-119.067000	0.000000	81.684000	0.000000

2024-08-26	12:26:09	1724667969.363173	-43101.996806	-0.044311	-0.194003	-131.019753	209.819098	-192.724383	204.132913	169.469229	157.089225	145.862924	200.417514	-103.460837	122.509791	-85.100779	152.587416	-538.939478	39.876177	464.509501	34.872322	-242.794708	0.171777	416.879601	0.125738	-195.504000	0.000000	-3.587682	7.337009	-384.624000	0.000000	-1.976000	0.000000	65.896000	0.000000	123.875000	0.000000	-195.267000	0.000000	66.843000	0.000000	-115.378000	0.000000	-98.042000	0.000000	-51.739000	0.000000	-341.974000	0.000000	-119.067000	0.000000	81.684000	0.000000

2024-08-26	12:26:10	1724667970.363587	-43100.996392	-0.044311	-0.180762	-36.842671	311.450185	-293.891993	249.661790	207.502970	101.595441	116.395551	86.232659	-243.764188	140.272852	57.495855	162.365750	-490.039130	62.705521	419.953407	55.904724	-242.941409	0.148222	416.906943	0.139384	-195.504000	0.000000	-3.467163	10.094054	-384.624000	0.000000	-1.976000	0.000000	65.896000	0.000000	123.875000	0.000000	-195.267000	0.000000	66.843000	0.000000	-115.378000	0.000000	-98.042000	0.000000	-51.739000	0.000000	-341.974000	0.000000	-119.067000	0.000000	81.684000	0.000000

2024-08-26	12:26:11	1724667971.363003	-43099.996977	-0.044311	-0.180762	-132.494773	152.085247	-172.621751	149.759865	325.504665	112.178209	34.858446	142.707722	-161.106066	86.554827	-16.010476	95.035566	-479.466367	37.258570	410.300770	35.005491	-243.050212	0.175107	416.512150	0.220788	-195.504000	0.000000	-11.530188	7.959951	-384.624000	0.000000	-1.976000	0.000000	65.896000	0.000000	123.875000	0.000000	-195.267000	0.000000	66.843000	0.000000	-115.378000	0.000000	-98.042000	0.000000	-51.739000	0.000000	-341.974000	0.000000	-119.067000	0.000000	81.684000	0.000000

2024-08-26	12:26:12	1724667972.363418	-43098.996562	-0.044311	-0.180762	-287.236731	191.847489	-23.476926	191.448999	124.427275	134.544417	226.447062	208.573582	-196.350610	162.414612	18.380822	163.735992	-529.810117	63.137430	458.565588	62.210519	-243.108122	0.246423	416.809187	0.261669	-195.504000	0.000000	-9.154655	7.372262	-384.624000	0.000000	-1.976000	0.000000	65.896000	0.000000	123.875000	0.000000	-195.267000	0.000000	66.843000	0.000000	-115.378000	0.000000	-98.042000	0.000000	-51.739000	0.000000	-341.974000	0.000000	-119.067000	0.000000	81.684000	0.000000

2024-08-26	12:26:13	1724667973.363490	-43097.996490	-0.044311	-0.180762	-98.177340	87.763357	-226.461666	118.016014	308.658986	224.668687	13.730199	177.910938	-194.866239	68.561107	5.631575	88.686797	-520.774515	41.494188	448.694426	33.702664	-242.785184	0.134357	416.481139	0.219152	-195.504000	0.000000	3.367509	8.289050	-384.624000	0.000000	-1.976000	0.000000	65.896000	0.000000	123.875000	0.000000	-195.267000	0.000000	66.843000	0.000000	-115.378000	0.000000	-98.042000	0.000000	-51.739000	0.000000	-341.974000	0.000000	-119.067000	0.000000	81.684000	0.000000

2024-08-26	12:26:14	1724667974.362906	-43096.997074	-0.044311	-0.180762	-8.974801	304.991592	-293.050290	248.896609	152.865229	132.083862	201.249434	129.343829	-127.442012	128.342419	-37.792593	64.275679	-512.251339	70.644599	447.753931	64.589835	-242.717995	0.164523	416.493017	0.194751	-195.504000	0.000000	-8.166539	8.684494	-384.624000	0.000000	-1.976000	0.000000	65.896000	0.000000	123.875000	0.000000	-195.267000	0.000000	66.843000	0.000000	-115.378000	0.000000	-98.042000	0.000000	-51.739000	0.000000	-341.974000	0.000000	-119.067000	0.000000	81.684000	0.000000

2024-08-26	12:26:15	1724667975.363320	-43095.996659	-0.044311	-0.180762	-179.815428	260.777878	-152.676417	272.652887	97.260444	171.397951	219.256897	213.602956	-183.516246	124.562188	-16.216366	81.447742	-526.410898	43.924550	452.708230	37.017391	-243.234457	0.191288	416.488786	0.125096	-195.504000	0.000000	-9.104110	7.576303	-384.624000	0.000000	-1.976000	0.000000	65.896000	0.000000	123.875000	0.000000	-195.267000	0.000000	66.843000	0.000000	-115.378000	0.000000	-98.042000	0.000000	-51.739000	0.000000	-341.974000	0.000000	-119.067000	0.000000	81.684000	0.000000

2024-08-26	12:26:16	1724667976.363734	-43094.996245	-0.044311	-0.207240	-205.346562	231.021642	-109.613854	260.601887	218.966347	63.128654	143.225521	75.256984	-173.062890	190.301517	-8.303310	171.481334	-527.908844	87.635847	459.571898	82.405563	-242.763020	0.198034	416.548564	0.248895	-195.504000	0.000000	-11.344709	12.001833	-384.624000	0.000000	-1.976000	0.000000	65.896000	0.000000	123.875000	0.000000	-195.267000	0.000000	66.843000	0.000000	-115.378000	0.000000	-98.042000	0.000000	-51.739000	0.000000	-341.974000	0.000000	-119.067000	0.000000	81.684000	0.000000

2024-08-26	12:26:17	1724667977.363150	-43093.996830	-0.044311	-0.207240	-118.111122	230.798360	-192.175807	240.811208	136.111083	55.485932	179.957417	50.255983	-183.319784	116.524595	2.678160	100.726007	-523.598729	67.130341	446.448924	61.553520	-242.507412	0.173503	416.511237	0.138740	-195.504000	0.000000	5.674349	10.336333	-384.624000	0.000000	-1.976000	0.000000	65.896000	0.000000	123.875000	0.000000	-195.267000	0.000000	66.843000	0.000000	-115.378000	0.000000	-98.042000	0.000000	-51.739000	0.000000	-341.974000	0.000000	-119.067000	0.000000	81.684000	0.000000

2024-08-26	12:26:18	1724667978.363408	-43092.996572	-0.044311	-0.207240	-254.345562	205.596518	-61.332174	205.302848	272.239950	259.007994	74.455158	240.026892	-240.816639	168.575608	57.939432	181.507404	-510.964835	81.359506	443.617603	70.288304	-242.263083	0.147175	416.203751	0.177027	-195.504000	0.000000	-1.897064	6.731654	-384.624000	0.000000	-1.976000	0.000000	65.896000	0.000000	123.875000	0.000000	-195.267000	0.000000	66.843000	0.000000	-115.378000	0.000000	-98.042000	0.000000	-51.739000	0.000000	-341.974000	0.000000	-119.067000	0.000000	81.684000	0.000000

2024-08-26	12:26:19	1724667979.362889	-43091.997091	-0.044311	-0.207240	-0.246498	252.834281	-308.351445	236.405927	183.404184	158.969065	176.209426	174.334502	-125.810254	157.002512	-50.636484	111.445228	-523.724851	52.909772	458.493774	62.649046	-242.537007	0.242380	416.459429	0.235810	-195.504000	0.000000	-11.568778	13.285855	-384.624000	0.000000	-1.976000	0.000000	65.896000	0.000000	123.875000	0.000000	-195.267000	0.000000	66.843000	0.000000	-115.378000	0.000000	-98.042000	0.000000	-51.739000	0.000000	-341.974000	0.000000	-119.067000	0.000000	81.684000	0.000000

2024-08-26	12:26:20	1724667980.363304	-43090.996676	-0.044311	-0.207240	-326.044160	146.283302	1.437701	93.180993	197.488488	187.202516	120.828508	227.892676	-165.995527	124.578654	-19.274122	105.451654	-533.947680	83.182495	458.104722	78.486072	-242.636991	0.155381	416.565072	0.202532	-195.504000	0.000000	-7.230694	10.242693	-384.624000	0.000000	-1.976000	0.000000	65.896000	0.000000	123.875000	0.000000	-195.267000	0.000000	66.843000	0.000000	-115.378000	0.000000	-98.042000	0.000000	-51.739000	0.000000	-341.974000	0.000000	-119.067000	0.000000	81.684000	0.000000

2024-08-26	12:26:21	1724667981.363719	-43089.996261	-0.044311	-0.213862	12.015718	292.976170	-333.786472	303.527182	125.832161	231.161654	197.853235	214.540217	-168.243055	59.881760	-13.965814	49.634366	-500.101044	47.941193	427.747146	44.649630	-242.897845	0.114729	416.502237	0.236757	-195.504000	0.000000	-4.123505	8.115613	-384.624000	0.000000	-1.976000	0.000000	65.896000	0.000000	123.875000	0.000000	-195.267000	0.000000	66.843000	0.000000	-115.378000	0.000000	-98.042000	0.000000	-51.739000	0.000000	-341.974000	0.000000	-119.067000	0.000000	81.684000	0.000000

2024-08-26	12:26:22	1724667982.363133	-43088.996846	-0.044311	-0.213862	-96.332821	258.654487	-202.493008	240.064505	244.895379	112.519370	115.914111	141.872812	-222.401167	106.574251	57.754166	102.930379	-532.262135	26.548682	464.544239	26.317090	-242.744967	0.219839	416.235572	0.195799	-195.504000	0.000000	-5.577615	10.124578	-384.624000	0.000000	-1.976000	0.000000	65.896000	0.000000	123.875000	0.000000	-195.267000	0.000000	66.843000	0.000000	-115.378000	0.000000	-98.042000	0.000000	-51.739000	0.000000	-341.974000	0.000000	-119.067000	0.000000	81.684000	0.000000

2024-08-26	12:26:23	1724667983.363548	-43087.996432	-0.044311	-0.213862	-168.781218	240.725914	-143.831098	237.954918	258.203469	215.616152	99.180571	195.441326	-145.101304	134.848980	-35.749836	172.569847	-570.304409	51.975112	503.793098	48.842846	-242.414032	0.185939	416.416962	0.171660	-195.504000	0.000000	-11.474367	9.594545	-384.624000	0.000000	-1.976000	0.000000	65.896000	0.000000	123.875000	0.000000	-195.267000	0.000000	66.843000	0.000000	-115.378000	0.000000	-98.042000	0.000000	-51.739000	0.000000	-341.974000	0.000000	-119.067000	0.000000	81.684000	0.000000

2024-08-26	12:26:24	1724667984.362825	-43086.997155	-0.044311	-0.213862	-64.139993	227.121962	-270.623269	201.771666	189.167105	19.116054	131.199029	78.715217	-221.215154	125.316872	19.832951	111.593619	-515.021860	54.060622	438.959899	56.349354	-242.412978	0.222933	416.298464	0.225389	-195.504000	0.000000	-8.696591	8.083387	-384.624000	0.000000	-1.976000	0.000000	65.896000	0.000000	123.875000	0.000000	-195.267000	0.000000	66.843000	0.000000	-115.378000	0.000000	-98.042000	0.000000	-51.739000	0.000000	-341.974000	0.000000	-119.067000	0.000000	81.684000	0.000000

2024-08-26	12:26:25	1724667985.363239	-43085.996741	-0.044311	-0.213862	-133.543818	242.407308	-154.921921	240.703385	181.537695	133.375762	168.162808	143.418733	-187.925381	55.255238	16.002205	52.397664	-482.359843	55.019345	411.872619	49.946555	-242.388342	0.243234	416.459716	0.185049	-195.504000	0.000000	1.472394	6.453395	-384.624000	0.000000	-1.976000	0.000000	65.896000	0.000000	123.875000	0.000000	-195.267000	0.000000	66.843000	0.000000	-115.378000	0.000000	-98.042000	0.000000	-51.739000	0.000000	-341.974000	0.000000	-119.067000	0.000000	81.684000	0.000000

2024-08-26	12:26:26	1724667986.363672	-43084.996308	-0.044311	-0.213862	-194.512665	236.093822	-118.256526	207.773572	207.922832	212.841963	116.161104	162.254012	-147.416161	64.370884	-27.025947	68.073940	-475.785156	34.915709	404.879593	32.230535	-242.598906	0.254221	416.096427	0.251001	-195.504000	0.000000	3.829335	8.136488	-384.624000	0.000000	-1.976000	0.000000	65.896000	0.000000	123.875000	0.000000	-195.267000	0.000000	66.843000	0.000000	-115.378000	0.000000	-98.042000	0.000000	-51.739000	0.000000	-341.974000	0.000000	-119.067000	0.000000	81.684000	0.000000

2024-08-26	12:26:27	1724667987.363088	-43083.996891	-0.044311	-0.200625	-79.736613	241.621097	-220.538112	245.352194	42.877879	73.843503	331.357156	140.102910	-210.397555	133.622156	43.777616	131.561521	-486.201904	37.988165	420.899408	33.795858	-242.820003	0.248260	415.980251	0.172665	-195.504000	0.000000	-4.182063	9.615340	-384.624000	0.000000	-1.976000	0.000000	65.896000	0.000000	123.875000	0.000000	-195.267000	0.000000	66.843000	0.000000	-115.378000	0.000000	-98.042000	0.000000	-51.739000	0.000000	-341.974000	0.000000	-119.067000	0.000000	81.684000	0.000000

2024-08-26	12:26:28	1724667988.363483	-43082.996497	-0.044311	-0.200625	-23.786527	127.052975	-299.023321	118.678425	200.263837	236.981173	126.093020	279.608611	-138.573975	134.697825	-38.556200	130.739891	-519.646098	72.089208	448.125128	70.742557	-242.435036	0.119060	416.562790	0.166359	-195.504000	0.000000	-4.569985	11.472664	-384.624000	0.000000	-1.976000	0.000000	65.896000	0.000000	123.875000	0.000000	-195.267000	0.000000	66.843000	0.000000	-115.378000	0.000000	-98.042000	0.000000	-51.739000	0.000000	-341.974000	0.000000	-119.067000	0.000000	81.684000	0.000000

2024-08-26	12:26:29	1724667989.363148	-43081.996832	-0.044311	-0.200625	-185.685812	182.413143	-129.070953	175.857636	180.418354	117.750061	168.871261	125.718475	-131.230485	130.342421	-48.584732	86.593073	-518.416087	68.827033	446.090000	64.352839	-242.422838	0.290344	416.270863	0.314775	-195.504000	0.000000	-1.441789	6.547207	-384.624000	0.000000	-1.976000	0.000000	65.896000	0.000000	123.875000	0.000000	-195.267000	0.000000	66.843000	0.000000	-115.378000	0.000000	-98.042000	0.000000	-51.739000	0.000000	-341.974000	0.000000	-119.067000	0.000000	81.684000	0.000000

2024-08-26	12:26:30	1724667990.363562	-43080.996418	-0.044311	-0.200625	-67.402546	234.247458	-238.716833	245.318706	202.548804	125.750066	130.345744	128.855524	-228.190282	128.168754	56.994889	102.628392	-525.120702	46.236072	452.107761	51.168705	-242.400278	0.232292	416.298969	0.184728	-195.504000	0.000000	-1.354467	5.998751	-384.624000	0.000000	-1.976000	0.000000	65.896000	0.000000	123.875000	0.000000	-195.267000	0.000000	66.843000	0.000000	-115.378000	0.000000	-98.042000	0.000000	-51.739000	0.000000	-341.974000	0.000000	-119.067000	0.000000	81.684000	0.000000

2024-08-26	12:26:31	1724667991.362978	-43079.997002	-0.044311	-0.200625	-167.698450	131.756947	-151.152390	112.984199	249.368829	107.699695	81.385564	165.681235	-214.759165	129.728805	14.700934	123.414865	-549.273107	48.487560	478.990857	44.629352	-242.095293	0.370798	416.152574	0.163611	-195.504000	0.000000	-5.984224	8.709706	-384.624000	0.000000	-1.976000	0.000000	65.896000	0.000000	123.875000	0.000000	-195.267000	0.000000	66.843000	0.000000	-115.378000	0.000000	-98.042000	0.000000	-51.739000	0.000000	-341.974000	0.000000	-119.067000	0.000000	81.684000	0.000000

2024-08-26	12:26:32	1724667992.363392	-43078.996588	-0.044311	-0.200625	-133.644224	202.203764	-185.959692	209.253889	200.132068	135.463508	131.052496	98.827115	-155.003541	128.701315	-13.878595	99.917894	-532.740339	41.581354	460.458292	32.798088	-241.974962	0.333287	416.286805	0.160168	-195.504000	0.000000	3.116995	9.084036	-384.624000	0.000000	-1.976000	0.000000	65.896000	0.000000	123.875000	0.000000	-195.267000	0.000000	66.843000	0.000000	-115.378000	0.000000	-98.042000	0.000000	-51.739000	0.000000	-341.974000	0.000000	-119.067000	0.000000	81.684000	0.000000

2024-08-26	12:26:33	1724667993.362806	-43077.997173	-0.044311	-0.180762	-174.531607	197.390402	-120.778013	192.367097	244.818137	241.445032	112.144601	195.643477	-228.522942	64.139262	63.706903	76.306441	-464.011191	48.048584	392.754857	45.587638	-242.355239	0.220596	416.221721	0.113141	-195.504000	0.000000	4.426245	7.529440	-384.624000	0.000000	-1.976000	0.000000	65.896000	0.000000	123.875000	0.000000	-195.267000	0.000000	66.843000	0.000000	-115.378000	0.000000	-98.042000	0.000000	-51.739000	0.000000	-341.974000	0.000000	-119.067000	0.000000	81.684000	0.000000

2024-08-26	12:26:34	1724667994.363128	-43076.996851	-0.044311	-0.180762	-118.336505	109.848574	-212.058488	115.240346	19.707706	126.161838	321.689197	159.022139	-113.174888	114.051386	-81.392673	139.070160	-541.522391	54.583723	468.385583	53.796200	-242.255912	0.245470	416.238551	0.226245	-195.504000	0.000000	-2.673217	8.232169	-384.624000	0.000000	-1.976000	0.000000	65.896000	0.000000	123.875000	0.000000	-195.267000	0.000000	66.843000	0.000000	-115.378000	0.000000	-98.042000	0.000000	-51.739000	0.000000	-341.974000	0.000000	-119.067000	0.000000	81.684000	0.000000

