Date/C:Time:TimeStamp/D:time:VMeas:IMeas:I_00:DI_00:I_01:DI_01:I_02:DI_02:I_03:DI_03:I_04:DI_04:I_05:DI_05:I_06:DI_06:I_07:DI_07:I_08:DI_08:I_09:DI_09:I_10:DI_10:I_11:DI_11:I_12:DI_12:I_13:DI_13:I_14:DI_14:I_15:DI_15:I_16:DI_16:I_17:DI_17:I_18:DI_18:I_19:DI_19:I_20:DI_20:I_21:DI_21:I_22:DI_22:I_23:DI_23
2024-08-26	12:14:25	1724667265.326991	-43200.000000	-0.044311	-0.220485	-258.493559	139.677223	-49.983088	149.973907	272.123336	77.512899	53.596136	121.613834	-179.297443	69.490697	-14.855871	64.769228	-550.767705	45.962857	484.154628	39.412334	-242.516326	0.176354	416.574447	0.180940	-195.504000	0.000000	-17.197075	9.668168	-384.624000	0.000000	-1.976000	0.000000	65.896000	0.000000	123.875000	0.000000	-195.267000	0.000000	66.843000	0.000000	-115.378000	0.000000	-98.042000	0.000000	-51.739000	0.000000	-341.974000	0.000000	-119.067000	0.000000	81.684000	0.000000

2024-08-26	12:14:26	1724667266.327809	-43198.999182	-0.044311	-0.200625	-196.065608	125.842858	-148.631325	158.951474	228.541127	82.597057	83.535176	102.362592	-227.205650	82.291530	22.008696	91.103870	-540.698747	35.108855	470.419589	34.176985	-242.539454	0.152499	417.015541	0.302635	-195.504000	0.000000	-20.811207	12.688096	-384.624000	0.000000	-1.976000	0.000000	65.896000	0.000000	123.875000	0.000000	-195.267000	0.000000	66.843000	0.000000	-115.378000	0.000000	-98.042000	0.000000	-51.739000	0.000000	-341.974000	0.000000	-119.067000	0.000000	81.684000	0.000000

2024-08-26	12:14:27	1724667267.327206	-43197.999785	-0.044311	-0.200625	-179.443793	245.649012	-104.248400	227.535097	205.635524	135.176385	175.908376	155.430947	-172.804974	54.699058	21.993635	43.680302	-533.800523	46.091598	471.471647	47.251794	-242.252106	0.164285	417.050430	0.341547	-195.504000	0.000000	-15.344891	6.545108	-384.624000	0.000000	-1.976000	0.000000	65.896000	0.000000	123.875000	0.000000	-195.267000	0.000000	66.843000	0.000000	-115.378000	0.000000	-98.042000	0.000000	-51.739000	0.000000	-341.974000	0.000000	-119.067000	0.000000	81.684000	0.000000

2024-08-26	12:14:28	1724667268.327621	-43196.999371	-0.044311	-0.200625	-91.521859	364.490877	-259.798320	278.694479	40.433288	174.118317	246.973239	199.625267	-180.564326	112.677424	-31.420130	141.374373	-521.341615	93.095896	447.011222	77.964234	-242.259488	0.264186	417.034344	0.168093	-195.504000	0.000000	-19.434978	7.260275	-384.624000	0.000000	-1.976000	0.000000	65.896000	0.000000	123.875000	0.000000	-195.267000	0.000000	66.843000	0.000000	-115.378000	0.000000	-98.042000	0.000000	-51.739000	0.000000	-341.974000	0.000000	-119.067000	0.000000	81.684000	0.000000

2024-08-26	12:14:29	1724667269.327036	-43195.999955	-0.044311	-0.200625	-195.942535	252.667784	-106.389709	219.221730	266.542545	155.819306	87.411063	197.303798	-168.027025	63.388499	-22.235855	69.918264	-525.221097	23.359464	462.798870	28.552402	-242.169284	0.173405	417.210351	0.237300	-195.504000	0.000000	-18.721477	6.405840	-384.624000	0.000000	-1.976000	0.000000	65.896000	0.000000	123.875000	0.000000	-195.267000	0.000000	66.843000	0.000000	-115.378000	0.000000	-98.042000	0.000000	-51.739000	0.000000	-341.974000	0.000000	-119.067000	0.000000	81.684000	0.000000

2024-08-26	12:14:30	1724667270.327450	-43194.999541	-0.044311	-0.200625	-231.880876	409.301234	-87.718252	408.497981	85.287967	286.906635	280.700469	294.127587	-195.169593	86.190946	8.555370	65.166569	-505.089055	53.675114	438.910792	56.982055	-242.001144	0.193317	417.017419	0.139614	-195.504000	0.000000	-21.776583	7.405713	-384.624000	0.000000	-1.976000	0.000000	65.896000	0.000000	123.875000	0.000000	-195.267000	0.000000	66.843000	0.000000	-115.378000	0.000000	-98.042000	0.000000	-51.739000	0.000000	-341.974000	0.000000	-119.067000	0.000000	81.684000	0.000000

2024-08-26	12:14:31	1724667271.328130	-43193.998861	-0.044311	-0.200625	-338.542586	72.768730	11.192881	83.364502	328.299966	109.331913	-32.976798	142.942913	-220.611885	201.684887	21.353437	185.725936	-531.512773	68.426501	461.190326	64.080438	-242.269281	0.157655	416.994330	0.108353	-195.504000	0.000000	-15.226322	5.189392	-384.624000	0.000000	-1.976000	0.000000	65.896000	0.000000	123.875000	0.000000	-195.267000	0.000000	66.843000	0.000000	-115.378000	0.000000	-98.042000	0.000000	-51.739000	0.000000	-341.974000	0.000000	-119.067000	0.000000	81.684000	0.000000

2024-08-26	12:14:32	1724667272.328544	-43192.998447	-0.044311	-0.220485	-27.139787	112.979407	-283.315500	102.264652	173.159147	68.021292	179.628433	125.098004	-137.324636	203.988774	-46.523013	196.838033	-557.735957	62.304515	488.980823	55.331732	-242.139533	0.232524	417.008620	0.158208	-195.504000	0.000000	-23.069449	6.705208	-384.624000	0.000000	-1.976000	0.000000	65.896000	0.000000	123.875000	0.000000	-195.267000	0.000000	66.843000	0.000000	-115.378000	0.000000	-98.042000	0.000000	-51.739000	0.000000	-341.974000	0.000000	-119.067000	0.000000	81.684000	0.000000

2024-08-26	12:14:33	1724667273.327960	-43191.999032	-0.044311	-0.220485	-36.322993	158.695748	-260.395186	166.676774	200.943216	125.399448	161.608423	139.888871	-143.538808	67.069529	-31.126944	66.438381	-478.399297	49.854665	413.256092	50.485230	-241.758922	0.180744	416.616535	0.282400	-195.504000	0.000000	-15.075292	10.079327	-384.624000	0.000000	-1.976000	0.000000	65.896000	0.000000	123.875000	0.000000	-195.267000	0.000000	66.843000	0.000000	-115.378000	0.000000	-98.042000	0.000000	-51.739000	0.000000	-341.974000	0.000000	-119.067000	0.000000	81.684000	0.000000

2024-08-26	12:14:34	1724667274.328374	-43190.998617	-0.044311	-0.220485	-188.850408	182.816198	-135.594483	196.612694	144.727129	121.091539	184.151476	153.045310	-202.438205	215.099139	14.021071	202.695401	-549.468268	88.182485	481.063756	88.882687	-242.097779	0.235420	416.925626	0.191400	-195.504000	0.000000	-21.533210	6.944671	-384.624000	0.000000	-1.976000	0.000000	65.896000	0.000000	123.875000	0.000000	-195.267000	0.000000	66.843000	0.000000	-115.378000	0.000000	-98.042000	0.000000	-51.739000	0.000000	-341.974000	0.000000	-119.067000	0.000000	81.684000	0.000000

2024-08-26	12:14:35	1724667275.327789	-43189.999202	-0.044311	-0.220485	34.054084	183.231381	-351.150138	191.998370	129.023362	197.719273	184.369541	217.734133	-249.401016	155.400329	45.307542	68.693094	-508.373916	58.771829	439.743771	58.113809	-242.064093	0.195552	417.110966	0.157126	-195.504000	0.000000	-11.302248	7.249567	-384.624000	0.000000	-1.976000	0.000000	65.896000	0.000000	123.875000	0.000000	-195.267000	0.000000	66.843000	0.000000	-115.378000	0.000000	-98.042000	0.000000	-51.739000	0.000000	-341.974000	0.000000	-119.067000	0.000000	81.684000	0.000000

2024-08-26	12:14:36	1724667276.328222	-43188.998769	-0.044311	-0.220485	-90.933093	131.681884	-217.178263	162.025982	177.591807	261.034111	182.334348	272.929521	-160.431286	43.073503	-11.531091	80.627983	-502.462246	56.088343	436.369056	53.644539	-241.934057	0.254646	417.318636	0.228538	-195.504000	0.000000	-15.692591	5.677954	-384.624000	0.000000	-1.976000	0.000000	65.896000	0.000000	123.875000	0.000000	-195.267000	0.000000	66.843000	0.000000	-115.378000	0.000000	-98.042000	0.000000	-51.739000	0.000000	-341.974000	0.000000	-119.067000	0.000000	81.684000	0.000000

2024-08-26	12:14:37	1724667277.328249	-43187.998742	-0.044311	-0.220485	-245.653979	256.782962	-73.747900	240.711892	223.437113	89.675157	103.476297	101.856883	-182.132127	150.409079	0.409411	115.646233	-541.626639	30.779850	474.441278	29.361069	-242.392300	0.279752	416.974131	0.178374	-195.504000	0.000000	-16.943120	9.733967	-384.624000	0.000000	-1.976000	0.000000	65.896000	0.000000	123.875000	0.000000	-195.267000	0.000000	66.843000	0.000000	-115.378000	0.000000	-98.042000	0.000000	-51.739000	0.000000	-341.974000	0.000000	-119.067000	0.000000	81.684000	0.000000

2024-08-26	12:14:38	1724667278.328664	-43186.998327	-0.044311	-0.213862	-122.137156	442.833188	-195.634603	479.745240	155.810562	140.700417	169.627503	146.044487	-166.721099	141.450233	-14.645155	93.543562	-547.023963	97.728055	478.914476	104.161840	-242.426024	0.248628	416.974261	0.132716	-195.504000	0.000000	-18.428598	13.629575	-384.624000	0.000000	-1.976000	0.000000	65.896000	0.000000	123.875000	0.000000	-195.267000	0.000000	66.843000	0.000000	-115.378000	0.000000	-98.042000	0.000000	-51.739000	0.000000	-341.974000	0.000000	-119.067000	0.000000	81.684000	0.000000

2024-08-26	12:14:39	1724667279.328080	-43185.998911	-0.044311	-0.213862	-26.527130	157.910450	-283.048817	187.624168	204.728854	75.464312	139.009165	110.325362	-196.142442	98.736113	14.354358	68.639676	-461.532475	20.315189	392.811729	17.382371	-242.153803	0.209503	417.157925	0.118173	-195.504000	0.000000	-12.236636	9.393872	-384.624000	0.000000	-1.976000	0.000000	65.896000	0.000000	123.875000	0.000000	-195.267000	0.000000	66.843000	0.000000	-115.378000	0.000000	-98.042000	0.000000	-51.739000	0.000000	-341.974000	0.000000	-119.067000	0.000000	81.684000	0.000000

2024-08-26	12:14:40	1724667280.328494	-43184.998497	-0.044311	-0.213862	-132.216340	122.245031	-174.429691	134.734594	185.888570	148.086142	171.692424	122.131881	-193.638937	76.196494	24.843894	72.425316	-498.352037	36.886364	430.928224	40.231155	-242.002630	0.207633	416.853120	0.140883	-195.504000	0.000000	-12.489168	5.925661	-384.624000	0.000000	-1.976000	0.000000	65.896000	0.000000	123.875000	0.000000	-195.267000	0.000000	66.843000	0.000000	-115.378000	0.000000	-98.042000	0.000000	-51.739000	0.000000	-341.974000	0.000000	-119.067000	0.000000	81.684000	0.000000

2024-08-26	12:14:41	1724667281.327909	-43183.999082	-0.044311	-0.213862	-111.110901	271.146942	-195.171408	264.436806	237.775635	127.680723	102.226639	104.494359	-211.268675	47.895675	24.772850	48.628787	-523.473592	78.272967	456.595269	77.729797	-241.863188	0.195308	416.994847	0.222120	-195.504000	0.000000	-22.469078	9.086580	-384.624000	0.000000	-1.976000	0.000000	65.896000	0.000000	123.875000	0.000000	-195.267000	0.000000	66.843000	0.000000	-115.378000	0.000000	-98.042000	0.000000	-51.739000	0.000000	-341.974000	0.000000	-119.067000	0.000000	81.684000	0.000000

2024-08-26	12:14:42	1724667282.328423	-43182.998568	-0.044311	-0.213862	-56.979113	133.310548	-263.191379	170.900270	137.010588	123.810268	208.077614	114.347215	-142.139197	129.142445	-43.383271	110.098966	-511.981415	69.390090	446.288830	64.238825	-241.705182	0.162849	416.886947	0.279018	-195.504000	0.000000	-13.447911	7.912423	-384.624000	0.000000	-1.976000	0.000000	65.896000	0.000000	123.875000	0.000000	-195.267000	0.000000	66.843000	0.000000	-115.378000	0.000000	-98.042000	0.000000	-51.739000	0.000000	-341.974000	0.000000	-119.067000	0.000000	81.684000	0.000000

2024-08-26	12:14:43	1724667283.327839	-43181.999152	-0.044311	-0.213862	-71.818263	133.495854	-251.871271	141.827752	142.288872	139.864033	178.631124	140.544094	-147.507736	69.139187	-51.580766	78.965373	-489.553724	52.555387	419.741091	49.032013	-241.628716	0.193623	416.825304	0.515613	-195.504000	0.000000	-20.202737	7.544368	-384.624000	0.000000	-1.976000	0.000000	65.896000	0.000000	123.875000	0.000000	-195.267000	0.000000	66.843000	0.000000	-115.378000	0.000000	-98.042000	0.000000	-51.739000	0.000000	-341.974000	0.000000	-119.067000	0.000000	81.684000	0.000000

2024-08-26	12:14:44	1724667284.328254	-43180.998737	-0.044311	-0.213862	-237.690526	277.410775	-78.560593	274.655266	173.598043	134.080605	169.692338	97.379658	-208.318041	87.185726	22.759617	69.879653	-548.980968	23.910335	484.088758	20.776087	-241.519995	0.253995	416.748083	0.253421	-195.504000	0.000000	-16.557682	4.816104	-384.624000	0.000000	-1.976000	0.000000	65.896000	0.000000	123.875000	0.000000	-195.267000	0.000000	66.843000	0.000000	-115.378000	0.000000	-98.042000	0.000000	-51.739000	0.000000	-341.974000	0.000000	-119.067000	0.000000	81.684000	0.000000

2024-08-26	12:14:45	1724667285.327669	-43179.999322	-0.044311	-0.213862	54.207130	136.736910	-360.956673	118.694731	161.097821	187.060969	184.658886	104.649464	-187.285953	135.571251	12.337327	87.135509	-531.556035	19.637294	462.800565	21.945772	-241.679089	0.212262	416.909209	0.188538	-195.504000	0.000000	-7.113613	9.310058	-384.624000	0.000000	-1.976000	0.000000	65.896000	0.000000	123.875000	0.000000	-195.267000	0.000000	66.843000	0.000000	-115.378000	0.000000	-98.042000	0.000000	-51.739000	0.000000	-341.974000	0.000000	-119.067000	0.000000	81.684000	0.000000

2024-08-26	12:14:46	1724667286.328100	-43178.998891	-0.044311	-0.213862	-348.346574	237.176197	46.902681	220.082199	91.278660	54.617525	257.528192	62.895755	-210.717931	132.696392	29.595185	126.156005	-501.439111	21.064560	436.650066	25.773073	-241.995767	0.255017	416.875048	0.175430	-195.504000	0.000000	-23.362502	10.706361	-384.624000	0.000000	-1.976000	0.000000	65.896000	0.000000	123.875000	0.000000	-195.267000	0.000000	66.843000	0.000000	-115.378000	0.000000	-98.042000	0.000000	-51.739000	0.000000	-341.974000	0.000000	-119.067000	0.000000	81.684000	0.000000

2024-08-26	12:14:47	1724667287.328619	-43177.998373	-0.044311	-0.213862	-330.617089	129.250212	4.545284	112.310655	173.372283	125.211336	112.280125	100.851928	-202.439014	121.999037	-12.482666	113.161979	-538.736971	46.910943	467.845360	43.288937	-242.353353	0.241772	416.998964	0.297728	-195.504000	0.000000	-20.391375	6.693596	-384.624000	0.000000	-1.976000	0.000000	65.896000	0.000000	123.875000	0.000000	-195.267000	0.000000	66.843000	0.000000	-115.378000	0.000000	-98.042000	0.000000	-51.739000	0.000000	-341.974000	0.000000	-119.067000	0.000000	81.684000	0.000000

2024-08-26	12:14:48	1724667288.328032	-43176.998959	-0.044311	-0.213862	-252.585341	245.337071	-68.115717	299.877656	334.619542	122.116579	8.283699	212.379475	-104.698036	147.546108	-82.951096	115.278573	-508.383416	52.252904	442.118648	59.273649	-242.114397	0.234876	417.115446	0.182631	-195.504000	0.000000	-18.130720	9.377973	-384.624000	0.000000	-1.976000	0.000000	65.896000	0.000000	123.875000	0.000000	-195.267000	0.000000	66.843000	0.000000	-115.378000	0.000000	-98.042000	0.000000	-51.739000	0.000000	-341.974000	0.000000	-119.067000	0.000000	81.684000	0.000000

2024-08-26	12:14:49	1724667289.328448	-43175.998543	-0.044311	-0.207240	-66.139561	348.539245	-243.343824	302.962775	155.319315	252.973136	213.587006	253.544639	-188.020092	164.347079	0.896676	134.177019	-548.077347	48.481188	481.563073	40.198855	-242.193334	0.183821	417.258142	0.198313	-195.504000	0.000000	-11.784791	8.462546	-384.624000	0.000000	-1.976000	0.000000	65.896000	0.000000	123.875000	0.000000	-195.267000	0.000000	66.843000	0.000000	-115.378000	0.000000	-98.042000	0.000000	-51.739000	0.000000	-341.974000	0.000000	-119.067000	0.000000	81.684000	0.000000

2024-08-26	12:14:50	1724667290.327862	-43174.999129	-0.044311	-0.207240	-118.766262	175.253164	-192.693606	163.564681	289.171962	167.369838	44.455110	116.640603	-185.124007	129.474880	10.962980	96.605891	-494.327201	102.483465	431.189564	102.662997	-242.023888	0.209204	416.943984	0.158801	-195.504000	0.000000	-10.476225	9.622523	-384.624000	0.000000	-1.976000	0.000000	65.896000	0.000000	123.875000	0.000000	-195.267000	0.000000	66.843000	0.000000	-115.378000	0.000000	-98.042000	0.000000	-51.739000	0.000000	-341.974000	0.000000	-119.067000	0.000000	81.684000	0.000000

2024-08-26	12:14:51	1724667291.328277	-43173.998714	-0.044311	-0.207240	-59.148980	164.967579	-254.281810	167.178670	61.978747	205.005521	255.888268	228.656848	-202.707937	103.904615	13.677364	80.687803	-521.652345	24.008703	448.803149	27.212395	-241.928507	0.149604	416.967062	0.226638	-195.504000	0.000000	-8.442332	10.885098	-384.624000	0.000000	-1.976000	0.000000	65.896000	0.000000	123.875000	0.000000	-195.267000	0.000000	66.843000	0.000000	-115.378000	0.000000	-98.042000	0.000000	-51.739000	0.000000	-341.974000	0.000000	-119.067000	0.000000	81.684000	0.000000

2024-08-26	12:14:52	1724667292.327852	-43172.999139	-0.044311	-0.207240	-201.362651	210.376987	-94.435226	207.126426	138.263495	165.684965	220.475306	136.236927	-164.715078	64.110455	4.410681	64.543401	-474.359579	47.927214	407.186613	47.599251	-242.052888	0.219838	416.632752	0.200546	-195.504000	0.000000	-0.787012	11.216001	-384.624000	0.000000	-1.976000	0.000000	65.896000	0.000000	123.875000	0.000000	-195.267000	0.000000	66.843000	0.000000	-115.378000	0.000000	-98.042000	0.000000	-51.739000	0.000000	-341.974000	0.000000	-119.067000	0.000000	81.684000	0.000000

2024-08-26	12:14:53	1724667293.328249	-43171.998742	-0.044311	-0.207240	137.804444	227.557388	-481.265532	243.698152	249.229908	127.016179	78.903946	69.311924	-175.170599	170.664657	-24.884902	138.072029	-556.189718	42.283701	490.558258	46.928422	-242.103518	0.220754	416.594719	0.169176	-195.504000	0.000000	-17.548134	11.940764	-384.624000	0.000000	-1.976000	0.000000	65.896000	0.000000	123.875000	0.000000	-195.267000	0.000000	66.843000	0.000000	-115.378000	0.000000	-98.042000	0.000000	-51.739000	0.000000	-341.974000	0.000000	-119.067000	0.000000	81.684000	0.000000

2024-08-26	12:14:54	1724667294.327664	-43170.999327	-0.044311	-0.194003	-132.011805	172.974368	-184.908126	117.149985	49.970399	199.423609	279.957339	191.589307	-113.449883	97.558769	-72.077782	102.928623	-470.136218	33.907401	403.142387	31.509537	-242.468136	0.197304	416.506740	0.149116	-195.504000	0.000000	-8.596505	5.148472	-384.624000	0.000000	-1.976000	0.000000	65.896000	0.000000	123.875000	0.000000	-195.267000	0.000000	66.843000	0.000000	-115.378000	0.000000	-98.042000	0.000000	-51.739000	0.000000	-341.974000	0.000000	-119.067000	0.000000	81.684000	0.000000

2024-08-26	12:14:55	1724667295.328078	-43169.998913	-0.044311	-0.194003	-134.999289	245.695845	-159.521510	190.333558	288.439152	171.474949	69.798365	124.164871	-242.534278	96.580886	70.014421	50.193150	-510.275069	47.099330	442.054254	39.261706	-242.397123	0.205300	416.808807	0.130422	-195.504000	0.000000	-15.638814	8.187671	-384.624000	0.000000	-1.976000	0.000000	65.896000	0.000000	123.875000	0.000000	-195.267000	0.000000	66.843000	0.000000	-115.378000	0.000000	-98.042000	0.000000	-51.739000	0.000000	-341.974000	0.000000	-119.067000	0.000000	81.684000	0.000000

2024-08-26	12:14:56	1724667296.329493	-43168.997498	-0.044311	-0.194003	-196.893219	187.910739	-125.052795	211.079681	207.807969	122.538740	114.159085	117.859896	-196.810269	127.012040	8.090054	96.571479	-514.576236	51.569608	448.271599	47.070496	-242.435099	0.152078	417.145612	0.156965	-195.504000	0.000000	-13.552086	14.026189	-384.624000	0.000000	-1.976000	0.000000	65.896000	0.000000	123.875000	0.000000	-195.267000	0.000000	66.843000	0.000000	-115.378000	0.000000	-98.042000	0.000000	-51.739000	0.000000	-341.974000	0.000000	-119.067000	0.000000	81.684000	0.000000

2024-08-26	12:14:57	1724667297.328908	-43167.998083	-0.044311	-0.194003	-146.389060	437.549199	-160.876969	424.684210	236.587342	62.243105	97.408026	38.864145	-134.913152	55.652880	-52.306129	66.177355	-505.902591	27.681052	438.988747	21.279816	-242.121272	0.280600	416.890423	0.280037	-195.504000	0.000000	-16.608040	6.905205	-384.624000	0.000000	-1.976000	0.000000	65.896000	0.000000	123.875000	0.000000	-195.267000	0.000000	66.843000	0.000000	-115.378000	0.000000	-98.042000	0.000000	-51.739000	0.000000	-341.974000	0.000000	-119.067000	0.000000	81.684000	0.000000

2024-08-26	12:14:58	1724667298.330347	-43166.996644	-0.044311	-0.194003	130.652243	161.108912	-452.779950	174.590426	173.906877	131.832812	177.414559	154.198086	-206.150155	128.383777	24.244361	116.321568	-575.960478	35.096625	507.039022	35.814735	-242.213339	0.286661	416.620472	0.153353	-195.504000	0.000000	-14.328009	8.268266	-384.624000	0.000000	-1.976000	0.000000	65.896000	0.000000	123.875000	0.000000	-195.267000	0.000000	66.843000	0.000000	-115.378000	0.000000	-98.042000	0.000000	-51.739000	0.000000	-341.974000	0.000000	-119.067000	0.000000	81.684000	0.000000

2024-08-26	12:14:59	1724667299.329763	-43165.997228	-0.044311	-0.194003	-312.401900	341.799267	-2.096545	312.581618	176.218326	196.640661	150.190071	227.748127	-257.032059	178.890699	51.699682	148.065198	-538.132643	35.205587	471.955891	38.299269	-242.230867	0.172540	416.877632	0.356490	-195.504000	0.000000	-28.131655	8.113553	-384.624000	0.000000	-1.976000	0.000000	65.896000	0.000000	123.875000	0.000000	-195.267000	0.000000	66.843000	0.000000	-115.378000	0.000000	-98.042000	0.000000	-51.739000	0.000000	-341.974000	0.000000	-119.067000	0.000000	81.684000	0.000000

2024-08-26	12:15:00	1724667300.330177	-43164.996814	-0.044311	-0.207240	-86.082031	130.941738	-231.773629	128.226004	175.171886	129.528617	180.741936	215.136159	-146.781285	118.828853	-24.298592	125.222299	-519.162649	25.650617	453.813304	26.350390	-242.449600	0.179787	417.148345	0.184924	-195.504000	0.000000	-20.039882	14.842168	-384.624000	0.000000	-1.976000	0.000000	65.896000	0.000000	123.875000	0.000000	-195.267000	0.000000	66.843000	0.000000	-115.378000	0.000000	-98.042000	0.000000	-51.739000	0.000000	-341.974000	0.000000	-119.067000	0.000000	81.684000	0.000000

2024-08-26	12:15:01	1724667301.329592	-43163.997399	-0.044311	-0.207240	-115.704960	335.542781	-211.400769	355.273040	237.073139	98.858345	78.936779	105.717100	-206.619582	151.081197	-3.767567	178.218075	-517.884443	13.607475	449.978752	16.284543	-242.388775	0.319334	416.994441	0.293107	-195.504000	0.000000	-26.044988	8.998906	-384.624000	0.000000	-1.976000	0.000000	65.896000	0.000000	123.875000	0.000000	-195.267000	0.000000	66.843000	0.000000	-115.378000	0.000000	-98.042000	0.000000	-51.739000	0.000000	-341.974000	0.000000	-119.067000	0.000000	81.684000	0.000000

2024-08-26	12:15:02	1724667302.330006	-43162.996985	-0.044311	-0.207240	-167.243475	184.577011	-148.575470	148.818401	153.158676	111.322741	210.628913	93.781879	-174.500446	152.633757	-13.433519	160.393505	-535.007837	54.313821	469.260743	45.080052	-242.220085	0.231867	417.019307	0.306825	-195.504000	0.000000	-18.316634	9.810304	-384.624000	0.000000	-1.976000	0.000000	65.896000	0.000000	123.875000	0.000000	-195.267000	0.000000	66.843000	0.000000	-115.378000	0.000000	-98.042000	0.000000	-51.739000	0.000000	-341.974000	0.000000	-119.067000	0.000000	81.684000	0.000000

2024-08-26	12:15:03	1724667303.329683	-43161.997308	-0.044311	-0.207240	-87.293595	226.772755	-218.334897	251.201215	156.861683	154.195671	175.853732	203.812539	-222.948469	112.837436	33.707897	157.558464	-519.393594	69.585804	448.312689	65.209505	-242.029562	0.234716	417.101272	0.160430	-195.504000	0.000000	-10.911342	9.102111	-384.624000	0.000000	-1.976000	0.000000	65.896000	0.000000	123.875000	0.000000	-195.267000	0.000000	66.843000	0.000000	-115.378000	0.000000	-98.042000	0.000000	-51.739000	0.000000	-341.974000	0.000000	-119.067000	0.000000	81.684000	0.000000

2024-08-26	12:15:04	1724667304.330097	-43160.996894	-0.044311	-0.207240	-179.218180	347.993449	-139.980676	354.158743	271.353497	165.934350	64.949819	158.932094	-196.588687	73.758134	29.974552	49.440665	-506.310254	81.275193	436.872440	79.974141	-241.785634	0.207943	417.105846	0.150797	-195.504000	0.000000	-23.226302	8.451367	-384.624000	0.000000	-1.976000	0.000000	65.896000	0.000000	123.875000	0.000000	-195.267000	0.000000	66.843000	0.000000	-115.378000	0.000000	-98.042000	0.000000	-51.739000	0.000000	-341.974000	0.000000	-119.067000	0.000000	81.684000	0.000000

2024-08-26	12:15:05	1724667305.329531	-43159.997460	-0.044311	-0.220485	155.330498	259.564806	-449.437020	280.364807	242.732467	258.769353	125.283695	231.665914	-189.152804	160.030600	24.090514	134.073410	-483.873738	64.725742	421.288271	68.023775	-242.151374	0.180667	417.252387	0.226567	-195.504000	0.000000	-17.876764	7.719522	-384.624000	0.000000	-1.976000	0.000000	65.896000	0.000000	123.875000	0.000000	-195.267000	0.000000	66.843000	0.000000	-115.378000	0.000000	-98.042000	0.000000	-51.739000	0.000000	-341.974000	0.000000	-119.067000	0.000000	81.684000	0.000000

2024-08-26	12:15:06	1724667306.329927	-43158.997064	-0.044311	-0.220485	-270.350911	258.477144	-74.490988	251.149492	80.464347	114.052367	199.511365	111.775209	-250.367626	220.471408	31.069519	153.384376	-488.048147	82.471919	410.585538	69.819983	-241.843161	0.173759	417.254858	0.175793	-195.504000	0.000000	-9.147699	8.283827	-384.624000	0.000000	-1.976000	0.000000	65.896000	0.000000	123.875000	0.000000	-195.267000	0.000000	66.843000	0.000000	-115.378000	0.000000	-98.042000	0.000000	-51.739000	0.000000	-341.974000	0.000000	-119.067000	0.000000	81.684000	0.000000

2024-08-26	12:15:07	1724667307.330341	-43157.996650	-0.044311	-0.220485	-191.810079	247.526625	-95.248489	225.655076	275.707329	120.518132	99.281746	122.342182	-87.751953	170.484746	-72.184006	132.679886	-518.687915	33.397440	456.193032	37.435256	-242.093559	0.158404	417.300844	0.270276	-195.504000	0.000000	-15.353162	9.058079	-384.624000	0.000000	-1.976000	0.000000	65.896000	0.000000	123.875000	0.000000	-195.267000	0.000000	66.843000	0.000000	-115.378000	0.000000	-98.042000	0.000000	-51.739000	0.000000	-341.974000	0.000000	-119.067000	0.000000	81.684000	0.000000

2024-08-26	12:15:08	1724667308.330179	-43156.996812	-0.044311	-0.220485	-170.225351	250.733875	-147.357595	261.044731	85.026992	142.534272	237.618269	197.090058	-231.982651	131.487939	35.053531	133.984546	-531.846659	16.283714	460.081445	12.776999	-242.216389	0.181325	417.346381	0.317110	-195.504000	0.000000	-18.084678	6.533155	-384.624000	0.000000	-1.976000	0.000000	65.896000	0.000000	123.875000	0.000000	-195.267000	0.000000	66.843000	0.000000	-115.378000	0.000000	-98.042000	0.000000	-51.739000	0.000000	-341.974000	0.000000	-119.067000	0.000000	81.684000	0.000000

2024-08-26	12:15:09	1724667309.329575	-43155.997416	-0.044311	-0.220485	-182.073661	339.446386	-119.220103	364.619172	161.718949	186.984101	195.566146	232.790831	-117.354414	218.816575	-64.376488	211.180002	-524.312382	76.434972	459.621520	73.563043	-242.416405	0.188140	417.059137	0.189488	-195.504000	0.000000	-15.495593	6.917407	-384.624000	0.000000	-1.976000	0.000000	65.896000	0.000000	123.875000	0.000000	-195.267000	0.000000	66.843000	0.000000	-115.378000	0.000000	-98.042000	0.000000	-51.739000	0.000000	-341.974000	0.000000	-119.067000	0.000000	81.684000	0.000000

2024-08-26	12:15:10	1724667310.329989	-43154.997002	-0.044311	-0.200625	24.519350	402.435514	-373.376660	383.088047	150.900065	113.302702	161.568556	93.322434	-242.353647	114.841111	31.038285	103.238262	-577.386876	91.680450	507.696182	88.916657	-242.718908	0.200196	416.818237	0.205570	-195.504000	0.000000	-17.315853	7.209362	-384.624000	0.000000	-1.976000	0.000000	65.896000	0.000000	123.875000	0.000000	-195.267000	0.000000	66.843000	0.000000	-115.378000	0.000000	-98.042000	0.000000	-51.739000	0.000000	-341.974000	0.000000	-119.067000	0.000000	81.684000	0.000000

2024-08-26	12:15:11	1724667311.329404	-43153.997587	-0.044311	-0.200625	-139.626668	171.483975	-152.678308	141.705058	319.855721	84.887695	40.108873	73.044715	-91.450285	169.226497	-60.138227	127.542635	-493.081185	98.361851	426.422774	92.235235	-242.782650	0.264338	416.928599	0.194715	-195.504000	0.000000	-6.494686	6.267018	-384.624000	0.000000	-1.976000	0.000000	65.896000	0.000000	123.875000	0.000000	-195.267000	0.000000	66.843000	0.000000	-115.378000	0.000000	-98.042000	0.000000	-51.739000	0.000000	-341.974000	0.000000	-119.067000	0.000000	81.684000	0.000000

2024-08-26	12:15:12	1724667312.329820	-43152.997171	-0.044311	-0.200625	-108.537237	302.353662	-211.021804	302.898221	80.174683	71.434642	257.891452	113.318669	-226.543454	201.315461	28.123885	164.655207	-526.367620	48.686380	455.962478	49.933431	-242.643757	0.111471	417.219950	0.163060	-195.504000	0.000000	-16.906113	10.727094	-384.624000	0.000000	-1.976000	0.000000	65.896000	0.000000	123.875000	0.000000	-195.267000	0.000000	66.843000	0.000000	-115.378000	0.000000	-98.042000	0.000000	-51.739000	0.000000	-341.974000	0.000000	-119.067000	0.000000	81.684000	0.000000

2024-08-26	12:15:13	1724667313.330574	-43151.996417	-0.044311	-0.200625	-96.242613	154.735574	-201.945809	182.235858	265.640200	165.828623	94.134155	207.518782	-256.845136	81.549234	93.132988	73.301787	-481.957696	64.021222	419.702820	61.617469	-242.746171	0.217312	417.465181	0.136519	-195.504000	0.000000	-10.460119	11.919636	-384.624000	0.000000	-1.976000	0.000000	65.896000	0.000000	123.875000	0.000000	-195.267000	0.000000	66.843000	0.000000	-115.378000	0.000000	-98.042000	0.000000	-51.739000	0.000000	-341.974000	0.000000	-119.067000	0.000000	81.684000	0.000000

2024-08-26	12:15:14	1724667314.330976	-43150.996015	-0.044311	-0.200625	-81.773220	347.064251	-244.693737	293.987310	98.666452	153.304878	213.680871	163.663080	-117.261605	154.061564	-79.741657	108.781634	-470.041587	70.737792	398.237421	67.001667	-242.470706	0.101548	417.357130	0.245274	-195.504000	0.000000	-11.738364	12.232129	-384.624000	0.000000	-1.976000	0.000000	65.896000	0.000000	123.875000	0.000000	-195.267000	0.000000	66.843000	0.000000	-115.378000	0.000000	-98.042000	0.000000	-51.739000	0.000000	-341.974000	0.000000	-119.067000	0.000000	81.684000	0.000000

2024-08-26	12:15:15	1724667315.330391	-43149.996600	-0.044311	-0.200625	17.676488	149.076798	-317.243665	136.527534	168.883372	60.431599	184.349821	97.216706	-155.591699	128.806082	-13.629948	96.354012	-507.897918	60.788513	440.096532	62.087126	-242.518094	0.240737	417.547701	0.241770	-195.504000	0.000000	-9.456677	9.292362	-384.624000	0.000000	-1.976000	0.000000	65.896000	0.000000	123.875000	0.000000	-195.267000	0.000000	66.843000	0.000000	-115.378000	0.000000	-98.042000	0.000000	-51.739000	0.000000	-341.974000	0.000000	-119.067000	0.000000	81.684000	0.000000

2024-08-26	12:15:16	1724667316.330807	-43148.996184	-0.044311	-0.227103	-196.465280	152.372609	-103.901078	164.968959	213.318917	200.698994	124.990688	211.698787	-211.031426	159.783677	26.917266	143.102759	-479.924615	59.795845	410.799203	63.016879	-242.359890	0.223873	417.535005	0.249513	-195.504000	0.000000	-12.328367	6.951905	-384.624000	0.000000	-1.976000	0.000000	65.896000	0.000000	123.875000	0.000000	-195.267000	0.000000	66.843000	0.000000	-115.378000	0.000000	-98.042000	0.000000	-51.739000	0.000000	-341.974000	0.000000	-119.067000	0.000000	81.684000	0.000000

2024-08-26	12:15:17	1724667317.331221	-43147.995770	-0.044311	-0.227103	-200.921825	357.409341	-123.638384	401.585119	91.776901	138.207568	252.192109	163.782005	-136.964050	137.417785	-50.075766	147.954956	-506.667565	49.258502	439.516879	55.052087	-242.661486	0.235561	417.419897	0.271528	-195.504000	0.000000	-11.018111	6.121168	-384.624000	0.000000	-1.976000	0.000000	65.896000	0.000000	123.875000	0.000000	-195.267000	0.000000	66.843000	0.000000	-115.378000	0.000000	-98.042000	0.000000	-51.739000	0.000000	-341.974000	0.000000	-119.067000	0.000000	81.684000	0.000000

2024-08-26	12:15:18	1724667318.330636	-43146.996356	-0.044311	-0.227103	-53.798203	295.753661	-247.917533	289.776100	192.470067	143.201690	169.846311	151.546602	-166.602441	103.225779	-14.824156	83.681134	-501.984903	64.947992	436.192735	68.115602	-242.698489	0.131785	417.539498	0.160824	-195.504000	0.000000	-15.955665	4.548536	-384.624000	0.000000	-1.976000	0.000000	65.896000	0.000000	123.875000	0.000000	-195.267000	0.000000	66.843000	0.000000	-115.378000	0.000000	-98.042000	0.000000	-51.739000	0.000000	-341.974000	0.000000	-119.067000	0.000000	81.684000	0.000000

2024-08-26	12:15:19	1724667319.331028	-43145.995963	-0.044311	-0.227103	-82.433875	397.601304	-244.237727	378.404842	134.462661	189.947690	174.875162	175.770487	-287.192649	80.817464	96.992065	68.179291	-556.673216	46.786594	482.550557	48.173974	-242.269346	0.131041	417.368901	0.144382	-195.504000	0.000000	-10.451435	6.106029	-384.624000	0.000000	-1.976000	0.000000	65.896000	0.000000	123.875000	0.000000	-195.267000	0.000000	66.843000	0.000000	-115.378000	0.000000	-98.042000	0.000000	-51.739000	0.000000	-341.974000	0.000000	-119.067000	0.000000	81.684000	0.000000

2024-08-26	12:15:20	1724667320.330443	-43144.996548	-0.044311	-0.227103	25.563627	206.416267	-318.865911	175.492326	249.044534	274.093998	117.883233	363.557382	-129.676094	125.959351	-42.214748	144.232901	-499.657725	57.118102	430.218232	62.571567	-242.395962	0.180156	417.436139	0.216988	-195.504000	0.000000	-12.735029	5.922716	-384.624000	0.000000	-1.976000	0.000000	65.896000	0.000000	123.875000	0.000000	-195.267000	0.000000	66.843000	0.000000	-115.378000	0.000000	-98.042000	0.000000	-51.739000	0.000000	-341.974000	0.000000	-119.067000	0.000000	81.684000	0.000000

2024-08-26	12:15:21	1724667321.330857	-43143.996134	-0.044311	-0.174143	-163.061043	200.522521	-148.990612	192.514214	74.655115	146.943277	265.430008	145.521170	-194.463688	156.823028	2.470973	159.683104	-528.722592	63.223220	467.478670	67.632951	-242.625385	0.238907	417.367917	0.142029	-195.504000	0.000000	-23.922395	6.331162	-384.624000	0.000000	-1.976000	0.000000	65.896000	0.000000	123.875000	0.000000	-195.267000	0.000000	66.843000	0.000000	-115.378000	0.000000	-98.042000	0.000000	-51.739000	0.000000	-341.974000	0.000000	-119.067000	0.000000	81.684000	0.000000

2024-08-26	12:15:22	1724667322.330273	-43142.996718	-0.044311	-0.174143	-256.178057	187.392339	-77.808945	164.134740	231.798950	77.733203	79.967593	82.699184	-163.489352	125.866592	-30.463038	117.592505	-517.774988	42.014579	449.482500	37.348543	-242.547698	0.296457	417.226773	0.312530	-195.504000	0.000000	-19.803057	6.859697	-384.624000	0.000000	-1.976000	0.000000	65.896000	0.000000	123.875000	0.000000	-195.267000	0.000000	66.843000	0.000000	-115.378000	0.000000	-98.042000	0.000000	-51.739000	0.000000	-341.974000	0.000000	-119.067000	0.000000	81.684000	0.000000

2024-08-26	12:15:23	1724667323.330687	-43141.996304	-0.044311	-0.174143	-103.309516	278.163267	-220.552058	254.837432	211.641797	110.132403	137.544792	129.411416	-166.655360	156.597519	-25.045318	129.981473	-537.148149	66.726686	467.316803	64.030234	-242.552160	0.270124	416.973873	0.145743	-195.504000	0.000000	-23.578329	10.483738	-384.624000	0.000000	-1.976000	0.000000	65.896000	0.000000	123.875000	0.000000	-195.267000	0.000000	66.843000	0.000000	-115.378000	0.000000	-98.042000	0.000000	-51.739000	0.000000	-341.974000	0.000000	-119.067000	0.000000	81.684000	0.000000

2024-08-26	12:15:24	1724667324.330606	-43140.996385	-0.044311	-0.174143	-192.025565	143.617263	-115.705548	138.011389	183.591134	91.688351	146.433427	108.481150	-167.263099	79.443670	-11.471472	74.274234	-493.785663	44.989788	422.421818	47.610949	-242.798480	0.175022	416.713367	0.246832	-195.504000	0.000000	-10.948347	5.581463	-384.624000	0.000000	-1.976000	0.000000	65.896000	0.000000	123.875000	0.000000	-195.267000	0.000000	66.843000	0.000000	-115.378000	0.000000	-98.042000	0.000000	-51.739000	0.000000	-341.974000	0.000000	-119.067000	0.000000	81.684000	0.000000

2024-08-26	12:15:25	1724667325.331020	-43139.995971	-0.044311	-0.174143	-161.778653	274.059123	-135.519731	274.269613	276.744307	138.008969	89.162810	164.630696	-150.750710	139.607022	-23.645676	137.936600	-504.419830	45.411777	439.401095	46.034457	-242.812304	0.143555	416.916095	0.210436	-195.504000	0.000000	-12.877070	6.628807	-384.624000	0.000000	-1.976000	0.000000	65.896000	0.000000	123.875000	0.000000	-195.267000	0.000000	66.843000	0.000000	-115.378000	0.000000	-98.042000	0.000000	-51.739000	0.000000	-341.974000	0.000000	-119.067000	0.000000	81.684000	0.000000

2024-08-26	12:15:26	1724667326.330454	-43138.996537	-0.044311	-0.174143	-160.480916	206.857890	-169.563780	184.468382	170.305901	167.135441	143.937929	155.468615	-238.630988	102.920488	41.754164	91.888350	-536.871078	60.607266	468.243817	58.926461	-242.420641	0.216693	416.853070	0.185739	-195.504000	0.000000	-16.529692	7.081776	-384.624000	0.000000	-1.976000	0.000000	65.896000	0.000000	123.875000	0.000000	-195.267000	0.000000	66.843000	0.000000	-115.378000	0.000000	-98.042000	0.000000	-51.739000	0.000000	-341.974000	0.000000	-119.067000	0.000000	81.684000	0.000000

2024-08-26	12:15:27	1724667327.330851	-43137.996140	-0.044311	-0.187380	-204.749503	100.020603	-111.170974	119.110991	161.480752	237.459205	164.454228	221.878017	-175.461331	162.122557	-9.818183	147.922665	-528.012440	56.432351	461.978824	56.921882	-242.583595	0.230374	417.410014	0.247559	-195.504000	0.000000	-17.217540	9.558135	-384.624000	0.000000	-1.976000	0.000000	65.896000	0.000000	123.875000	0.000000	-195.267000	0.000000	66.843000	0.000000	-115.378000	0.000000	-98.042000	0.000000	-51.739000	0.000000	-341.974000	0.000000	-119.067000	0.000000	81.684000	0.000000

2024-08-26	12:15:28	1724667328.330265	-43136.996726	-0.044311	-0.187380	-167.630098	260.395238	-150.265159	269.018619	177.542701	234.010935	175.002008	251.692488	-177.565599	108.780496	7.246583	112.416008	-519.392322	63.669413	450.466259	61.314126	-242.429759	0.196604	416.929097	0.198352	-195.504000	0.000000	-13.085314	6.370968	-384.624000	0.000000	-1.976000	0.000000	65.896000	0.000000	123.875000	0.000000	-195.267000	0.000000	66.843000	0.000000	-115.378000	0.000000	-98.042000	0.000000	-51.739000	0.000000	-341.974000	0.000000	-119.067000	0.000000	81.684000	0.000000

2024-08-26	12:15:29	1724667329.330797	-43135.996194	-0.044311	-0.187380	10.490832	305.929202	-318.613911	297.940425	185.685142	141.744222	163.218572	132.432769	-225.297439	70.313720	45.989071	67.862059	-482.458144	37.429421	416.927842	43.037629	-242.148326	0.139335	416.626190	0.219936	-195.504000	0.000000	-13.192770	16.203148	-384.624000	0.000000	-1.976000	0.000000	65.896000	0.000000	123.875000	0.000000	-195.267000	0.000000	66.843000	0.000000	-115.378000	0.000000	-98.042000	0.000000	-51.739000	0.000000	-341.974000	0.000000	-119.067000	0.000000	81.684000	0.000000

2024-08-26	12:15:30	1724667330.330233	-43134.996758	-0.044311	-0.187380	-107.108030	155.144492	-228.910917	132.791401	202.277194	144.536167	111.563223	117.232895	-228.160210	148.812238	30.200153	183.799020	-543.240535	54.293161	473.541037	52.117451	-242.404103	0.138258	417.004703	0.161191	-195.504000	0.000000	-14.597685	9.227397	-384.624000	0.000000	-1.976000	0.000000	65.896000	0.000000	123.875000	0.000000	-195.267000	0.000000	66.843000	0.000000	-115.378000	0.000000	-98.042000	0.000000	-51.739000	0.000000	-341.974000	0.000000	-119.067000	0.000000	81.684000	0.000000

2024-08-26	12:15:31	1724667331.330626	-43133.996365	-0.044311	-0.187380	-149.523754	85.311201	-159.324004	83.229270	230.635981	141.959852	120.484747	198.314081	-171.932203	68.575477	-2.526264	80.212433	-550.587866	33.644656	485.833968	37.710905	-242.251347	0.088725	416.861739	0.139627	-195.504000	0.000000	-15.293754	15.537435	-384.624000	0.000000	-1.976000	0.000000	65.896000	0.000000	123.875000	0.000000	-195.267000	0.000000	66.843000	0.000000	-115.378000	0.000000	-98.042000	0.000000	-51.739000	0.000000	-341.974000	0.000000	-119.067000	0.000000	81.684000	0.000000

2024-08-26	12:15:32	1724667332.331041	-43132.995950	-0.044311	-0.200625	-153.623194	107.150634	-163.449055	65.804553	259.961047	232.400230	82.691189	277.941672	-151.489189	95.900266	-36.259166	43.590646	-497.865829	68.696472	428.938032	61.949215	-242.093507	0.221445	416.918876	0.266715	-195.504000	0.000000	-16.837362	7.821532	-384.624000	0.000000	-1.976000	0.000000	65.896000	0.000000	123.875000	0.000000	-195.267000	0.000000	66.843000	0.000000	-115.378000	0.000000	-98.042000	0.000000	-51.739000	0.000000	-341.974000	0.000000	-119.067000	0.000000	81.684000	0.000000

2024-08-26	12:15:33	1724667333.330456	-43131.996535	-0.044311	-0.200625	-77.429058	127.607065	-231.006404	115.366086	163.473114	122.742160	159.636548	112.602773	-164.198680	100.477117	-18.829345	72.748969	-516.697351	77.024394	449.561165	80.681951	-242.189332	0.189583	416.982490	0.241614	-195.504000	0.000000	-11.354749	4.969253	-384.624000	0.000000	-1.976000	0.000000	65.896000	0.000000	123.875000	0.000000	-195.267000	0.000000	66.843000	0.000000	-115.378000	0.000000	-98.042000	0.000000	-51.739000	0.000000	-341.974000	0.000000	-119.067000	0.000000	81.684000	0.000000

2024-08-26	12:15:34	1724667334.330942	-43130.996049	-0.044311	-0.200625	-89.976296	227.232686	-238.929214	223.936536	92.737993	363.129116	239.672312	302.181981	-105.252438	139.482094	-91.220040	125.355251	-526.426458	63.894330	456.755929	57.962445	-242.349650	0.249919	417.034362	0.305898	-195.504000	0.000000	-16.030573	11.100896	-384.624000	0.000000	-1.976000	0.000000	65.896000	0.000000	123.875000	0.000000	-195.267000	0.000000	66.843000	0.000000	-115.378000	0.000000	-98.042000	0.000000	-51.739000	0.000000	-341.974000	0.000000	-119.067000	0.000000	81.684000	0.000000

2024-08-26	12:15:35	1724667335.330358	-43129.996634	-0.044311	-0.200625	-188.901487	198.297009	-113.598008	188.513517	263.261272	104.829077	93.969155	40.479856	-263.809686	147.099103	97.094750	138.117973	-532.302021	70.359284	466.470626	72.766271	-242.687644	0.170005	416.863128	0.203676	-195.504000	0.000000	-18.610311	9.425693	-384.624000	0.000000	-1.976000	0.000000	65.896000	0.000000	123.875000	0.000000	-195.267000	0.000000	66.843000	0.000000	-115.378000	0.000000	-98.042000	0.000000	-51.739000	0.000000	-341.974000	0.000000	-119.067000	0.000000	81.684000	0.000000

2024-08-26	12:15:36	1724667336.330772	-43128.996219	-0.044311	-0.200625	86.238162	204.130109	-403.403746	187.916903	84.891315	66.274793	258.541957	85.475269	-94.869467	117.765380	-89.170508	132.464841	-479.599094	73.685440	415.326677	77.899964	-242.529885	0.177448	416.830259	0.123552	-195.504000	0.000000	-15.286955	10.997037	-384.624000	0.000000	-1.976000	0.000000	65.896000	0.000000	123.875000	0.000000	-195.267000	0.000000	66.843000	0.000000	-115.378000	0.000000	-98.042000	0.000000	-51.739000	0.000000	-341.974000	0.000000	-119.067000	0.000000	81.684000	0.000000

2024-08-26	12:15:37	1724667337.330186	-43127.996805	-0.044311	-0.200625	-269.734388	274.487436	-38.301703	262.568150	217.646724	188.433723	126.650643	261.830476	-263.704563	233.437362	68.138966	196.500664	-507.110379	55.679051	434.141683	59.574718	-242.319360	0.250907	416.966442	0.235110	-195.504000	0.000000	-21.519276	7.851334	-384.624000	0.000000	-1.976000	0.000000	65.896000	0.000000	123.875000	0.000000	-195.267000	0.000000	66.843000	0.000000	-115.378000	0.000000	-98.042000	0.000000	-51.739000	0.000000	-341.974000	0.000000	-119.067000	0.000000	81.684000	0.000000

2024-08-26	12:15:38	1724667338.330602	-43126.996389	-0.044311	-0.227103	-239.834858	177.901986	-79.723454	215.465600	356.777711	210.208443	-58.281372	272.003871	-154.156744	143.048041	-53.259876	106.214709	-551.821926	112.027534	483.481179	116.438037	-242.324384	0.150857	417.241273	0.260997	-195.504000	0.000000	-17.482669	8.674253	-384.624000	0.000000	-1.976000	0.000000	65.896000	0.000000	123.875000	0.000000	-195.267000	0.000000	66.843000	0.000000	-115.378000	0.000000	-98.042000	0.000000	-51.739000	0.000000	-341.974000	0.000000	-119.067000	0.000000	81.684000	0.000000

2024-08-26	12:15:39	1724667339.332036	-43125.994955	-0.044311	-0.227103	-15.678971	285.099706	-296.910066	227.980942	133.189866	203.823859	220.017764	224.578799	-207.551748	70.690259	37.455197	79.623993	-553.144702	82.395115	486.745440	81.040109	-242.328116	0.191750	416.672886	0.172060	-195.504000	0.000000	-17.584287	12.338402	-384.624000	0.000000	-1.976000	0.000000	65.896000	0.000000	123.875000	0.000000	-195.267000	0.000000	66.843000	0.000000	-115.378000	0.000000	-98.042000	0.000000	-51.739000	0.000000	-341.974000	0.000000	-119.067000	0.000000	81.684000	0.000000

2024-08-26	12:15:40	1724667340.331857	-43124.995134	-0.044311	-0.227103	-79.844592	118.866035	-226.294292	147.725735	17.908449	194.709532	346.087829	214.819132	-210.103908	115.006083	33.052031	91.365481	-510.506974	155.953822	442.850648	146.352741	-242.104378	0.261045	416.898298	0.148958	-195.504000	0.000000	-8.161957	7.102065	-384.624000	0.000000	-1.976000	0.000000	65.896000	0.000000	123.875000	0.000000	-195.267000	0.000000	66.843000	0.000000	-115.378000	0.000000	-98.042000	0.000000	-51.739000	0.000000	-341.974000	0.000000	-119.067000	0.000000	81.684000	0.000000

2024-08-26	12:15:41	1724667341.331272	-43123.995719	-0.044311	-0.227103	-117.511399	198.804639	-194.425125	195.771393	192.732574	200.184631	134.744727	167.667231	-208.513622	100.353273	16.417205	68.229045	-487.776442	93.904707	416.010311	87.404174	-241.750560	0.238320	416.727208	0.142708	-195.504000	0.000000	-13.769551	5.908843	-384.624000	0.000000	-1.976000	0.000000	65.896000	0.000000	123.875000	0.000000	-195.267000	0.000000	66.843000	0.000000	-115.378000	0.000000	-98.042000	0.000000	-51.739000	0.000000	-341.974000	0.000000	-119.067000	0.000000	81.684000	0.000000

2024-08-26	12:15:42	1724667342.331687	-43122.995304	-0.044311	-0.227103	-270.737135	345.995570	-19.635390	292.507518	222.315292	55.087127	144.885812	92.216003	-130.363544	190.234466	-39.037601	144.588964	-483.101120	23.325667	417.204635	29.250814	-242.041029	0.228733	416.880827	0.233958	-195.504000	0.000000	-13.650126	7.658647	-384.624000	0.000000	-1.976000	0.000000	65.896000	0.000000	123.875000	0.000000	-195.267000	0.000000	66.843000	0.000000	-115.378000	0.000000	-98.042000	0.000000	-51.739000	0.000000	-341.974000	0.000000	-119.067000	0.000000	81.684000	0.000000

2024-08-26	12:15:43	1724667343.331120	-43121.995871	-0.044311	-0.194003	-51.466883	141.411807	-253.812526	96.427247	219.895133	107.492639	132.963888	199.944393	-96.142458	115.112708	-85.246224	125.123853	-512.022584	46.167064	448.101203	47.781796	-242.113203	0.132328	416.852499	0.181989	-195.504000	0.000000	-12.220616	11.425042	-384.624000	0.000000	-1.976000	0.000000	65.896000	0.000000	123.875000	0.000000	-195.267000	0.000000	66.843000	0.000000	-115.378000	0.000000	-98.042000	0.000000	-51.739000	0.000000	-341.974000	0.000000	-119.067000	0.000000	81.684000	0.000000

2024-08-26	12:15:44	1724667344.331534	-43120.995457	-0.044311	-0.194003	-271.690638	148.569081	-51.406769	173.916768	274.034655	155.987074	56.540092	184.389660	-277.940288	143.942495	88.062480	159.705498	-469.653971	21.086762	399.476765	20.586094	-242.184176	0.175813	416.910803	0.168715	-195.504000	0.000000	-21.503750	10.066901	-384.624000	0.000000	-1.976000	0.000000	65.896000	0.000000	123.875000	0.000000	-195.267000	0.000000	66.843000	0.000000	-115.378000	0.000000	-98.042000	0.000000	-51.739000	0.000000	-341.974000	0.000000	-119.067000	0.000000	81.684000	0.000000

2024-08-26	12:15:45	1724667345.331293	-43119.995698	-0.044311	-0.194003	-113.208505	192.197136	-203.100296	210.283621	99.114838	107.695768	251.748042	201.657624	-242.955539	172.384133	57.307964	189.845353	-545.949353	72.759271	476.847140	67.546325	-242.316109	0.173367	416.804713	0.297886	-195.504000	0.000000	-11.203955	6.440450	-384.624000	0.000000	-1.976000	0.000000	65.896000	0.000000	123.875000	0.000000	-195.267000	0.000000	66.843000	0.000000	-115.378000	0.000000	-98.042000	0.000000	-51.739000	0.000000	-341.974000	0.000000	-119.067000	0.000000	81.684000	0.000000

2024-08-26	12:15:46	1724667346.331706	-43118.995285	-0.044311	-0.194003	-108.937145	228.185354	-205.791362	219.850811	273.877798	103.519116	53.500673	69.002356	-59.726242	145.731479	-112.564833	142.846930	-513.235554	49.884324	441.645975	44.633742	-242.351656	0.147243	416.813079	0.400960	-195.504000	0.000000	-5.217100	7.121128	-384.624000	0.000000	-1.976000	0.000000	65.896000	0.000000	123.875000	0.000000	-195.267000	0.000000	66.843000	0.000000	-115.378000	0.000000	-98.042000	0.000000	-51.739000	0.000000	-341.974000	0.000000	-119.067000	0.000000	81.684000	0.000000

2024-08-26	12:15:47	1724667347.331109	-43117.995883	-0.044311	-0.194003	79.145782	291.120488	-364.873637	276.805996	228.783504	112.757524	147.197253	110.908231	-220.915848	156.398871	54.077875	126.311403	-502.136786	44.051667	438.695344	37.277757	-242.001208	0.371525	417.135992	0.224479	-195.504000	0.000000	-14.089901	10.772156	-384.624000	0.000000	-1.976000	0.000000	65.896000	0.000000	123.875000	0.000000	-195.267000	0.000000	66.843000	0.000000	-115.378000	0.000000	-98.042000	0.000000	-51.739000	0.000000	-341.974000	0.000000	-119.067000	0.000000	81.684000	0.000000

2024-08-26	12:15:48	1724667348.331536	-43116.995455	-0.044311	-0.194003	-229.524879	138.939218	-105.846386	122.808486	41.198871	227.406920	260.720112	159.839714	-158.654420	132.466923	-48.537622	73.467851	-510.420435	58.051007	435.153437	63.477870	-242.230804	0.167388	416.889775	0.201367	-195.504000	0.000000	-17.590355	10.910875	-384.624000	0.000000	-1.976000	0.000000	65.896000	0.000000	123.875000	0.000000	-195.267000	0.000000	66.843000	0.000000	-115.378000	0.000000	-98.042000	0.000000	-51.739000	0.000000	-341.974000	0.000000	-119.067000	0.000000	81.684000	0.000000

2024-08-26	12:15:49	1724667349.330938	-43115.996053	-0.044311	-0.194003	-118.965219	299.784437	-182.575594	306.722675	250.092761	205.090876	88.546479	185.653867	-172.982366	153.361515	-5.070004	139.619763	-519.733570	35.882850	456.207963	41.699212	-242.280576	0.276839	416.740866	0.284726	-195.504000	0.000000	-13.633107	6.451364	-384.624000	0.000000	-1.976000	0.000000	65.896000	0.000000	123.875000	0.000000	-195.267000	0.000000	66.843000	0.000000	-115.378000	0.000000	-98.042000	0.000000	-51.739000	0.000000	-341.974000	0.000000	-119.067000	0.000000	81.684000	0.000000

