Date/C:Time:TimeStamp/D:time:VMeas:IMeas:I_00:DI_00:I_01:DI_01:I_02:DI_02:I_03:DI_03:I_04:DI_04:I_05:DI_05:I_06:DI_06:I_07:DI_07:I_08:DI_08:I_09:DI_09:I_10:DI_10:I_11:DI_11:I_12:DI_12:I_13:DI_13:I_14:DI_14:I_15:DI_15:I_16:DI_16:I_17:DI_17:I_18:DI_18:I_19:DI_19:I_20:DI_20:I_21:DI_21:I_22:DI_22:I_23:DI_23
2024-08-26	12:19:39	1724667579.345588	-43200.000000	-0.044311	-0.207240	-432.893231	202.211953	109.839893	152.822673	196.519242	128.352789	133.355269	97.447567	-178.735845	157.348004	-10.007433	116.540030	-532.657798	56.234323	460.364202	44.210774	-242.674391	0.230074	416.224713	0.135236	-195.504000	0.000000	-6.201896	16.162895	-384.624000	0.000000	-1.976000	0.000000	65.896000	0.000000	123.875000	0.000000	-195.267000	0.000000	66.843000	0.000000	-115.378000	0.000000	-98.042000	0.000000	-51.739000	0.000000	-341.974000	0.000000	-119.067000	0.000000	81.684000	0.000000

2024-08-26	12:19:40	1724667580.345985	-43198.999603	-0.044311	-0.220485	-125.103028	110.627439	-185.718446	138.803018	195.082036	167.856006	145.455446	191.502301	-202.342087	54.081851	35.363323	36.392116	-489.743433	94.152302	421.393589	91.169824	-242.701783	0.184306	416.222345	0.193683	-195.504000	0.000000	-6.690833	9.224880	-384.624000	0.000000	-1.976000	0.000000	65.896000	0.000000	123.875000	0.000000	-195.267000	0.000000	66.843000	0.000000	-115.378000	0.000000	-98.042000	0.000000	-51.739000	0.000000	-341.974000	0.000000	-119.067000	0.000000	81.684000	0.000000

2024-08-26	12:19:41	1724667581.345464	-43198.000124	-0.044311	-0.220485	-24.316023	333.521184	-296.625318	344.462320	226.931224	174.303002	84.166608	186.647446	-157.997879	188.477895	-44.275836	195.354522	-506.225530	29.560534	437.741092	24.291440	-242.727006	0.148711	416.521469	0.311687	-195.504000	0.000000	-6.388762	4.795070	-384.624000	0.000000	-1.976000	0.000000	65.896000	0.000000	123.875000	0.000000	-195.267000	0.000000	66.843000	0.000000	-115.378000	0.000000	-98.042000	0.000000	-51.739000	0.000000	-341.974000	0.000000	-119.067000	0.000000	81.684000	0.000000

2024-08-26	12:19:42	1724667582.345878	-43196.999710	-0.044311	-0.220485	41.067123	141.899899	-364.735885	117.273077	53.399068	311.107601	278.759513	323.694352	-252.217337	58.958161	70.095165	77.301792	-564.305224	17.465057	497.556661	12.373945	-242.764194	0.121839	416.465829	0.182118	-195.504000	0.000000	-10.583470	11.215721	-384.624000	0.000000	-1.976000	0.000000	65.896000	0.000000	123.875000	0.000000	-195.267000	0.000000	66.843000	0.000000	-115.378000	0.000000	-98.042000	0.000000	-51.739000	0.000000	-341.974000	0.000000	-119.067000	0.000000	81.684000	0.000000

2024-08-26	12:19:43	1724667583.345293	-43196.000295	-0.044311	-0.220485	-132.281224	111.393951	-168.869753	95.788004	256.435450	188.022417	89.310442	189.384378	-207.238253	67.832900	43.462648	49.612108	-523.615628	16.525038	456.537723	17.812087	-242.678043	0.240289	416.542233	0.221942	-195.504000	0.000000	-9.368610	9.172105	-384.624000	0.000000	-1.976000	0.000000	65.896000	0.000000	123.875000	0.000000	-195.267000	0.000000	66.843000	0.000000	-115.378000	0.000000	-98.042000	0.000000	-51.739000	0.000000	-341.974000	0.000000	-119.067000	0.000000	81.684000	0.000000

2024-08-26	12:19:44	1724667584.345708	-43194.999880	-0.044311	-0.220485	-216.846286	255.227388	-101.301519	212.255853	-24.598832	120.280040	376.124788	113.915282	-126.158706	117.168779	-54.411401	91.489802	-531.644026	47.907805	458.676504	50.214899	-242.898537	0.138992	416.410867	0.138533	-195.504000	0.000000	-5.042676	7.761349	-384.624000	0.000000	-1.976000	0.000000	65.896000	0.000000	123.875000	0.000000	-195.267000	0.000000	66.843000	0.000000	-115.378000	0.000000	-98.042000	0.000000	-51.739000	0.000000	-341.974000	0.000000	-119.067000	0.000000	81.684000	0.000000

2024-08-26	12:19:45	1724667585.346139	-43193.999449	-0.044311	-0.220485	-110.020264	387.964401	-212.055280	391.831218	323.159565	194.171973	-5.390281	205.355655	-190.362026	164.644708	6.897088	149.718620	-538.009966	72.697602	469.508324	67.662962	-242.839863	0.179090	416.420491	0.138233	-195.504000	0.000000	-11.685309	8.171867	-384.624000	0.000000	-1.976000	0.000000	65.896000	0.000000	123.875000	0.000000	-195.267000	0.000000	66.843000	0.000000	-115.378000	0.000000	-98.042000	0.000000	-51.739000	0.000000	-341.974000	0.000000	-119.067000	0.000000	81.684000	0.000000

2024-08-26	12:19:46	1724667586.345292	-43193.000296	-0.044311	-0.194003	-44.203857	207.456460	-252.526706	188.558917	275.947466	151.780945	56.654160	166.149771	-205.137735	184.303508	29.593178	157.780268	-469.189064	38.823634	402.630094	41.527754	-242.591215	0.142984	416.352265	0.112948	-195.504000	0.000000	-17.149108	8.105583	-384.624000	0.000000	-1.976000	0.000000	65.896000	0.000000	123.875000	0.000000	-195.267000	0.000000	66.843000	0.000000	-115.378000	0.000000	-98.042000	0.000000	-51.739000	0.000000	-341.974000	0.000000	-119.067000	0.000000	81.684000	0.000000

2024-08-26	12:19:47	1724667587.345725	-43191.999864	-0.044311	-0.194003	-248.309410	654.024352	-274.293849	650.394611	232.489630	194.269048	72.531655	175.262575	-188.686194	50.945148	-16.260505	40.908540	-610.432966	41.347689	542.974501	45.809619	-242.752464	0.311789	416.258513	0.164475	-195.504000	0.000000	-17.392580	7.603814	-384.624000	0.000000	-1.976000	0.000000	65.896000	0.000000	123.875000	0.000000	-195.267000	0.000000	66.843000	0.000000	-115.378000	0.000000	-98.042000	0.000000	-51.739000	0.000000	-341.974000	0.000000	-119.067000	0.000000	81.684000	0.000000

2024-08-26	12:19:48	1724667588.346121	-43190.999467	-0.044311	-0.194003	184.225089	953.216535	-1880.315963	1348.803619	84.675207	234.540621	268.460648	236.084790	-228.949200	118.680592	53.101103	136.411517	-525.126525	13.837269	457.548292	14.298567	-242.390258	0.181606	416.464527	0.245980	-195.504000	0.000000	-11.814534	5.632095	-384.624000	0.000000	-1.976000	0.000000	65.896000	0.000000	123.875000	0.000000	-195.267000	0.000000	66.843000	0.000000	-115.378000	0.000000	-98.042000	0.000000	-51.739000	0.000000	-341.974000	0.000000	-119.067000	0.000000	81.684000	0.000000

2024-08-26	12:19:49	1724667589.345536	-43190.000052	-0.044311	-0.194003	-231.169449	128.425132	-106.222670	75.334520	273.294781	127.571905	5.516933	220.879018	-230.781504	189.586761	31.741768	120.218873	-523.183418	119.361373	450.332214	114.218531	-242.215055	0.173485	416.270883	0.160317	-195.504000	0.000000	-9.671971	9.872155	-384.624000	0.000000	-1.976000	0.000000	65.896000	0.000000	123.875000	0.000000	-195.267000	0.000000	66.843000	0.000000	-115.378000	0.000000	-98.042000	0.000000	-51.739000	0.000000	-341.974000	0.000000	-119.067000	0.000000	81.684000	0.000000

2024-08-26	12:19:50	1724667590.345951	-43188.999638	-0.044311	-0.194003	139.706769	118.871712	-450.774900	100.779598	113.757173	119.757062	238.906576	163.340306	-207.108254	94.784362	37.849134	86.276811	-512.415498	111.803442	446.297823	99.611669	-242.361524	0.233096	416.228488	0.248395	-195.504000	0.000000	-12.117085	10.746267	-384.624000	0.000000	-1.976000	0.000000	65.896000	0.000000	123.875000	0.000000	-195.267000	0.000000	66.843000	0.000000	-115.378000	0.000000	-98.042000	0.000000	-51.739000	0.000000	-341.974000	0.000000	-119.067000	0.000000	81.684000	0.000000

2024-08-26	12:19:51	1724667591.345269	-43188.000319	-0.044311	-0.200625	-300.857919	207.120139	-12.902273	178.672452	348.886132	130.502954	-1.795008	95.055909	-132.793957	92.199816	-50.975355	87.494215	-523.836176	70.843175	457.752149	63.511381	-242.477982	0.250353	416.577959	0.139356	-195.504000	0.000000	-20.734283	8.258857	-384.624000	0.000000	-1.976000	0.000000	65.896000	0.000000	123.875000	0.000000	-195.267000	0.000000	66.843000	0.000000	-115.378000	0.000000	-98.042000	0.000000	-51.739000	0.000000	-341.974000	0.000000	-119.067000	0.000000	81.684000	0.000000

2024-08-26	12:19:52	1724667592.345683	-43186.999905	-0.044311	-0.200625	-109.778037	183.303509	-200.807668	193.721220	77.558299	151.572566	272.545012	183.712713	-115.567013	88.686198	-68.056617	81.808844	-512.739247	25.745991	445.896373	26.493939	-242.371690	0.171155	416.533502	0.139870	-195.504000	0.000000	-10.730516	7.202364	-384.624000	0.000000	-1.976000	0.000000	65.896000	0.000000	123.875000	0.000000	-195.267000	0.000000	66.843000	0.000000	-115.378000	0.000000	-98.042000	0.000000	-51.739000	0.000000	-341.974000	0.000000	-119.067000	0.000000	81.684000	0.000000

2024-08-26	12:19:53	1724667593.346098	-43185.999490	-0.044311	-0.200625	-99.282243	326.705420	-225.482592	285.571364	175.011007	129.825192	147.970230	130.462726	-237.580234	62.032509	55.243070	91.997663	-529.614995	111.633112	457.832855	102.057920	-242.299793	0.225911	416.693094	0.188304	-195.504000	0.000000	-12.515353	7.894447	-384.624000	0.000000	-1.976000	0.000000	65.896000	0.000000	123.875000	0.000000	-195.267000	0.000000	66.843000	0.000000	-115.378000	0.000000	-98.042000	0.000000	-51.739000	0.000000	-341.974000	0.000000	-119.067000	0.000000	81.684000	0.000000

2024-08-26	12:19:54	1724667594.345512	-43185.000076	-0.044311	-0.200625	-162.253766	251.914565	-147.984523	245.732625	134.823999	186.485300	205.211332	154.366728	-138.533974	129.683625	-49.497792	125.912164	-551.771935	34.323837	484.758444	35.577089	-242.228493	0.133812	416.201945	0.173593	-195.504000	0.000000	-6.255210	7.293590	-384.624000	0.000000	-1.976000	0.000000	65.896000	0.000000	123.875000	0.000000	-195.267000	0.000000	66.843000	0.000000	-115.378000	0.000000	-98.042000	0.000000	-51.739000	0.000000	-341.974000	0.000000	-119.067000	0.000000	81.684000	0.000000

2024-08-26	12:19:55	1724667595.345935	-43183.999653	-0.044311	-0.200625	-208.228604	99.307114	-101.802821	115.282310	170.546252	111.872055	153.480503	148.088626	-143.330507	125.218865	-25.648286	149.852458	-530.213825	42.389421	463.087965	48.188923	-242.338057	0.211222	416.601754	0.209068	-195.504000	0.000000	-11.109024	6.496542	-384.624000	0.000000	-1.976000	0.000000	65.896000	0.000000	123.875000	0.000000	-195.267000	0.000000	66.843000	0.000000	-115.378000	0.000000	-98.042000	0.000000	-51.739000	0.000000	-341.974000	0.000000	-119.067000	0.000000	81.684000	0.000000

2024-08-26	12:19:56	1724667596.345699	-43182.999889	-0.044311	-0.200625	-101.933404	293.263128	-233.089445	264.626769	273.430985	116.104954	42.199864	72.301180	-133.453232	187.801867	-70.814568	138.737884	-560.376457	104.811356	486.662472	98.529744	-242.110828	0.428483	416.588269	0.254334	-195.504000	0.000000	-22.819977	10.642720	-384.624000	0.000000	-1.976000	0.000000	65.896000	0.000000	123.875000	0.000000	-195.267000	0.000000	66.843000	0.000000	-115.378000	0.000000	-98.042000	0.000000	-51.739000	0.000000	-341.974000	0.000000	-119.067000	0.000000	81.684000	0.000000

2024-08-26	12:19:57	1724667597.347122	-43181.998466	-0.044311	-0.213862	-81.203815	190.241146	-229.675359	177.781642	239.801136	94.816110	96.779643	93.270538	-167.051700	150.948204	-14.256375	151.533166	-473.495651	57.294851	403.771470	54.801202	-242.358228	0.193626	416.661547	0.189400	-195.504000	0.000000	-10.639723	10.459181	-384.624000	0.000000	-1.976000	0.000000	65.896000	0.000000	123.875000	0.000000	-195.267000	0.000000	66.843000	0.000000	-115.378000	0.000000	-98.042000	0.000000	-51.739000	0.000000	-341.974000	0.000000	-119.067000	0.000000	81.684000	0.000000

2024-08-26	12:19:58	1724667598.346529	-43180.999060	-0.044311	-0.213862	-129.191595	243.953557	-177.771791	217.953743	23.753197	145.790824	321.993217	144.512832	-230.645013	190.566238	57.629074	211.753908	-549.298803	35.972848	478.371408	35.792469	-242.458684	0.145975	416.180009	0.162350	-195.504000	0.000000	-7.285584	9.772215	-384.624000	0.000000	-1.976000	0.000000	65.896000	0.000000	123.875000	0.000000	-195.267000	0.000000	66.843000	0.000000	-115.378000	0.000000	-98.042000	0.000000	-51.739000	0.000000	-341.974000	0.000000	-119.067000	0.000000	81.684000	0.000000

2024-08-26	12:19:59	1724667599.346943	-43179.998645	-0.044311	-0.213862	61.639360	170.169942	-378.191480	140.142345	154.629962	107.721932	188.294691	93.683622	-171.145022	104.373040	-0.915354	117.852407	-506.403667	74.763430	435.354589	73.805489	-242.636394	0.188572	416.143183	0.144619	-195.504000	0.000000	-6.394533	4.643106	-384.624000	0.000000	-1.976000	0.000000	65.896000	0.000000	123.875000	0.000000	-195.267000	0.000000	66.843000	0.000000	-115.378000	0.000000	-98.042000	0.000000	-51.739000	0.000000	-341.974000	0.000000	-119.067000	0.000000	81.684000	0.000000

2024-08-26	12:20:00	1724667600.346358	-43178.999230	-0.044311	-0.213862	6.077355	199.986623	-329.005593	184.606446	123.475489	123.091369	186.863589	85.230348	-142.571597	55.861012	-31.886071	103.970885	-545.758235	32.322437	473.583781	21.308218	-242.730249	0.135304	416.168893	0.148526	-195.504000	0.000000	-11.557359	6.400700	-384.624000	0.000000	-1.976000	0.000000	65.896000	0.000000	123.875000	0.000000	-195.267000	0.000000	66.843000	0.000000	-115.378000	0.000000	-98.042000	0.000000	-51.739000	0.000000	-341.974000	0.000000	-119.067000	0.000000	81.684000	0.000000

2024-08-26	12:20:01	1724667601.346773	-43177.998815	-0.044311	-0.213862	-342.839998	186.062031	63.250315	146.502045	140.406271	295.034287	225.689652	314.452650	-160.696555	137.863789	-8.659397	101.782274	-527.456002	24.327965	465.638697	23.358069	-243.106595	0.198069	416.336854	0.232065	-195.504000	0.000000	-14.785516	11.523595	-384.624000	0.000000	-1.976000	0.000000	65.896000	0.000000	123.875000	0.000000	-195.267000	0.000000	66.843000	0.000000	-115.378000	0.000000	-98.042000	0.000000	-51.739000	0.000000	-341.974000	0.000000	-119.067000	0.000000	81.684000	0.000000

2024-08-26	12:20:02	1724667602.346207	-43176.999382	-0.044311	-0.213862	-38.491920	124.536218	-306.368252	146.956843	220.537271	202.596013	79.160290	224.215006	-196.795363	150.022140	-10.064964	122.871828	-509.665325	37.837041	434.575298	39.094095	-242.682579	0.211079	416.431076	0.192363	-195.504000	0.000000	-11.409807	8.720126	-384.624000	0.000000	-1.976000	0.000000	65.896000	0.000000	123.875000	0.000000	-195.267000	0.000000	66.843000	0.000000	-115.378000	0.000000	-98.042000	0.000000	-51.739000	0.000000	-341.974000	0.000000	-119.067000	0.000000	81.684000	0.000000

2024-08-26	12:20:03	1724667603.346622	-43175.998967	-0.044311	-0.194003	-188.935292	58.457174	-106.720104	55.643157	232.576671	185.728856	110.936322	187.957045	-207.544461	184.261729	32.444723	161.127873	-536.018715	69.307806	469.229078	63.490494	-242.830875	0.206079	416.857952	0.180354	-195.504000	0.000000	-7.506868	8.260678	-384.624000	0.000000	-1.976000	0.000000	65.896000	0.000000	123.875000	0.000000	-195.267000	0.000000	66.843000	0.000000	-115.378000	0.000000	-98.042000	0.000000	-51.739000	0.000000	-341.974000	0.000000	-119.067000	0.000000	81.684000	0.000000

2024-08-26	12:20:04	1724667604.348036	-43174.997552	-0.044311	-0.194003	-91.414782	237.764146	-221.972330	216.580799	256.928223	107.447174	75.333646	80.023219	-242.777534	94.068476	68.751430	69.260267	-504.205462	70.848272	436.390227	75.696846	-242.800316	0.185928	416.637190	0.276755	-195.504000	0.000000	-9.608698	8.599939	-384.624000	0.000000	-1.976000	0.000000	65.896000	0.000000	123.875000	0.000000	-195.267000	0.000000	66.843000	0.000000	-115.378000	0.000000	-98.042000	0.000000	-51.739000	0.000000	-341.974000	0.000000	-119.067000	0.000000	81.684000	0.000000

2024-08-26	12:20:05	1724667605.347451	-43173.998137	-0.044311	-0.194003	-89.812854	101.134170	-238.821243	104.679723	224.874450	121.449957	98.333797	147.513250	-100.542500	192.961144	-87.154420	180.225019	-503.406035	81.333131	434.492627	79.368050	-242.667454	0.165181	416.483223	0.285752	-195.504000	0.000000	-3.207413	7.183922	-384.624000	0.000000	-1.976000	0.000000	65.896000	0.000000	123.875000	0.000000	-195.267000	0.000000	66.843000	0.000000	-115.378000	0.000000	-98.042000	0.000000	-51.739000	0.000000	-341.974000	0.000000	-119.067000	0.000000	81.684000	0.000000

2024-08-26	12:20:06	1724667606.347866	-43172.997723	-0.044311	-0.194003	-212.742762	102.525670	-112.641561	94.651710	241.966969	159.709207	71.682356	161.545332	-220.000968	113.764328	26.511205	91.591581	-557.256223	107.965932	484.077250	102.855541	-243.104893	0.156415	416.677885	0.208724	-195.504000	0.000000	0.373547	8.669750	-384.624000	0.000000	-1.976000	0.000000	65.896000	0.000000	123.875000	0.000000	-195.267000	0.000000	66.843000	0.000000	-115.378000	0.000000	-98.042000	0.000000	-51.739000	0.000000	-341.974000	0.000000	-119.067000	0.000000	81.684000	0.000000

2024-08-26	12:20:07	1724667607.347965	-43171.997623	-0.044311	-0.194003	-30.255939	225.045322	-276.515821	204.022760	116.921041	175.618335	219.616323	85.054735	-152.905071	92.122725	-19.198989	63.714054	-488.957475	52.845621	424.014308	46.192542	-243.196043	0.217229	417.158146	0.159654	-195.504000	0.000000	-6.749198	9.497353	-384.624000	0.000000	-1.976000	0.000000	65.896000	0.000000	123.875000	0.000000	-195.267000	0.000000	66.843000	0.000000	-115.378000	0.000000	-98.042000	0.000000	-51.739000	0.000000	-341.974000	0.000000	-119.067000	0.000000	81.684000	0.000000

2024-08-26	12:20:08	1724667608.347395	-43170.998193	-0.044311	-0.200625	-160.491839	320.345281	-156.854592	299.146908	168.550949	189.391282	166.944284	232.364761	-240.241683	101.010469	49.800054	105.498675	-546.065823	51.144375	477.024309	62.795755	-243.077873	0.141403	416.810261	0.197596	-195.504000	0.000000	-20.891904	10.193496	-384.624000	0.000000	-1.976000	0.000000	65.896000	0.000000	123.875000	0.000000	-195.267000	0.000000	66.843000	0.000000	-115.378000	0.000000	-98.042000	0.000000	-51.739000	0.000000	-341.974000	0.000000	-119.067000	0.000000	81.684000	0.000000

2024-08-26	12:20:09	1724667609.347795	-43169.997794	-0.044311	-0.200625	-245.819607	304.505370	-39.848089	325.222739	236.643018	165.884450	110.446419	130.248078	-98.082818	75.047750	-64.745164	54.768625	-544.237437	37.221218	480.543795	34.975015	-242.701916	0.215085	416.571861	0.281390	-195.504000	0.000000	-12.208827	4.721508	-384.624000	0.000000	-1.976000	0.000000	65.896000	0.000000	123.875000	0.000000	-195.267000	0.000000	66.843000	0.000000	-115.378000	0.000000	-98.042000	0.000000	-51.739000	0.000000	-341.974000	0.000000	-119.067000	0.000000	81.684000	0.000000

2024-08-26	12:20:10	1724667610.347210	-43168.998378	-0.044311	-0.200625	-412.894831	215.983931	73.820893	244.685126	95.307772	161.579439	206.377302	190.542571	-226.441665	67.525037	24.430234	88.542848	-557.780067	39.454446	485.103937	36.957494	-242.594597	0.172966	416.252145	0.161457	-195.504000	0.000000	-4.076859	12.430253	-384.624000	0.000000	-1.976000	0.000000	65.896000	0.000000	123.875000	0.000000	-195.267000	0.000000	66.843000	0.000000	-115.378000	0.000000	-98.042000	0.000000	-51.739000	0.000000	-341.974000	0.000000	-119.067000	0.000000	81.684000	0.000000

2024-08-26	12:20:11	1724667611.347624	-43167.997964	-0.044311	-0.200625	0.562199	254.465291	-304.245956	271.063400	55.264793	149.833178	288.943328	131.990898	-145.799550	113.133022	-34.473811	109.870200	-526.345774	65.086586	460.230775	59.776410	-242.542061	0.157386	416.041772	0.245121	-195.504000	0.000000	-6.615004	13.166998	-384.624000	0.000000	-1.976000	0.000000	65.896000	0.000000	123.875000	0.000000	-195.267000	0.000000	66.843000	0.000000	-115.378000	0.000000	-98.042000	0.000000	-51.739000	0.000000	-341.974000	0.000000	-119.067000	0.000000	81.684000	0.000000

2024-08-26	12:20:12	1724667612.347807	-43166.997781	-0.044311	-0.200625	22.485196	251.517987	-357.726250	275.929759	257.994160	129.583588	68.683334	97.122179	-191.839514	104.467799	-0.124388	79.775382	-533.476408	75.164899	464.103018	72.116834	-242.708832	0.114911	416.173492	0.210793	-195.504000	0.000000	-11.151588	6.473890	-384.624000	0.000000	-1.976000	0.000000	65.896000	0.000000	123.875000	0.000000	-195.267000	0.000000	66.843000	0.000000	-115.378000	0.000000	-98.042000	0.000000	-51.739000	0.000000	-341.974000	0.000000	-119.067000	0.000000	81.684000	0.000000

2024-08-26	12:20:13	1724667613.347240	-43165.998348	-0.044311	-0.200625	-127.664924	209.707800	-199.037319	215.986100	283.744363	113.023861	29.597693	107.230503	-159.729501	110.663235	-28.851331	103.382240	-566.943141	96.221925	499.389773	96.430416	-242.537349	0.179928	416.113084	0.265387	-195.504000	0.000000	-14.521909	6.662337	-384.624000	0.000000	-1.976000	0.000000	65.896000	0.000000	123.875000	0.000000	-195.267000	0.000000	66.843000	0.000000	-115.378000	0.000000	-98.042000	0.000000	-51.739000	0.000000	-341.974000	0.000000	-119.067000	0.000000	81.684000	0.000000

2024-08-26	12:20:14	1724667614.347637	-43164.997952	-0.044311	-0.194003	-85.000708	392.979056	-237.547186	412.179601	115.654556	198.727412	216.568818	254.178928	-213.017298	97.928488	43.623276	75.677758	-513.657005	59.922067	443.601790	58.662955	-242.537983	0.109679	416.445290	0.131386	-195.504000	0.000000	-9.816955	6.128613	-384.624000	0.000000	-1.976000	0.000000	65.896000	0.000000	123.875000	0.000000	-195.267000	0.000000	66.843000	0.000000	-115.378000	0.000000	-98.042000	0.000000	-51.739000	0.000000	-341.974000	0.000000	-119.067000	0.000000	81.684000	0.000000

2024-08-26	12:20:15	1724667615.347053	-43163.998536	-0.044311	-0.194003	-101.129565	123.234240	-199.198368	123.916108	180.370629	91.962099	170.998438	104.423260	-148.417306	95.072916	-24.205445	63.616788	-523.896060	58.876563	459.058759	56.754684	-242.399204	0.206707	416.152548	0.169080	-195.504000	0.000000	-16.436706	8.720274	-384.624000	0.000000	-1.976000	0.000000	65.896000	0.000000	123.875000	0.000000	-195.267000	0.000000	66.843000	0.000000	-115.378000	0.000000	-98.042000	0.000000	-51.739000	0.000000	-341.974000	0.000000	-119.067000	0.000000	81.684000	0.000000

2024-08-26	12:20:16	1724667616.347466	-43162.998122	-0.044311	-0.194003	-278.585510	130.662437	-25.687545	175.493297	180.922143	97.041410	159.102086	84.706526	-261.504679	57.275496	81.804018	56.431379	-542.343997	49.547992	475.160302	40.343617	-242.618048	0.175275	416.237771	0.236498	-195.504000	0.000000	-12.659787	8.416147	-384.624000	0.000000	-1.976000	0.000000	65.896000	0.000000	123.875000	0.000000	-195.267000	0.000000	66.843000	0.000000	-115.378000	0.000000	-98.042000	0.000000	-51.739000	0.000000	-341.974000	0.000000	-119.067000	0.000000	81.684000	0.000000

2024-08-26	12:20:17	1724667617.347769	-43161.997819	-0.044311	-0.194003	-20.536612	166.998236	-307.283507	173.662475	123.925231	208.210095	194.803492	268.410016	-140.637762	70.651138	-49.592866	58.926768	-498.576934	73.264601	426.126437	72.811907	-242.627752	0.355342	416.529987	0.153683	-195.504000	0.000000	-2.042761	9.719464	-384.624000	0.000000	-1.976000	0.000000	65.896000	0.000000	123.875000	0.000000	-195.267000	0.000000	66.843000	0.000000	-115.378000	0.000000	-98.042000	0.000000	-51.739000	0.000000	-341.974000	0.000000	-119.067000	0.000000	81.684000	0.000000

2024-08-26	12:20:18	1724667618.347165	-43160.998423	-0.044311	-0.194003	-120.297531	105.573442	-199.196848	108.066057	251.353159	114.533265	64.850837	144.328040	-239.932744	111.134554	52.244576	93.413182	-545.706173	33.835909	476.002223	39.068069	-242.770102	0.215370	416.385911	0.274238	-195.504000	0.000000	-11.754523	7.572975	-384.624000	0.000000	-1.976000	0.000000	65.896000	0.000000	123.875000	0.000000	-195.267000	0.000000	66.843000	0.000000	-115.378000	0.000000	-98.042000	0.000000	-51.739000	0.000000	-341.974000	0.000000	-119.067000	0.000000	81.684000	0.000000

2024-08-26	12:20:19	1724667619.347579	-43159.998009	-0.044311	-0.200625	-34.466508	118.856306	-265.984810	129.701742	258.866914	135.457357	102.766333	147.675857	-213.397921	101.150192	51.585455	121.601956	-520.726529	52.947225	457.506491	49.795267	-242.207487	0.264797	416.474792	0.173433	-195.504000	0.000000	-14.371160	16.941315	-384.624000	0.000000	-1.976000	0.000000	65.896000	0.000000	123.875000	0.000000	-195.267000	0.000000	66.843000	0.000000	-115.378000	0.000000	-98.042000	0.000000	-51.739000	0.000000	-341.974000	0.000000	-119.067000	0.000000	81.684000	0.000000

2024-08-26	12:20:20	1724667620.346995	-43158.998593	-0.044311	-0.200625	-196.285835	138.462562	-131.225681	106.907753	101.888396	97.487414	216.186898	77.692667	-106.323730	119.652913	-83.814529	86.306401	-529.835389	20.753320	457.124025	24.411575	-242.432058	0.173955	416.406501	0.188528	-195.504000	0.000000	-0.800384	9.623704	-384.624000	0.000000	-1.976000	0.000000	65.896000	0.000000	123.875000	0.000000	-195.267000	0.000000	66.843000	0.000000	-115.378000	0.000000	-98.042000	0.000000	-51.739000	0.000000	-341.974000	0.000000	-119.067000	0.000000	81.684000	0.000000

2024-08-26	12:20:21	1724667621.347409	-43157.998179	-0.044311	-0.200625	-168.573639	225.082098	-133.439662	190.998483	217.923877	264.413397	126.518851	198.515040	-197.759667	247.053519	23.753428	214.727526	-516.169236	45.555009	446.612714	41.568366	-242.484036	0.196385	416.340693	0.165759	-195.504000	0.000000	-1.969089	5.045576	-384.624000	0.000000	-1.976000	0.000000	65.896000	0.000000	123.875000	0.000000	-195.267000	0.000000	66.843000	0.000000	-115.378000	0.000000	-98.042000	0.000000	-51.739000	0.000000	-341.974000	0.000000	-119.067000	0.000000	81.684000	0.000000

2024-08-26	12:20:22	1724667622.346849	-43156.998739	-0.044311	-0.200625	-147.165728	205.297019	-167.487307	212.282813	96.606269	206.018555	247.471630	149.067598	-177.519657	109.165845	-6.459185	99.583218	-501.554924	44.928117	435.227575	38.228379	-242.484324	0.196726	416.584104	0.191870	-195.504000	0.000000	-8.454822	5.883399	-384.624000	0.000000	-1.976000	0.000000	65.896000	0.000000	123.875000	0.000000	-195.267000	0.000000	66.843000	0.000000	-115.378000	0.000000	-98.042000	0.000000	-51.739000	0.000000	-341.974000	0.000000	-119.067000	0.000000	81.684000	0.000000

2024-08-26	12:20:23	1724667623.347265	-43155.998323	-0.044311	-0.200625	-76.173994	246.536867	-244.516607	242.290285	136.658232	229.885535	158.995727	274.885476	-177.359777	288.323146	-14.008494	268.900385	-550.481435	56.032659	477.462915	55.319387	-242.385094	0.302824	416.799065	0.275301	-195.504000	0.000000	-9.128291	9.726620	-384.624000	0.000000	-1.976000	0.000000	65.896000	0.000000	123.875000	0.000000	-195.267000	0.000000	66.843000	0.000000	-115.378000	0.000000	-98.042000	0.000000	-51.739000	0.000000	-341.974000	0.000000	-119.067000	0.000000	81.684000	0.000000

2024-08-26	12:20:24	1724667624.347697	-43154.997891	-0.044311	-0.200625	-130.120188	182.721975	-179.119512	210.277860	250.768273	355.590239	91.729277	332.244837	-147.632037	131.821134	-25.300457	120.141282	-501.494156	61.637479	433.675041	61.721427	-242.711954	0.224975	416.599965	0.344100	-195.504000	0.000000	-10.446324	6.614626	-384.624000	0.000000	-1.976000	0.000000	65.896000	0.000000	123.875000	0.000000	-195.267000	0.000000	66.843000	0.000000	-115.378000	0.000000	-98.042000	0.000000	-51.739000	0.000000	-341.974000	0.000000	-119.067000	0.000000	81.684000	0.000000

2024-08-26	12:20:25	1724667625.347094	-43153.998494	-0.044311	-0.207240	-112.091791	379.604529	-208.824440	387.329140	117.109305	121.787591	214.207367	137.939329	-191.395688	67.025895	-7.841876	81.674616	-578.497541	38.478296	508.437736	32.138093	-242.695074	0.174701	416.407051	0.112677	-195.504000	0.000000	-5.920838	4.777294	-384.624000	0.000000	-1.976000	0.000000	65.896000	0.000000	123.875000	0.000000	-195.267000	0.000000	66.843000	0.000000	-115.378000	0.000000	-98.042000	0.000000	-51.739000	0.000000	-341.974000	0.000000	-119.067000	0.000000	81.684000	0.000000

2024-08-26	12:20:26	1724667626.347509	-43152.998079	-0.044311	-0.207240	-332.490699	153.457122	9.158259	183.514995	206.280534	184.911128	120.774203	149.329640	-201.557420	155.459744	17.263892	169.645516	-506.078347	35.874404	435.795156	39.170450	-242.515175	0.228567	416.245773	0.132317	-195.504000	0.000000	-8.946469	6.259594	-384.624000	0.000000	-1.976000	0.000000	65.896000	0.000000	123.875000	0.000000	-195.267000	0.000000	66.843000	0.000000	-115.378000	0.000000	-98.042000	0.000000	-51.739000	0.000000	-341.974000	0.000000	-119.067000	0.000000	81.684000	0.000000

2024-08-26	12:20:27	1724667627.346941	-43151.998647	-0.044311	-0.207240	-90.036547	233.318241	-222.186267	226.740217	310.220805	130.056935	20.448450	104.390187	-148.930206	205.776666	-29.834667	191.719497	-572.782834	53.620560	505.041024	53.646061	-242.130897	0.135088	416.159842	0.137841	-195.504000	0.000000	-13.572255	8.599431	-384.624000	0.000000	-1.976000	0.000000	65.896000	0.000000	123.875000	0.000000	-195.267000	0.000000	66.843000	0.000000	-115.378000	0.000000	-98.042000	0.000000	-51.739000	0.000000	-341.974000	0.000000	-119.067000	0.000000	81.684000	0.000000

2024-08-26	12:20:28	1724667628.347029	-43150.998559	-0.044311	-0.207240	-113.641559	113.797766	-197.199718	121.664563	238.252126	217.943366	97.421262	239.090356	-231.464112	101.811968	45.579619	98.975691	-467.383078	30.363856	401.623101	25.795421	-242.157776	0.223671	416.346997	0.235482	-195.504000	0.000000	-19.320917	5.706822	-384.624000	0.000000	-1.976000	0.000000	65.896000	0.000000	123.875000	0.000000	-195.267000	0.000000	66.843000	0.000000	-115.378000	0.000000	-98.042000	0.000000	-51.739000	0.000000	-341.974000	0.000000	-119.067000	0.000000	81.684000	0.000000

2024-08-26	12:20:29	1724667629.347444	-43149.998145	-0.044311	-0.207240	-452.197252	174.158891	110.695818	178.753177	79.609919	82.165513	218.543049	148.546261	-219.964435	157.197898	12.024706	128.118790	-540.383940	81.067727	466.061366	85.500003	-242.575547	0.259645	416.675172	0.197676	-195.504000	0.000000	-22.422594	9.026056	-384.624000	0.000000	-1.976000	0.000000	65.896000	0.000000	123.875000	0.000000	-195.267000	0.000000	66.843000	0.000000	-115.378000	0.000000	-98.042000	0.000000	-51.739000	0.000000	-341.974000	0.000000	-119.067000	0.000000	81.684000	0.000000

2024-08-26	12:20:30	1724667630.346859	-43148.998729	-0.044311	-0.200625	191.736425	218.250561	-503.750567	175.443481	169.820825	114.121059	165.941333	120.042799	-162.922195	143.111851	-20.468348	102.595722	-531.270695	58.027925	465.597915	59.011734	-242.154208	0.264401	416.200522	0.208951	-195.504000	0.000000	-14.001514	10.180198	-384.624000	0.000000	-1.976000	0.000000	65.896000	0.000000	123.875000	0.000000	-195.267000	0.000000	66.843000	0.000000	-115.378000	0.000000	-98.042000	0.000000	-51.739000	0.000000	-341.974000	0.000000	-119.067000	0.000000	81.684000	0.000000

2024-08-26	12:20:31	1724667631.347273	-43147.998315	-0.044311	-0.200625	-143.393404	123.501141	-145.823945	127.538837	251.596594	258.643740	129.480620	242.491665	-83.823122	174.623415	-78.615455	122.927911	-563.921013	103.901348	496.982695	97.122435	-241.821540	0.100601	416.020382	0.355857	-195.504000	0.000000	-14.304919	15.132814	-384.624000	0.000000	-1.976000	0.000000	65.896000	0.000000	123.875000	0.000000	-195.267000	0.000000	66.843000	0.000000	-115.378000	0.000000	-98.042000	0.000000	-51.739000	0.000000	-341.974000	0.000000	-119.067000	0.000000	81.684000	0.000000

2024-08-26	12:20:32	1724667632.347688	-43146.997900	-0.044311	-0.200625	-258.747459	217.946568	-76.134661	208.181323	126.516762	161.580867	168.538265	203.478656	-253.793722	172.632135	51.424809	158.803910	-541.815367	26.396030	469.162573	25.552135	-241.703574	0.142507	415.987713	0.166469	-195.504000	0.000000	-14.463542	10.882130	-384.624000	0.000000	-1.976000	0.000000	65.896000	0.000000	123.875000	0.000000	-195.267000	0.000000	66.843000	0.000000	-115.378000	0.000000	-98.042000	0.000000	-51.739000	0.000000	-341.974000	0.000000	-119.067000	0.000000	81.684000	0.000000

2024-08-26	12:20:33	1724667633.347187	-43145.998402	-0.044311	-0.200625	20.110884	292.997302	-338.824894	305.929492	239.027416	177.135307	96.808373	122.152108	-149.473467	116.644641	-39.039356	139.337983	-515.334379	48.465847	448.793656	39.737995	-241.870723	0.213061	416.074835	0.171335	-195.504000	0.000000	-20.149407	8.362309	-384.624000	0.000000	-1.976000	0.000000	65.896000	0.000000	123.875000	0.000000	-195.267000	0.000000	66.843000	0.000000	-115.378000	0.000000	-98.042000	0.000000	-51.739000	0.000000	-341.974000	0.000000	-119.067000	0.000000	81.684000	0.000000

2024-08-26	12:20:34	1724667634.347601	-43144.997987	-0.044311	-0.200625	-152.790397	215.717004	-155.479215	229.948105	127.512849	132.835250	208.624889	96.600179	-144.067430	122.789860	-40.774512	125.393732	-512.810677	29.663373	445.337822	30.961790	-242.156613	0.185251	416.273708	0.157694	-195.504000	0.000000	-12.503451	7.154776	-384.624000	0.000000	-1.976000	0.000000	65.896000	0.000000	123.875000	0.000000	-195.267000	0.000000	66.843000	0.000000	-115.378000	0.000000	-98.042000	0.000000	-51.739000	0.000000	-341.974000	0.000000	-119.067000	0.000000	81.684000	0.000000

2024-08-26	12:20:35	1724667635.347015	-43143.998573	-0.044311	-0.200625	-227.588477	388.972143	-94.808005	390.716892	222.655070	119.997052	111.341490	134.189011	-208.027769	106.900203	19.088372	110.515501	-545.013827	39.436810	473.944837	37.268281	-242.312973	0.196373	416.060594	0.158221	-195.504000	0.000000	-22.799968	9.972626	-384.624000	0.000000	-1.976000	0.000000	65.896000	0.000000	123.875000	0.000000	-195.267000	0.000000	66.843000	0.000000	-115.378000	0.000000	-98.042000	0.000000	-51.739000	0.000000	-341.974000	0.000000	-119.067000	0.000000	81.684000	0.000000

2024-08-26	12:20:36	1724667636.347430	-43142.998158	-0.044311	-0.200625	-71.613749	215.177022	-245.978458	224.301620	217.095315	152.564527	112.152353	200.541504	-192.847151	149.390561	17.362081	127.043543	-513.404309	41.850667	445.371540	38.494659	-242.367830	0.150679	416.385906	0.138643	-195.504000	0.000000	-14.270200	9.798603	-384.624000	0.000000	-1.976000	0.000000	65.896000	0.000000	123.875000	0.000000	-195.267000	0.000000	66.843000	0.000000	-115.378000	0.000000	-98.042000	0.000000	-51.739000	0.000000	-341.974000	0.000000	-119.067000	0.000000	81.684000	0.000000

2024-08-26	12:20:37	1724667637.346862	-43141.998726	-0.044311	-0.200625	1.210638	163.822403	-312.108044	171.023661	146.983766	117.805321	191.954185	79.835749	-185.917758	136.008793	9.692518	112.128203	-513.927759	44.553362	440.230245	43.971944	-242.329799	0.272097	415.885873	0.320961	-195.504000	0.000000	-12.047564	8.274704	-384.624000	0.000000	-1.976000	0.000000	65.896000	0.000000	123.875000	0.000000	-195.267000	0.000000	66.843000	0.000000	-115.378000	0.000000	-98.042000	0.000000	-51.739000	0.000000	-341.974000	0.000000	-119.067000	0.000000	81.684000	0.000000

2024-08-26	12:20:38	1724667638.347261	-43140.998327	-0.044311	-0.200625	-197.650586	389.492462	-127.252647	399.986323	172.648525	148.492249	162.570906	117.973582	-145.254188	68.038097	-40.044021	48.008011	-545.835552	47.709585	477.958839	48.273862	-242.526774	0.201385	416.596722	0.242742	-195.504000	0.000000	-7.388401	8.473333	-384.624000	0.000000	-1.976000	0.000000	65.896000	0.000000	123.875000	0.000000	-195.267000	0.000000	66.843000	0.000000	-115.378000	0.000000	-98.042000	0.000000	-51.739000	0.000000	-341.974000	0.000000	-119.067000	0.000000	81.684000	0.000000

2024-08-26	12:20:39	1724667639.346675	-43139.998913	-0.044311	-0.200625	5.413219	174.286773	-298.052429	163.106318	153.283511	173.652237	212.140433	190.791572	-210.290965	129.866463	45.757493	96.840884	-536.404133	53.897203	472.531732	46.411374	-242.156100	0.273072	416.314192	0.302562	-195.504000	0.000000	-13.858126	9.612763	-384.624000	0.000000	-1.976000	0.000000	65.896000	0.000000	123.875000	0.000000	-195.267000	0.000000	66.843000	0.000000	-115.378000	0.000000	-98.042000	0.000000	-51.739000	0.000000	-341.974000	0.000000	-119.067000	0.000000	81.684000	0.000000

2024-08-26	12:20:40	1724667640.347108	-43138.998480	-0.044311	-0.200625	-147.984767	228.956045	-189.234539	208.501899	266.894014	144.535869	35.439514	147.873190	-211.865432	114.618626	7.098599	102.416363	-524.146971	70.948602	453.317456	80.273513	-242.072260	0.216081	415.889969	0.152308	-195.504000	0.000000	-14.595655	10.121158	-384.624000	0.000000	-1.976000	0.000000	65.896000	0.000000	123.875000	0.000000	-195.267000	0.000000	66.843000	0.000000	-115.378000	0.000000	-98.042000	0.000000	-51.739000	0.000000	-341.974000	0.000000	-119.067000	0.000000	81.684000	0.000000

2024-08-26	12:20:41	1724667641.347505	-43137.998083	-0.044311	-0.207240	-170.594404	368.716258	-142.373047	320.177664	118.568661	167.041007	219.674914	124.814084	-173.121476	127.066210	-4.344935	151.447196	-494.190623	50.094556	423.454166	49.522000	-242.408995	0.204037	416.108241	0.225398	-195.504000	0.000000	-6.613391	11.308638	-384.624000	0.000000	-1.976000	0.000000	65.896000	0.000000	123.875000	0.000000	-195.267000	0.000000	66.843000	0.000000	-115.378000	0.000000	-98.042000	0.000000	-51.739000	0.000000	-341.974000	0.000000	-119.067000	0.000000	81.684000	0.000000

2024-08-26	12:20:42	1724667642.346920	-43136.998669	-0.044311	-0.207240	-114.827926	139.268019	-202.046103	146.517118	117.040555	122.796046	216.963891	107.434300	-168.326516	178.272525	-15.693804	168.163677	-546.467674	33.084568	478.182175	41.134781	-242.133419	0.162693	415.876831	0.183097	-195.504000	0.000000	-20.534501	12.470265	-384.624000	0.000000	-1.976000	0.000000	65.896000	0.000000	123.875000	0.000000	-195.267000	0.000000	66.843000	0.000000	-115.378000	0.000000	-98.042000	0.000000	-51.739000	0.000000	-341.974000	0.000000	-119.067000	0.000000	81.684000	0.000000

2024-08-26	12:20:43	1724667643.347333	-43135.998255	-0.044311	-0.207240	-72.126432	131.915843	-249.480101	62.355069	196.247221	128.913162	120.755329	166.768851	-294.112331	140.122358	104.946371	150.865974	-554.871603	27.985924	483.193681	24.698462	-242.479783	0.122176	415.917374	0.155244	-195.504000	0.000000	-12.793904	6.723518	-384.624000	0.000000	-1.976000	0.000000	65.896000	0.000000	123.875000	0.000000	-195.267000	0.000000	66.843000	0.000000	-115.378000	0.000000	-98.042000	0.000000	-51.739000	0.000000	-341.974000	0.000000	-119.067000	0.000000	81.684000	0.000000

2024-08-26	12:20:44	1724667644.347112	-43134.998477	-0.044311	-0.207240	-227.294430	440.700636	-61.880049	473.883843	68.985011	133.598667	283.274267	165.783103	-71.244047	125.347976	-102.261816	108.174602	-504.297507	44.546474	437.739870	45.750747	-242.304441	0.181703	416.129868	0.216092	-195.504000	0.000000	-5.714403	7.049000	-384.624000	0.000000	-1.976000	0.000000	65.896000	0.000000	123.875000	0.000000	-195.267000	0.000000	66.843000	0.000000	-115.378000	0.000000	-98.042000	0.000000	-51.739000	0.000000	-341.974000	0.000000	-119.067000	0.000000	81.684000	0.000000

2024-08-26	12:20:45	1724667645.347526	-43133.998063	-0.044311	-0.207240	3.933249	426.600859	-344.965458	424.781102	210.052706	111.244797	108.323196	109.500592	-194.918225	57.220026	0.257689	63.815281	-509.657973	42.672553	439.990027	45.858220	-241.780719	0.164329	416.066620	0.192175	-195.504000	0.000000	-10.131551	7.256865	-384.624000	0.000000	-1.976000	0.000000	65.896000	0.000000	123.875000	0.000000	-195.267000	0.000000	66.843000	0.000000	-115.378000	0.000000	-98.042000	0.000000	-51.739000	0.000000	-341.974000	0.000000	-119.067000	0.000000	81.684000	0.000000

2024-08-26	12:20:46	1724667646.346942	-43132.998646	-0.044311	-0.220485	-116.935990	141.150140	-179.418364	106.246156	183.123312	232.644317	160.671258	255.294382	-176.820276	125.392091	11.994901	113.338942	-515.977586	51.839379	450.353346	49.079328	-241.904777	0.297332	416.333154	0.156595	-195.504000	0.000000	-7.301529	9.753671	-384.624000	0.000000	-1.976000	0.000000	65.896000	0.000000	123.875000	0.000000	-195.267000	0.000000	66.843000	0.000000	-115.378000	0.000000	-98.042000	0.000000	-51.739000	0.000000	-341.974000	0.000000	-119.067000	0.000000	81.684000	0.000000

2024-08-26	12:20:47	1724667647.347338	-43131.998250	-0.044311	-0.220485	-58.839553	162.540743	-266.158034	141.168857	298.020574	193.359713	20.578277	173.295666	-280.720866	128.630489	102.655875	155.575668	-528.187591	47.565743	454.723775	47.031323	-242.184154	0.109935	416.291880	0.217093	-195.504000	0.000000	-3.193027	5.966200	-384.624000	0.000000	-1.976000	0.000000	65.896000	0.000000	123.875000	0.000000	-195.267000	0.000000	66.843000	0.000000	-115.378000	0.000000	-98.042000	0.000000	-51.739000	0.000000	-341.974000	0.000000	-119.067000	0.000000	81.684000	0.000000

2024-08-26	12:20:48	1724667648.346753	-43130.998836	-0.044311	-0.220485	-151.616668	233.974705	-168.960411	250.050211	141.715394	60.637088	193.648868	101.192355	-128.649113	148.317850	-70.715207	169.406726	-597.169591	102.881360	529.784810	88.783547	-242.171222	0.141457	416.322099	0.227166	-195.504000	0.000000	-9.298902	10.616817	-384.624000	0.000000	-1.976000	0.000000	65.896000	0.000000	123.875000	0.000000	-195.267000	0.000000	66.843000	0.000000	-115.378000	0.000000	-98.042000	0.000000	-51.739000	0.000000	-341.974000	0.000000	-119.067000	0.000000	81.684000	0.000000

2024-08-26	12:20:49	1724667649.348528	-43129.997060	-0.044311	-0.220485	-43.964799	184.586553	-271.025930	151.819818	126.401516	80.922752	225.809078	129.755266	-90.333882	170.064617	-86.322800	151.178122	-499.979768	69.836922	435.528662	59.589976	-242.363690	0.323746	416.402185	0.163262	-195.504000	0.000000	-14.578865	4.407298	-384.624000	0.000000	-1.976000	0.000000	65.896000	0.000000	123.875000	0.000000	-195.267000	0.000000	66.843000	0.000000	-115.378000	0.000000	-98.042000	0.000000	-51.739000	0.000000	-341.974000	0.000000	-119.067000	0.000000	81.684000	0.000000

2024-08-26	12:20:50	1724667650.347943	-43128.997645	-0.044311	-0.220485	-253.687607	253.889313	-75.565089	180.194394	200.798819	47.746664	110.476281	161.924013	-227.454189	181.304319	29.725306	212.907969	-521.133839	40.685665	453.136122	34.012755	-242.537044	0.211652	416.296059	0.141250	-195.504000	0.000000	-16.207014	6.746148	-384.624000	0.000000	-1.976000	0.000000	65.896000	0.000000	123.875000	0.000000	-195.267000	0.000000	66.843000	0.000000	-115.378000	0.000000	-98.042000	0.000000	-51.739000	0.000000	-341.974000	0.000000	-119.067000	0.000000	81.684000	0.000000

2024-08-26	12:20:51	1724667651.348358	-43127.997231	-0.044311	-0.220485	-158.355003	224.530858	-145.502028	244.937097	227.157479	73.459957	96.207470	108.434915	-257.764702	160.437284	67.885961	152.748000	-578.765619	76.608233	510.197509	68.344412	-241.956762	0.271013	415.948408	0.152910	-195.504000	0.000000	-8.754271	5.537704	-384.624000	0.000000	-1.976000	0.000000	65.896000	0.000000	123.875000	0.000000	-195.267000	0.000000	66.843000	0.000000	-115.378000	0.000000	-98.042000	0.000000	-51.739000	0.000000	-341.974000	0.000000	-119.067000	0.000000	81.684000	0.000000

2024-08-26	12:20:52	1724667652.347773	-43126.997816	-0.044311	-0.213862	-133.778577	214.402977	-195.002863	182.474363	101.827771	112.228616	209.181042	139.396613	-150.935686	126.100536	-33.081547	134.766799	-562.926834	32.406163	489.090091	37.052812	-241.951464	0.193753	416.353580	0.233460	-195.504000	0.000000	-15.610795	7.127049	-384.624000	0.000000	-1.976000	0.000000	65.896000	0.000000	123.875000	0.000000	-195.267000	0.000000	66.843000	0.000000	-115.378000	0.000000	-98.042000	0.000000	-51.739000	0.000000	-341.974000	0.000000	-119.067000	0.000000	81.684000	0.000000

2024-08-26	12:20:53	1724667653.348187	-43125.997401	-0.044311	-0.213862	-181.145752	391.212201	-134.906719	399.663442	234.190009	101.769705	102.001568	121.225451	-116.553234	120.941371	-70.202350	137.257887	-514.430342	85.526353	448.411986	83.592438	-241.831283	0.136354	416.176647	0.203766	-195.504000	0.000000	-20.514515	7.497559	-384.624000	0.000000	-1.976000	0.000000	65.896000	0.000000	123.875000	0.000000	-195.267000	0.000000	66.843000	0.000000	-115.378000	0.000000	-98.042000	0.000000	-51.739000	0.000000	-341.974000	0.000000	-119.067000	0.000000	81.684000	0.000000

2024-08-26	12:20:54	1724667654.347781	-43124.997807	-0.044311	-0.213862	52.367848	171.600508	-375.082933	140.150351	301.562637	234.589947	17.036112	217.523796	-222.737796	148.218934	27.071717	160.986813	-531.994728	58.994496	461.470955	50.102496	-241.953989	0.315548	415.940587	0.214413	-195.504000	0.000000	-4.221246	8.728613	-384.624000	0.000000	-1.976000	0.000000	65.896000	0.000000	123.875000	0.000000	-195.267000	0.000000	66.843000	0.000000	-115.378000	0.000000	-98.042000	0.000000	-51.739000	0.000000	-341.974000	0.000000	-119.067000	0.000000	81.684000	0.000000

2024-08-26	12:20:55	1724667655.348176	-43123.997413	-0.044311	-0.213862	-237.016593	80.761354	-77.859784	85.368810	147.265044	112.452814	197.874265	116.236679	-214.384100	155.553139	40.966063	103.273762	-523.632581	87.270358	455.220063	87.162394	-242.037975	0.203337	415.907835	0.178855	-195.504000	0.000000	-10.316412	7.683091	-384.624000	0.000000	-1.976000	0.000000	65.896000	0.000000	123.875000	0.000000	-195.267000	0.000000	66.843000	0.000000	-115.378000	0.000000	-98.042000	0.000000	-51.739000	0.000000	-341.974000	0.000000	-119.067000	0.000000	81.684000	0.000000

2024-08-26	12:20:56	1724667656.347591	-43122.997997	-0.044311	-0.213862	-47.158187	163.253187	-268.561300	113.194141	283.330906	194.622526	67.546790	136.928918	-232.729676	117.434364	56.348128	107.580648	-556.553249	59.384718	490.154205	56.191238	-242.083025	0.279987	415.739740	0.149697	-195.504000	0.000000	-18.619923	4.347315	-384.624000	0.000000	-1.976000	0.000000	65.896000	0.000000	123.875000	0.000000	-195.267000	0.000000	66.843000	0.000000	-115.378000	0.000000	-98.042000	0.000000	-51.739000	0.000000	-341.974000	0.000000	-119.067000	0.000000	81.684000	0.000000

2024-08-26	12:20:57	1724667657.348006	-43121.997582	-0.044311	-0.200625	-154.838901	159.793662	-173.254199	142.165505	109.754025	177.813563	200.639980	181.181148	-121.007016	121.719354	-69.222750	119.767952	-523.223551	50.688393	451.905306	56.869648	-242.019902	0.169232	415.853155	0.168107	-195.504000	0.000000	-5.254674	7.335346	-384.624000	0.000000	-1.976000	0.000000	65.896000	0.000000	123.875000	0.000000	-195.267000	0.000000	66.843000	0.000000	-115.378000	0.000000	-98.042000	0.000000	-51.739000	0.000000	-341.974000	0.000000	-119.067000	0.000000	81.684000	0.000000

2024-08-26	12:20:58	1724667658.347439	-43120.998149	-0.044311	-0.200625	-111.869496	213.798349	-200.256928	232.002327	193.188763	116.725953	153.876135	104.585030	-208.725383	176.773068	19.265693	168.876127	-519.729215	29.822511	453.894640	36.894595	-241.950501	0.199896	415.912831	0.139263	-195.504000	0.000000	-11.429295	9.690151	-384.624000	0.000000	-1.976000	0.000000	65.896000	0.000000	123.875000	0.000000	-195.267000	0.000000	66.843000	0.000000	-115.378000	0.000000	-98.042000	0.000000	-51.739000	0.000000	-341.974000	0.000000	-119.067000	0.000000	81.684000	0.000000

2024-08-26	12:20:59	1724667659.347806	-43119.997782	-0.044311	-0.200625	-135.401171	220.334827	-167.635958	228.481185	59.342486	135.539117	265.428352	165.518482	-196.943142	141.327955	24.572364	92.861643	-541.199279	50.414044	469.944044	39.884267	-242.030602	0.192388	416.242153	0.206281	-195.504000	0.000000	-16.814666	11.807423	-384.624000	0.000000	-1.976000	0.000000	65.896000	0.000000	123.875000	0.000000	-195.267000	0.000000	66.843000	0.000000	-115.378000	0.000000	-98.042000	0.000000	-51.739000	0.000000	-341.974000	0.000000	-119.067000	0.000000	81.684000	0.000000

2024-08-26	12:21:00	1724667660.348217	-43118.997371	-0.044311	-0.200625	-252.963663	289.226709	-55.094332	244.521212	285.087377	214.818274	59.908849	142.007134	-197.027367	71.183418	15.070059	100.673030	-525.278281	24.233707	460.943579	25.694686	-241.960018	0.150840	416.274907	0.182058	-195.504000	0.000000	-13.668615	9.813839	-384.624000	0.000000	-1.976000	0.000000	65.896000	0.000000	123.875000	0.000000	-195.267000	0.000000	66.843000	0.000000	-115.378000	0.000000	-98.042000	0.000000	-51.739000	0.000000	-341.974000	0.000000	-119.067000	0.000000	81.684000	0.000000

2024-08-26	12:21:01	1724667661.347650	-43117.997939	-0.044311	-0.200625	48.042944	279.404370	-385.537815	260.647529	145.265281	210.074914	158.477468	175.036774	-242.753028	92.346186	21.528440	79.158727	-574.749817	67.673521	501.751542	65.197223	-241.957158	0.142534	416.089669	0.160869	-195.504000	0.000000	-10.858560	5.522950	-384.624000	0.000000	-1.976000	0.000000	65.896000	0.000000	123.875000	0.000000	-195.267000	0.000000	66.843000	0.000000	-115.378000	0.000000	-98.042000	0.000000	-51.739000	0.000000	-341.974000	0.000000	-119.067000	0.000000	81.684000	0.000000

2024-08-26	12:21:02	1724667662.348063	-43116.997525	-0.044311	-0.200625	-12.005077	167.314876	-299.751990	168.494163	150.809092	162.719148	177.265720	185.194303	-97.947624	94.467277	-76.975179	82.590398	-510.215989	25.048322	445.475685	24.948471	-241.732334	0.271380	416.275199	0.250900	-195.504000	0.000000	-12.197832	10.322594	-384.624000	0.000000	-1.976000	0.000000	65.896000	0.000000	123.875000	0.000000	-195.267000	0.000000	66.843000	0.000000	-115.378000	0.000000	-98.042000	0.000000	-51.739000	0.000000	-341.974000	0.000000	-119.067000	0.000000	81.684000	0.000000

2024-08-26	12:21:03	1724667663.347462	-43115.998126	-0.044311	-0.187380	-118.936418	138.763309	-202.466873	154.476903	67.527127	240.295871	260.506415	226.001288	-158.096418	106.068196	-31.764254	80.075465	-531.155761	52.220225	460.841015	56.600933	-241.876401	0.207892	416.242173	0.205332	-195.504000	0.000000	-17.887892	9.413127	-384.624000	0.000000	-1.976000	0.000000	65.896000	0.000000	123.875000	0.000000	-195.267000	0.000000	66.843000	0.000000	-115.378000	0.000000	-98.042000	0.000000	-51.739000	0.000000	-341.974000	0.000000	-119.067000	0.000000	81.684000	0.000000

2024-08-26	12:21:04	1724667664.349269	-43114.996319	-0.044311	-0.187380	-51.191749	140.090924	-242.783545	145.001178	201.223106	168.588436	172.003173	178.354743	-149.348247	144.636911	-12.791195	129.552829	-500.222176	27.869917	433.752275	30.343280	-242.022033	0.127116	416.190037	0.265136	-195.504000	0.000000	-1.950706	9.495697	-384.624000	0.000000	-1.976000	0.000000	65.896000	0.000000	123.875000	0.000000	-195.267000	0.000000	66.843000	0.000000	-115.378000	0.000000	-98.042000	0.000000	-51.739000	0.000000	-341.974000	0.000000	-119.067000	0.000000	81.684000	0.000000

2024-08-26	12:21:05	1724667665.349138	-43113.996450	-0.044311	-0.187380	-278.798619	235.905240	-49.012049	193.605633	294.038012	150.978686	23.530051	130.972061	-199.638456	84.847124	16.476080	124.095772	-545.135418	68.238710	473.026061	68.561219	-241.720834	0.205992	416.423587	0.201676	-195.504000	0.000000	-18.370353	8.594032	-384.624000	0.000000	-1.976000	0.000000	65.896000	0.000000	123.875000	0.000000	-195.267000	0.000000	66.843000	0.000000	-115.378000	0.000000	-98.042000	0.000000	-51.739000	0.000000	-341.974000	0.000000	-119.067000	0.000000	81.684000	0.000000

2024-08-26	12:21:06	1724667666.348553	-43112.997035	-0.044311	-0.187380	-199.687482	136.020853	-122.943309	137.805471	93.929856	199.835324	224.011016	210.662538	-163.769814	109.804141	-34.414179	64.407561	-586.304279	42.786367	516.800465	35.428982	-241.807056	0.178502	415.961749	0.245177	-195.504000	0.000000	-17.387949	10.444779	-384.624000	0.000000	-1.976000	0.000000	65.896000	0.000000	123.875000	0.000000	-195.267000	0.000000	66.843000	0.000000	-115.378000	0.000000	-98.042000	0.000000	-51.739000	0.000000	-341.974000	0.000000	-119.067000	0.000000	81.684000	0.000000

2024-08-26	12:21:07	1724667667.348968	-43111.996620	-0.044311	-0.187380	-188.979587	151.775338	-120.664848	151.225082	186.520972	151.614010	140.603328	200.462563	-184.384840	148.001391	6.803426	165.728610	-513.326803	67.335643	446.195447	68.684765	-241.543853	0.163991	416.059279	0.227761	-195.504000	0.000000	-16.093600	8.115818	-384.624000	0.000000	-1.976000	0.000000	65.896000	0.000000	123.875000	0.000000	-195.267000	0.000000	66.843000	0.000000	-115.378000	0.000000	-98.042000	0.000000	-51.739000	0.000000	-341.974000	0.000000	-119.067000	0.000000	81.684000	0.000000

2024-08-26	12:21:08	1724667668.348383	-43110.997205	-0.044311	-0.187380	-46.117957	224.263283	-268.564770	200.395135	215.928211	172.003718	124.244267	197.414273	-214.033420	129.300959	39.189120	99.660338	-500.611959	54.325807	430.799668	54.565756	-241.762603	0.236254	416.374574	0.168967	-195.504000	0.000000	-5.438414	4.918635	-384.624000	0.000000	-1.976000	0.000000	65.896000	0.000000	123.875000	0.000000	-195.267000	0.000000	66.843000	0.000000	-115.378000	0.000000	-98.042000	0.000000	-51.739000	0.000000	-341.974000	0.000000	-119.067000	0.000000	81.684000	0.000000

2024-08-26	12:21:09	1724667669.348797	-43109.996791	-0.044311	-0.227103	79.592841	221.853613	-402.141461	270.650919	201.028520	79.249894	143.229356	77.681449	-184.631547	137.935443	-8.267763	166.362530	-561.959154	62.662391	492.584742	59.549571	-241.547486	0.310872	416.227820	0.142359	-195.504000	0.000000	-12.987612	6.902850	-384.624000	0.000000	-1.976000	0.000000	65.896000	0.000000	123.875000	0.000000	-195.267000	0.000000	66.843000	0.000000	-115.378000	0.000000	-98.042000	0.000000	-51.739000	0.000000	-341.974000	0.000000	-119.067000	0.000000	81.684000	0.000000

2024-08-26	12:21:10	1724667670.348918	-43108.996670	-0.044311	-0.227103	-199.813225	240.507089	-123.043462	257.501624	217.417059	103.758549	100.938048	67.347853	-167.305534	92.856715	-20.309112	96.556225	-526.890782	65.291224	456.973838	67.042711	-241.991292	0.158031	416.345583	0.149037	-195.504000	0.000000	-18.220119	11.453913	-384.624000	0.000000	-1.976000	0.000000	65.896000	0.000000	123.875000	0.000000	-195.267000	0.000000	66.843000	0.000000	-115.378000	0.000000	-98.042000	0.000000	-51.739000	0.000000	-341.974000	0.000000	-119.067000	0.000000	81.684000	0.000000

2024-08-26	12:21:11	1724667671.348332	-43107.997256	-0.044311	-0.227103	-162.705564	241.122600	-152.855359	223.242931	69.589358	206.931045	251.179898	274.778780	-216.444257	96.778272	24.733771	60.681709	-539.065846	88.942097	472.168666	89.261412	-241.991084	0.222183	415.949589	0.154511	-195.504000	0.000000	-8.803379	8.011079	-384.624000	0.000000	-1.976000	0.000000	65.896000	0.000000	123.875000	0.000000	-195.267000	0.000000	66.843000	0.000000	-115.378000	0.000000	-98.042000	0.000000	-51.739000	0.000000	-341.974000	0.000000	-119.067000	0.000000	81.684000	0.000000

2024-08-26	12:21:12	1724667672.348748	-43106.996840	-0.044311	-0.227103	-230.442701	160.653946	-90.875897	140.998256	202.671130	79.222945	125.062102	111.637307	-242.400269	132.128304	54.658258	104.385312	-530.088928	79.824502	460.248725	74.703561	-241.830449	0.196535	415.854137	0.110269	-195.504000	0.000000	-8.917295	9.392010	-384.624000	0.000000	-1.976000	0.000000	65.896000	0.000000	123.875000	0.000000	-195.267000	0.000000	66.843000	0.000000	-115.378000	0.000000	-98.042000	0.000000	-51.739000	0.000000	-341.974000	0.000000	-119.067000	0.000000	81.684000	0.000000

2024-08-26	12:21:13	1724667673.349174	-43105.996414	-0.044311	-0.227103	-52.132829	158.014486	-274.956667	142.789187	242.176817	132.097652	90.263801	139.352044	-182.992840	51.925722	-7.895176	61.375327	-564.113399	91.863829	496.571372	91.826141	-241.898190	0.173362	416.067517	0.192486	-195.504000	0.000000	-7.742297	10.806992	-384.624000	0.000000	-1.976000	0.000000	65.896000	0.000000	123.875000	0.000000	-195.267000	0.000000	66.843000	0.000000	-115.378000	0.000000	-98.042000	0.000000	-51.739000	0.000000	-341.974000	0.000000	-119.067000	0.000000	81.684000	0.000000

2024-08-26	12:21:14	1724667674.348577	-43104.997011	-0.044311	-0.213862	-258.697880	216.346344	-56.743822	231.935156	108.955338	281.987586	214.991946	293.133853	-122.698841	136.625710	-57.556057	110.305038	-533.508828	36.384069	459.515183	31.023734	-241.837901	0.259968	416.067351	0.221673	-195.504000	0.000000	-17.268574	7.236693	-384.624000	0.000000	-1.976000	0.000000	65.896000	0.000000	123.875000	0.000000	-195.267000	0.000000	66.843000	0.000000	-115.378000	0.000000	-98.042000	0.000000	-51.739000	0.000000	-341.974000	0.000000	-119.067000	0.000000	81.684000	0.000000

2024-08-26	12:21:15	1724667675.348577	-43103.997011	-0.044311	-0.213862	-260.515061	214.642476	-65.605182	229.509228	134.094444	73.308974	181.752329	112.176330	-187.773886	138.928624	-5.905508	110.914183	-528.494032	34.879988	457.830879	33.941612	-241.861981	0.169651	415.643848	0.241411	-195.504000	0.000000	-3.129078	11.246230	-384.624000	0.000000	-1.976000	0.000000	65.896000	0.000000	123.875000	0.000000	-195.267000	0.000000	66.843000	0.000000	-115.378000	0.000000	-98.042000	0.000000	-51.739000	0.000000	-341.974000	0.000000	-119.067000	0.000000	81.684000	0.000000

2024-08-26	12:21:16	1724667676.348992	-43102.996596	-0.044311	-0.213862	-255.180902	155.194162	-43.529256	109.354033	306.201027	220.101322	35.248531	131.606198	-185.797147	114.860019	16.410634	151.629128	-517.202876	60.845503	453.486385	49.692928	-242.109165	0.269942	415.872002	0.201842	-195.504000	0.000000	-15.393463	8.171152	-384.624000	0.000000	-1.976000	0.000000	65.896000	0.000000	123.875000	0.000000	-195.267000	0.000000	66.843000	0.000000	-115.378000	0.000000	-98.042000	0.000000	-51.739000	0.000000	-341.974000	0.000000	-119.067000	0.000000	81.684000	0.000000

2024-08-26	12:21:17	1724667677.348407	-43101.997181	-0.044311	-0.213862	-9.468286	279.327704	-312.374129	247.866048	179.111673	81.663565	157.979433	137.074075	-186.734068	74.506523	-2.188756	46.318765	-546.445315	34.070370	478.829092	27.112518	-242.007537	0.167707	416.043493	0.129601	-195.504000	0.000000	-13.836358	6.829885	-384.624000	0.000000	-1.976000	0.000000	65.896000	0.000000	123.875000	0.000000	-195.267000	0.000000	66.843000	0.000000	-115.378000	0.000000	-98.042000	0.000000	-51.739000	0.000000	-341.974000	0.000000	-119.067000	0.000000	81.684000	0.000000

2024-08-26	12:21:18	1724667678.348822	-43100.996766	-0.044311	-0.213862	29.084821	197.741956	-357.251971	157.218470	224.529002	131.576361	68.659297	117.597357	-127.391561	123.069923	-72.420818	103.483964	-575.657252	54.875530	503.745447	55.122569	-242.110225	0.168037	416.139281	0.162551	-195.504000	0.000000	-15.849577	9.789890	-384.624000	0.000000	-1.976000	0.000000	65.896000	0.000000	123.875000	0.000000	-195.267000	0.000000	66.843000	0.000000	-115.378000	0.000000	-98.042000	0.000000	-51.739000	0.000000	-341.974000	0.000000	-119.067000	0.000000	81.684000	0.000000

2024-08-26	12:21:19	1724667679.348237	-43099.997351	-0.044311	-0.207240	-243.254862	158.915412	-62.884609	155.065476	135.375744	109.798094	224.696372	108.766303	-211.882102	146.971009	39.952718	151.579153	-524.452369	81.925712	456.991497	78.588434	-241.484403	0.260120	415.930054	0.213706	-195.504000	0.000000	-22.831787	9.477839	-384.624000	0.000000	-1.976000	0.000000	65.896000	0.000000	123.875000	0.000000	-195.267000	0.000000	66.843000	0.000000	-115.378000	0.000000	-98.042000	0.000000	-51.739000	0.000000	-341.974000	0.000000	-119.067000	0.000000	81.684000	0.000000

2024-08-26	12:21:20	1724667680.348911	-43098.996677	-0.044311	-0.207240	-94.552135	74.438826	-230.239158	75.421924	68.464285	191.860917	265.878139	214.173369	-194.485441	166.886218	0.847871	132.965832	-517.181055	37.770925	447.106726	37.886201	-242.107391	0.204323	415.627701	0.203843	-195.504000	0.000000	-5.422597	4.711490	-384.624000	0.000000	-1.976000	0.000000	65.896000	0.000000	123.875000	0.000000	-195.267000	0.000000	66.843000	0.000000	-115.378000	0.000000	-98.042000	0.000000	-51.739000	0.000000	-341.974000	0.000000	-119.067000	0.000000	81.684000	0.000000

2024-08-26	12:21:21	1724667681.348326	-43097.997262	-0.044311	-0.207240	-189.951186	224.461623	-123.759197	213.553619	202.310713	118.286258	152.813222	173.493431	-215.158431	79.482407	36.369489	92.904166	-551.133508	68.268769	483.749779	62.164894	-242.636559	0.184740	415.945723	0.158710	-195.504000	0.000000	-20.825819	11.425135	-384.624000	0.000000	-1.976000	0.000000	65.896000	0.000000	123.875000	0.000000	-195.267000	0.000000	66.843000	0.000000	-115.378000	0.000000	-98.042000	0.000000	-51.739000	0.000000	-341.974000	0.000000	-119.067000	0.000000	81.684000	0.000000

2024-08-26	12:21:22	1724667682.348741	-43096.996848	-0.044311	-0.207240	-203.391544	324.491556	-105.820017	345.023083	181.696883	116.034288	129.964663	178.003038	-134.946040	56.987410	-41.841813	44.019068	-521.345298	15.280359	450.450717	13.014234	-242.009397	0.208677	416.161734	0.253832	-195.504000	0.000000	-3.723908	10.785444	-384.624000	0.000000	-1.976000	0.000000	65.896000	0.000000	123.875000	0.000000	-195.267000	0.000000	66.843000	0.000000	-115.378000	0.000000	-98.042000	0.000000	-51.739000	0.000000	-341.974000	0.000000	-119.067000	0.000000	81.684000	0.000000

2024-08-26	12:21:23	1724667683.348156	-43095.997432	-0.044311	-0.207240	85.211527	296.758885	-390.639494	267.491028	196.933968	165.441845	150.716812	260.640556	-167.462514	137.801389	-11.318493	118.165924	-529.763217	56.066167	461.482909	57.571887	-242.086372	0.279982	415.815097	0.199761	-195.504000	0.000000	-4.899406	7.468349	-384.624000	0.000000	-1.976000	0.000000	65.896000	0.000000	123.875000	0.000000	-195.267000	0.000000	66.843000	0.000000	-115.378000	0.000000	-98.042000	0.000000	-51.739000	0.000000	-341.974000	0.000000	-119.067000	0.000000	81.684000	0.000000

2024-08-26	12:21:24	1724667684.348570	-43094.997018	-0.044311	-0.207240	-344.951988	170.662034	-5.288712	152.536003	279.756121	203.997369	20.746460	175.172237	-120.404980	212.044416	-88.657106	241.847200	-527.938609	61.381202	456.785140	56.728883	-241.790673	0.290686	416.002465	0.185251	-195.504000	0.000000	-14.775748	6.250867	-384.624000	0.000000	-1.976000	0.000000	65.896000	0.000000	123.875000	0.000000	-195.267000	0.000000	66.843000	0.000000	-115.378000	0.000000	-98.042000	0.000000	-51.739000	0.000000	-341.974000	0.000000	-119.067000	0.000000	81.684000	0.000000

2024-08-26	12:21:25	1724667685.349092	-43093.996496	-0.044311	-0.200625	-52.148868	221.637402	-241.361096	207.673020	-9.212837	118.887921	369.548162	117.144523	-197.299521	135.151478	19.153703	140.040325	-546.856043	86.812608	479.541942	86.368983	-241.923916	0.118560	416.020357	0.170038	-195.504000	0.000000	-5.469067	8.613612	-384.624000	0.000000	-1.976000	0.000000	65.896000	0.000000	123.875000	0.000000	-195.267000	0.000000	66.843000	0.000000	-115.378000	0.000000	-98.042000	0.000000	-51.739000	0.000000	-341.974000	0.000000	-119.067000	0.000000	81.684000	0.000000

2024-08-26	12:21:26	1724667686.348509	-43092.997079	-0.044311	-0.200625	-139.189524	194.763674	-186.377553	200.757750	199.198840	206.748454	145.144759	249.221276	-261.462001	106.711266	75.831361	121.172722	-517.299448	17.548625	452.196695	17.089684	-242.036652	0.249318	416.303685	0.298571	-195.504000	0.000000	-8.163591	9.750933	-384.624000	0.000000	-1.976000	0.000000	65.896000	0.000000	123.875000	0.000000	-195.267000	0.000000	66.843000	0.000000	-115.378000	0.000000	-98.042000	0.000000	-51.739000	0.000000	-341.974000	0.000000	-119.067000	0.000000	81.684000	0.000000

2024-08-26	12:21:27	1724667687.348923	-43091.996665	-0.044311	-0.200625	-249.535960	235.295042	-85.948268	238.372388	172.869931	146.081792	135.992356	166.623254	-164.401018	119.084746	-31.582158	107.539095	-529.120962	33.270112	462.621950	35.938417	-242.116440	0.153435	416.409797	0.215995	-195.504000	0.000000	-15.595374	7.984593	-384.624000	0.000000	-1.976000	0.000000	65.896000	0.000000	123.875000	0.000000	-195.267000	0.000000	66.843000	0.000000	-115.378000	0.000000	-98.042000	0.000000	-51.739000	0.000000	-341.974000	0.000000	-119.067000	0.000000	81.684000	0.000000

2024-08-26	12:21:28	1724667688.348339	-43090.997250	-0.044311	-0.200625	-284.336488	167.353569	-21.419324	187.630538	165.045173	198.811896	162.639494	194.903749	-158.869568	89.275008	-27.712045	117.566291	-556.805545	63.253809	482.156710	64.008399	-242.283061	0.123051	416.725718	0.124428	-195.504000	0.000000	-7.586048	6.052438	-384.624000	0.000000	-1.976000	0.000000	65.896000	0.000000	123.875000	0.000000	-195.267000	0.000000	66.843000	0.000000	-115.378000	0.000000	-98.042000	0.000000	-51.739000	0.000000	-341.974000	0.000000	-119.067000	0.000000	81.684000	0.000000

2024-08-26	12:21:29	1724667689.348754	-43089.996834	-0.044311	-0.200625	-141.152009	168.714527	-164.668160	194.570366	209.973526	119.100783	140.686687	211.418816	-160.912498	78.697284	-9.294985	105.986831	-537.545908	69.064534	471.229252	62.422767	-242.304670	0.264867	416.474544	0.251779	-195.504000	0.000000	-11.144335	5.691315	-384.624000	0.000000	-1.976000	0.000000	65.896000	0.000000	123.875000	0.000000	-195.267000	0.000000	66.843000	0.000000	-115.378000	0.000000	-98.042000	0.000000	-51.739000	0.000000	-341.974000	0.000000	-119.067000	0.000000	81.684000	0.000000

2024-08-26	12:21:30	1724667690.348178	-43088.997410	-0.044311	-0.200625	13.412300	130.382547	-334.384018	127.957034	184.671146	222.775212	134.465327	282.257171	-249.959192	82.525919	66.242529	73.313574	-520.494100	35.411494	453.000590	33.322190	-242.140270	0.174095	416.289092	0.211977	-195.504000	0.000000	-7.715843	8.207084	-384.624000	0.000000	-1.976000	0.000000	65.896000	0.000000	123.875000	0.000000	-195.267000	0.000000	66.843000	0.000000	-115.378000	0.000000	-98.042000	0.000000	-51.739000	0.000000	-341.974000	0.000000	-119.067000	0.000000	81.684000	0.000000

2024-08-26	12:21:31	1724667691.349000	-43087.996588	-0.044311	-0.220485	-55.071698	76.101667	-277.621014	63.069600	109.399976	150.608826	223.158928	170.162600	-142.720895	130.390017	-48.468517	145.375139	-577.571505	59.471263	510.591152	57.664391	-242.085490	0.187919	416.291000	0.232004	-195.504000	0.000000	-18.363077	11.069173	-384.624000	0.000000	-1.976000	0.000000	65.896000	0.000000	123.875000	0.000000	-195.267000	0.000000	66.843000	0.000000	-115.378000	0.000000	-98.042000	0.000000	-51.739000	0.000000	-341.974000	0.000000	-119.067000	0.000000	81.684000	0.000000

2024-08-26	12:21:32	1724667692.348397	-43086.997191	-0.044311	-0.220485	-52.310457	181.886442	-269.157749	163.106650	269.481990	151.105199	67.089765	160.733903	-164.332329	162.154883	-23.480224	178.715011	-546.108004	24.976674	476.536075	23.655010	-242.059714	0.216785	415.958230	0.133715	-195.504000	0.000000	-8.102389	6.074805	-384.624000	0.000000	-1.976000	0.000000	65.896000	0.000000	123.875000	0.000000	-195.267000	0.000000	66.843000	0.000000	-115.378000	0.000000	-98.042000	0.000000	-51.739000	0.000000	-341.974000	0.000000	-119.067000	0.000000	81.684000	0.000000

2024-08-26	12:21:33	1724667693.348813	-43085.996775	-0.044311	-0.220485	-177.674935	376.208094	-141.692944	333.148144	63.097547	225.745063	261.655640	254.965991	-146.060184	117.695028	-42.636562	79.623582	-510.336053	81.544667	442.438764	71.770816	-241.795912	0.111712	415.819439	0.175173	-195.504000	0.000000	-9.920273	11.820429	-384.624000	0.000000	-1.976000	0.000000	65.896000	0.000000	123.875000	0.000000	-195.267000	0.000000	66.843000	0.000000	-115.378000	0.000000	-98.042000	0.000000	-51.739000	0.000000	-341.974000	0.000000	-119.067000	0.000000	81.684000	0.000000

2024-08-26	12:21:34	1724667694.348227	-43084.997361	-0.044311	-0.220485	-255.773062	201.188774	-59.739234	208.509433	173.014948	150.909053	151.127370	168.466567	-265.915918	75.335798	79.680360	68.562649	-541.309660	64.709548	470.761565	68.229743	-242.067734	0.171070	416.184654	0.199784	-195.504000	0.000000	-10.638378	7.590232	-384.624000	0.000000	-1.976000	0.000000	65.896000	0.000000	123.875000	0.000000	-195.267000	0.000000	66.843000	0.000000	-115.378000	0.000000	-98.042000	0.000000	-51.739000	0.000000	-341.974000	0.000000	-119.067000	0.000000	81.684000	0.000000

2024-08-26	12:21:35	1724667695.348641	-43083.996947	-0.044311	-0.220485	-103.625092	71.212321	-199.800260	54.697460	148.527474	73.658521	192.254498	73.280522	-101.055843	133.445598	-68.973725	145.781886	-505.322435	73.765427	434.770794	73.466550	-241.943214	0.186240	416.141351	0.121139	-195.504000	0.000000	-2.301615	5.408258	-384.624000	0.000000	-1.976000	0.000000	65.896000	0.000000	123.875000	0.000000	-195.267000	0.000000	66.843000	0.000000	-115.378000	0.000000	-98.042000	0.000000	-51.739000	0.000000	-341.974000	0.000000	-119.067000	0.000000	81.684000	0.000000

2024-08-26	12:21:36	1724667696.348490	-43082.997098	-0.044311	-0.213862	-281.067568	241.973036	-37.345314	227.689250	346.409020	148.954311	-27.498160	154.441699	-189.979765	186.560365	3.900556	173.083185	-556.982382	82.919110	485.896084	80.794844	-242.133480	0.237382	415.979714	0.206922	-195.504000	0.000000	-8.118911	13.387560	-384.624000	0.000000	-1.976000	0.000000	65.896000	0.000000	123.875000	0.000000	-195.267000	0.000000	66.843000	0.000000	-115.378000	0.000000	-98.042000	0.000000	-51.739000	0.000000	-341.974000	0.000000	-119.067000	0.000000	81.684000	0.000000

2024-08-26	12:21:37	1724667697.348887	-43081.996701	-0.044311	-0.213862	-128.368682	189.273819	-200.070815	187.296744	109.091143	150.465273	202.936908	167.717599	-227.934489	128.284848	30.460083	113.645194	-514.488871	36.569472	443.159543	33.462231	-241.533734	0.308267	416.174022	0.181169	-195.504000	0.000000	-21.616313	10.414840	-384.624000	0.000000	-1.976000	0.000000	65.896000	0.000000	123.875000	0.000000	-195.267000	0.000000	66.843000	0.000000	-115.378000	0.000000	-98.042000	0.000000	-51.739000	0.000000	-341.974000	0.000000	-119.067000	0.000000	81.684000	0.000000

2024-08-26	12:21:38	1724667698.348302	-43080.997286	-0.044311	-0.213862	-35.333741	222.609027	-272.877597	230.369561	230.433966	64.419877	122.969421	130.440854	-136.305740	181.836036	-33.748914	162.767164	-521.254735	31.847071	455.595384	30.172408	-241.944364	0.186766	416.183690	0.173455	-195.504000	0.000000	-12.551295	10.266366	-384.624000	0.000000	-1.976000	0.000000	65.896000	0.000000	123.875000	0.000000	-195.267000	0.000000	66.843000	0.000000	-115.378000	0.000000	-98.042000	0.000000	-51.739000	0.000000	-341.974000	0.000000	-119.067000	0.000000	81.684000	0.000000

