Date/C:Time:TimeStamp/D:time:VMeas:IMeas:I_00:DI_00:I_01:DI_01:I_02:DI_02:I_03:DI_03:I_04:DI_04:I_05:DI_05:I_06:DI_06:I_07:DI_07:I_08:DI_08:I_09:DI_09:I_10:DI_10:I_11:DI_11:I_12:DI_12:I_13:DI_13:I_14:DI_14:I_15:DI_15:I_16:DI_16:I_17:DI_17:I_18:DI_18:I_19:DI_19:I_20:DI_20:I_21:DI_21:I_22:DI_22:I_23:DI_23
2024-08-26	12:45:59	1724669159.448620	-43200.000000	-0.044311	-0.200625	-40.948202	216.061733	-236.605065	216.573346	279.417509	209.429118	47.829481	159.275529	-156.424232	166.407698	87.969854	119.585247	-550.550339	41.056800	364.794497	29.507218	-242.056487	0.238044	417.681773	0.106027	-195.504000	0.000000	1.294418	7.881945	-384.624000	0.000000	-1.976000	0.000000	65.896000	0.000000	123.875000	0.000000	-195.267000	0.000000	66.843000	0.000000	-115.378000	0.000000	-98.042000	0.000000	-51.739000	0.000000	-341.974000	0.000000	-119.067000	0.000000	81.684000	0.000000

2024-08-26	12:46:00	1724669160.449035	-43198.999585	-0.044311	-0.213862	-13.251275	250.332084	-250.327832	247.139411	146.892601	257.680015	217.104277	236.752537	-162.817140	130.162532	95.014681	124.011436	-559.554641	44.453108	383.760541	43.886912	-241.800816	0.228670	417.948873	0.283952	-195.504000	0.000000	8.522109	7.744036	-384.624000	0.000000	-1.976000	0.000000	65.896000	0.000000	123.875000	0.000000	-195.267000	0.000000	66.843000	0.000000	-115.378000	0.000000	-98.042000	0.000000	-51.739000	0.000000	-341.974000	0.000000	-119.067000	0.000000	81.684000	0.000000

2024-08-26	12:46:01	1724669161.449462	-43197.999157	-0.044311	-0.213862	-105.753384	122.619336	-163.979741	123.767701	125.321963	118.554591	176.752943	66.737684	-122.873027	82.058698	58.277124	52.431157	-552.180309	61.704764	370.327105	58.455079	-241.602137	0.229596	417.905500	0.189936	-195.504000	0.000000	9.342939	7.502868	-384.624000	0.000000	-1.976000	0.000000	65.896000	0.000000	123.875000	0.000000	-195.267000	0.000000	66.843000	0.000000	-115.378000	0.000000	-98.042000	0.000000	-51.739000	0.000000	-341.974000	0.000000	-119.067000	0.000000	81.684000	0.000000

2024-08-26	12:46:02	1724669162.449876	-43196.998744	-0.044311	-0.213862	-167.496843	316.144638	-97.244143	315.783262	194.944149	203.437426	146.429570	180.054888	-171.232054	89.944327	112.355746	31.136425	-535.624920	67.254723	354.280212	64.316419	-241.496002	0.214443	418.087400	0.209888	-195.504000	0.000000	3.893034	8.615614	-384.624000	0.000000	-1.976000	0.000000	65.896000	0.000000	123.875000	0.000000	-195.267000	0.000000	66.843000	0.000000	-115.378000	0.000000	-98.042000	0.000000	-51.739000	0.000000	-341.974000	0.000000	-119.067000	0.000000	81.684000	0.000000

2024-08-26	12:46:03	1724669163.450273	-43195.998347	-0.044311	-0.213862	61.653721	145.327591	-336.105284	166.667416	244.828570	119.610861	102.757431	129.031856	-150.927390	56.561721	81.213642	77.906321	-571.583164	85.807222	391.261541	79.316646	-241.821934	0.155814	417.556985	0.332786	-195.504000	0.000000	-1.985566	7.502861	-384.624000	0.000000	-1.976000	0.000000	65.896000	0.000000	123.875000	0.000000	-195.267000	0.000000	66.843000	0.000000	-115.378000	0.000000	-98.042000	0.000000	-51.739000	0.000000	-341.974000	0.000000	-119.067000	0.000000	81.684000	0.000000

2024-08-26	12:46:04	1724669164.449688	-43194.998932	-0.044311	-0.213862	-318.484707	127.914626	53.018073	146.979171	169.770325	150.887892	157.035572	126.856855	-111.370175	97.838057	46.890389	98.940970	-555.576320	37.308672	375.212961	32.085823	-241.712553	0.158811	417.291389	0.335926	-195.504000	0.000000	1.292218	6.335488	-384.624000	0.000000	-1.976000	0.000000	65.896000	0.000000	123.875000	0.000000	-195.267000	0.000000	66.843000	0.000000	-115.378000	0.000000	-98.042000	0.000000	-51.739000	0.000000	-341.974000	0.000000	-119.067000	0.000000	81.684000	0.000000

2024-08-26	12:46:05	1724669165.450103	-43193.998517	-0.044311	-0.200625	-123.415621	364.290615	-126.064892	343.702688	91.432685	110.991519	272.479161	92.855222	-132.665873	128.127819	82.839829	107.254441	-545.317699	41.325914	370.073089	36.434216	-241.434927	0.223079	417.250377	0.152575	-195.504000	0.000000	5.907865	9.171004	-384.624000	0.000000	-1.976000	0.000000	65.896000	0.000000	123.875000	0.000000	-195.267000	0.000000	66.843000	0.000000	-115.378000	0.000000	-98.042000	0.000000	-51.739000	0.000000	-341.974000	0.000000	-119.067000	0.000000	81.684000	0.000000

2024-08-26	12:46:06	1724669166.450243	-43192.998377	-0.044311	-0.200625	183.236052	408.255547	-460.367989	423.344852	136.322567	64.090137	206.790174	57.447612	-159.970551	108.908800	99.348286	105.894768	-566.245545	48.290003	381.939754	45.375659	-241.589129	0.304076	417.172370	0.150372	-195.504000	0.000000	5.110606	6.736657	-384.624000	0.000000	-1.976000	0.000000	65.896000	0.000000	123.875000	0.000000	-195.267000	0.000000	66.843000	0.000000	-115.378000	0.000000	-98.042000	0.000000	-51.739000	0.000000	-341.974000	0.000000	-119.067000	0.000000	81.684000	0.000000

2024-08-26	12:46:07	1724669167.449639	-43191.998981	-0.044311	-0.200625	-36.473131	167.805708	-234.481837	180.957763	156.207771	120.332060	176.758529	86.752348	-190.209816	135.675846	123.229512	113.386691	-590.517660	69.901772	408.909650	63.671826	-241.678471	0.188050	417.260840	0.166027	-195.504000	0.000000	11.405602	11.629623	-384.624000	0.000000	-1.976000	0.000000	65.896000	0.000000	123.875000	0.000000	-195.267000	0.000000	66.843000	0.000000	-115.378000	0.000000	-98.042000	0.000000	-51.739000	0.000000	-341.974000	0.000000	-119.067000	0.000000	81.684000	0.000000

2024-08-26	12:46:08	1724669168.450053	-43190.998567	-0.044311	-0.200625	-25.724035	120.443921	-236.419764	114.231161	159.987041	110.359835	188.018185	182.274088	-146.038014	97.186374	86.721426	80.617939	-512.780551	69.015429	334.353648	64.989655	-241.718160	0.131509	416.998901	0.219940	-195.504000	0.000000	7.537577	7.551265	-384.624000	0.000000	-1.976000	0.000000	65.896000	0.000000	123.875000	0.000000	-195.267000	0.000000	66.843000	0.000000	-115.378000	0.000000	-98.042000	0.000000	-51.739000	0.000000	-341.974000	0.000000	-119.067000	0.000000	81.684000	0.000000

2024-08-26	12:46:09	1724669169.449469	-43189.999151	-0.044311	-0.200625	-128.446880	105.603144	-142.571011	60.187469	202.786854	226.744932	95.270009	248.379010	-214.123820	109.927378	129.603503	80.188351	-574.706282	43.354840	386.389956	35.798363	-241.352350	0.319473	417.323424	0.204873	-195.504000	0.000000	-0.908112	6.377031	-384.624000	0.000000	-1.976000	0.000000	65.896000	0.000000	123.875000	0.000000	-195.267000	0.000000	66.843000	0.000000	-115.378000	0.000000	-98.042000	0.000000	-51.739000	0.000000	-341.974000	0.000000	-119.067000	0.000000	81.684000	0.000000

2024-08-26	12:46:10	1724669170.449884	-43188.998736	-0.044311	-0.200625	-24.404829	128.354851	-252.495305	120.008375	98.146555	100.972001	233.187920	124.843825	-141.832168	114.370276	89.620440	104.940765	-630.973489	37.181343	446.267743	36.288460	-241.726638	0.184079	417.191672	0.144663	-195.504000	0.000000	-3.376705	7.238922	-384.624000	0.000000	-1.976000	0.000000	65.896000	0.000000	123.875000	0.000000	-195.267000	0.000000	66.843000	0.000000	-115.378000	0.000000	-98.042000	0.000000	-51.739000	0.000000	-341.974000	0.000000	-119.067000	0.000000	81.684000	0.000000

2024-08-26	12:46:11	1724669171.449804	-43187.998816	-0.044311	-0.187380	-177.862929	133.739338	-95.824006	137.979396	158.359190	86.012767	191.881465	80.441784	-101.547212	45.760700	44.933853	36.204536	-573.154388	60.192693	389.384719	60.174528	-241.370446	0.128241	417.193235	0.260179	-195.504000	0.000000	0.342703	8.408337	-384.624000	0.000000	-1.976000	0.000000	65.896000	0.000000	123.875000	0.000000	-195.267000	0.000000	66.843000	0.000000	-115.378000	0.000000	-98.042000	0.000000	-51.739000	0.000000	-341.974000	0.000000	-119.067000	0.000000	81.684000	0.000000

2024-08-26	12:46:12	1724669172.450219	-43186.998401	-0.044311	-0.187380	-16.893413	213.026131	-259.340221	213.498010	267.633215	42.131764	41.373781	77.326094	-202.062907	139.237604	115.248849	119.493597	-559.501059	64.285470	375.791138	56.740182	-241.625341	0.161384	417.251282	0.182434	-195.504000	0.000000	1.553114	6.059373	-384.624000	0.000000	-1.976000	0.000000	65.896000	0.000000	123.875000	0.000000	-195.267000	0.000000	66.843000	0.000000	-115.378000	0.000000	-98.042000	0.000000	-51.739000	0.000000	-341.974000	0.000000	-119.067000	0.000000	81.684000	0.000000

2024-08-26	12:46:13	1724669173.449634	-43185.998986	-0.044311	-0.187380	-225.084586	132.159264	-33.093700	115.606941	163.452503	193.476276	181.954631	199.051915	-198.511924	133.552949	139.162505	94.600308	-593.087301	69.784930	414.007831	65.029364	-241.683712	0.228009	417.260035	0.209057	-195.504000	0.000000	-2.829021	9.576959	-384.624000	0.000000	-1.976000	0.000000	65.896000	0.000000	123.875000	0.000000	-195.267000	0.000000	66.843000	0.000000	-115.378000	0.000000	-98.042000	0.000000	-51.739000	0.000000	-341.974000	0.000000	-119.067000	0.000000	81.684000	0.000000

2024-08-26	12:46:14	1724669174.450048	-43184.998571	-0.044311	-0.187380	-158.169683	102.403059	-106.502180	101.437647	123.731166	193.992712	234.948413	200.242712	-81.707301	72.621766	31.460895	62.687625	-541.971365	49.625866	362.289944	49.543547	-241.768258	0.212435	417.477675	0.248985	-195.504000	0.000000	4.746636	6.375095	-384.624000	0.000000	-1.976000	0.000000	65.896000	0.000000	123.875000	0.000000	-195.267000	0.000000	66.843000	0.000000	-115.378000	0.000000	-98.042000	0.000000	-51.739000	0.000000	-341.974000	0.000000	-119.067000	0.000000	81.684000	0.000000

2024-08-26	12:46:15	1724669175.449463	-43183.999156	-0.044311	-0.187380	-97.439027	192.528045	-166.307639	179.848593	50.314753	148.492220	318.728261	164.805676	-161.557825	126.636919	95.441128	126.295771	-516.133619	35.838628	336.296506	31.795730	-241.495088	0.211171	417.542244	0.168071	-195.504000	0.000000	13.659864	7.037956	-384.624000	0.000000	-1.976000	0.000000	65.896000	0.000000	123.875000	0.000000	-195.267000	0.000000	66.843000	0.000000	-115.378000	0.000000	-98.042000	0.000000	-51.739000	0.000000	-341.974000	0.000000	-119.067000	0.000000	81.684000	0.000000

2024-08-26	12:46:16	1724669176.450008	-43182.998611	-0.044311	-0.187380	9.539091	61.574329	-284.511843	70.231631	51.210554	144.443591	284.789714	140.845179	-141.089280	142.847099	74.632853	137.872127	-568.057085	72.794363	388.727622	72.926832	-241.549412	0.234222	417.405992	0.174306	-195.504000	0.000000	2.764607	7.955559	-384.624000	0.000000	-1.976000	0.000000	65.896000	0.000000	123.875000	0.000000	-195.267000	0.000000	66.843000	0.000000	-115.378000	0.000000	-98.042000	0.000000	-51.739000	0.000000	-341.974000	0.000000	-119.067000	0.000000	81.684000	0.000000

2024-08-26	12:46:17	1724669177.449423	-43181.999197	-0.044311	-0.220485	-103.566280	254.978001	-171.292136	250.751933	213.713033	108.220487	107.451153	117.884158	-182.449578	129.843630	108.635436	116.683756	-566.853786	82.329268	381.307026	75.305464	-241.740909	0.142838	417.488218	0.280798	-195.504000	0.000000	11.199075	6.946871	-384.624000	0.000000	-1.976000	0.000000	65.896000	0.000000	123.875000	0.000000	-195.267000	0.000000	66.843000	0.000000	-115.378000	0.000000	-98.042000	0.000000	-51.739000	0.000000	-341.974000	0.000000	-119.067000	0.000000	81.684000	0.000000

2024-08-26	12:46:18	1724669178.449838	-43180.998782	-0.044311	-0.220485	-53.857464	207.242526	-210.486849	195.268289	178.302162	92.016426	184.170753	118.498450	-99.253371	147.680193	47.811656	145.316059	-605.516629	61.721313	424.878919	59.832028	-241.804214	0.169372	417.583930	0.097404	-195.504000	0.000000	6.751242	6.764313	-384.624000	0.000000	-1.976000	0.000000	65.896000	0.000000	123.875000	0.000000	-195.267000	0.000000	66.843000	0.000000	-115.378000	0.000000	-98.042000	0.000000	-51.739000	0.000000	-341.974000	0.000000	-119.067000	0.000000	81.684000	0.000000

2024-08-26	12:46:19	1724669179.449253	-43179.999367	-0.044311	-0.220485	-201.869945	75.607566	-76.479662	74.011925	109.390189	230.778063	198.500307	214.530150	-206.400355	113.764568	125.127569	115.481529	-604.327296	55.248793	414.464393	56.894599	-241.789597	0.193859	417.509530	0.233977	-195.504000	0.000000	4.282732	7.548154	-384.624000	0.000000	-1.976000	0.000000	65.896000	0.000000	123.875000	0.000000	-195.267000	0.000000	66.843000	0.000000	-115.378000	0.000000	-98.042000	0.000000	-51.739000	0.000000	-341.974000	0.000000	-119.067000	0.000000	81.684000	0.000000

2024-08-26	12:46:20	1724669180.449667	-43178.998953	-0.044311	-0.220485	-204.898235	124.515858	-59.244950	128.335752	186.534194	172.755435	145.426323	183.827355	-129.232425	116.745136	70.990486	105.986223	-547.402864	47.577706	361.117112	43.743930	-241.801138	0.163476	417.813011	0.206559	-195.504000	0.000000	4.256447	6.768416	-384.624000	0.000000	-1.976000	0.000000	65.896000	0.000000	123.875000	0.000000	-195.267000	0.000000	66.843000	0.000000	-115.378000	0.000000	-98.042000	0.000000	-51.739000	0.000000	-341.974000	0.000000	-119.067000	0.000000	81.684000	0.000000

2024-08-26	12:46:21	1724669181.450081	-43177.998538	-0.044311	-0.220485	67.396614	441.115583	-332.949486	456.235376	53.442168	144.372843	289.975143	168.158640	-203.983129	143.694244	137.815431	129.088644	-578.557654	32.683249	398.093009	29.291351	-242.088258	0.182985	417.619048	0.162109	-195.504000	0.000000	3.762045	6.617591	-384.624000	0.000000	-1.976000	0.000000	65.896000	0.000000	123.875000	0.000000	-195.267000	0.000000	66.843000	0.000000	-115.378000	0.000000	-98.042000	0.000000	-51.739000	0.000000	-341.974000	0.000000	-119.067000	0.000000	81.684000	0.000000

2024-08-26	12:46:22	1724669182.449323	-43176.999297	-0.044311	-0.220485	-25.017914	204.562537	-246.521467	200.890184	264.804611	110.379708	78.978070	87.592016	-154.765982	64.274342	95.605618	48.629587	-568.224844	45.832463	387.754887	45.635457	-241.844536	0.137682	417.485733	0.208195	-195.504000	0.000000	2.905229	5.870454	-384.624000	0.000000	-1.976000	0.000000	65.896000	0.000000	123.875000	0.000000	-195.267000	0.000000	66.843000	0.000000	-115.378000	0.000000	-98.042000	0.000000	-51.739000	0.000000	-341.974000	0.000000	-119.067000	0.000000	81.684000	0.000000

2024-08-26	12:46:23	1724669183.449737	-43175.998883	-0.044311	-0.227103	-365.596828	158.261808	73.998743	158.388030	141.919464	140.426367	153.125253	76.110328	-174.787302	168.830002	92.537827	113.595302	-549.349704	98.506710	359.737226	86.862135	-242.020920	0.357724	417.223449	0.213440	-195.504000	0.000000	8.009928	9.029347	-384.624000	0.000000	-1.976000	0.000000	65.896000	0.000000	123.875000	0.000000	-195.267000	0.000000	66.843000	0.000000	-115.378000	0.000000	-98.042000	0.000000	-51.739000	0.000000	-341.974000	0.000000	-119.067000	0.000000	81.684000	0.000000

2024-08-26	12:46:24	1724669184.450152	-43174.998468	-0.044311	-0.227103	-0.710491	222.331047	-265.756363	256.378754	123.776556	161.097804	220.248070	99.820998	-191.174956	54.121502	128.134945	15.577924	-623.561859	63.804128	441.476674	54.224852	-241.522432	0.181339	417.635704	0.331153	-195.504000	0.000000	8.098711	6.094983	-384.624000	0.000000	-1.976000	0.000000	65.896000	0.000000	123.875000	0.000000	-195.267000	0.000000	66.843000	0.000000	-115.378000	0.000000	-98.042000	0.000000	-51.739000	0.000000	-341.974000	0.000000	-119.067000	0.000000	81.684000	0.000000

2024-08-26	12:46:25	1724669185.449566	-43173.999053	-0.044311	-0.227103	13.724643	128.099264	-286.342133	121.930762	183.460842	139.590960	168.941855	121.542119	-157.409765	49.783276	99.101094	48.396812	-579.940635	33.200798	399.504307	33.263329	-241.636444	0.155713	417.603899	0.215288	-195.504000	0.000000	7.518947	9.167713	-384.624000	0.000000	-1.976000	0.000000	65.896000	0.000000	123.875000	0.000000	-195.267000	0.000000	66.843000	0.000000	-115.378000	0.000000	-98.042000	0.000000	-51.739000	0.000000	-341.974000	0.000000	-119.067000	0.000000	81.684000	0.000000

2024-08-26	12:46:26	1724669186.449982	-43172.998638	-0.044311	-0.227103	146.463857	161.166798	-427.880915	181.207957	149.726663	101.040408	184.830141	61.655836	-141.951542	187.768122	76.024905	175.829037	-562.722173	86.623955	382.099417	85.939662	-241.590848	0.199204	417.354680	0.178442	-195.504000	0.000000	2.219975	7.603794	-384.624000	0.000000	-1.976000	0.000000	65.896000	0.000000	123.875000	0.000000	-195.267000	0.000000	66.843000	0.000000	-115.378000	0.000000	-98.042000	0.000000	-51.739000	0.000000	-341.974000	0.000000	-119.067000	0.000000	81.684000	0.000000

2024-08-26	12:46:27	1724669187.449415	-43171.999205	-0.044311	-0.227103	-43.172797	79.324432	-229.872377	81.072995	251.126098	137.096354	84.866224	150.083252	-114.565440	90.513072	46.310440	70.251903	-552.801975	59.210954	369.522289	61.038089	-241.571455	0.221770	417.160783	0.201549	-195.504000	0.000000	1.627761	9.307198	-384.624000	0.000000	-1.976000	0.000000	65.896000	0.000000	123.875000	0.000000	-195.267000	0.000000	66.843000	0.000000	-115.378000	0.000000	-98.042000	0.000000	-51.739000	0.000000	-341.974000	0.000000	-119.067000	0.000000	81.684000	0.000000

2024-08-26	12:46:28	1724669188.449830	-43170.998790	-0.044311	-0.227103	-89.178129	146.245179	-171.943264	158.970095	172.840365	91.567975	162.764695	157.243973	-124.050939	106.193715	71.306648	122.211554	-561.009746	41.950294	382.318162	37.708985	-241.652797	0.236760	417.496224	0.207970	-195.504000	0.000000	2.110328	7.479282	-384.624000	0.000000	-1.976000	0.000000	65.896000	0.000000	123.875000	0.000000	-195.267000	0.000000	66.843000	0.000000	-115.378000	0.000000	-98.042000	0.000000	-51.739000	0.000000	-341.974000	0.000000	-119.067000	0.000000	81.684000	0.000000

2024-08-26	12:46:29	1724669189.462237	-43169.986383	-0.044311	-0.213862	-327.830058	196.078156	73.079133	203.801770	68.294741	131.194859	274.437650	129.830420	-148.859239	88.318754	83.939249	77.543218	-558.807589	29.068578	374.909807	29.705011	-241.671782	0.161127	417.453827	0.184511	-195.504000	0.000000	-5.123545	7.327742	-384.624000	0.000000	-1.976000	0.000000	65.896000	0.000000	123.875000	0.000000	-195.267000	0.000000	66.843000	0.000000	-115.378000	0.000000	-98.042000	0.000000	-51.739000	0.000000	-341.974000	0.000000	-119.067000	0.000000	81.684000	0.000000

2024-08-26	12:46:30	1724669190.449659	-43168.998960	-0.044311	-0.213862	16.345803	292.978972	-297.896627	289.747420	134.137487	165.090671	204.821104	147.120240	-154.524087	138.192893	86.233125	151.978100	-542.354978	70.202886	361.522503	68.467779	-241.531807	0.090799	417.640915	0.226010	-195.504000	0.000000	-0.595111	5.005863	-384.624000	0.000000	-1.976000	0.000000	65.896000	0.000000	123.875000	0.000000	-195.267000	0.000000	66.843000	0.000000	-115.378000	0.000000	-98.042000	0.000000	-51.739000	0.000000	-341.974000	0.000000	-119.067000	0.000000	81.684000	0.000000

2024-08-26	12:46:31	1724669191.450074	-43167.998546	-0.044311	-0.213862	-169.941841	209.582009	-92.248344	163.332534	127.037849	67.079520	220.940198	147.639115	-177.615490	75.064648	121.492171	74.667908	-587.650925	54.201908	406.389816	45.700906	-241.619282	0.138663	417.346419	0.197558	-195.504000	0.000000	6.205888	8.425255	-384.624000	0.000000	-1.976000	0.000000	65.896000	0.000000	123.875000	0.000000	-195.267000	0.000000	66.843000	0.000000	-115.378000	0.000000	-98.042000	0.000000	-51.739000	0.000000	-341.974000	0.000000	-119.067000	0.000000	81.684000	0.000000

2024-08-26	12:46:32	1724669192.449881	-43166.998739	-0.044311	-0.213862	-63.596033	129.621184	-209.424884	108.667495	310.914257	111.867808	28.886769	89.066205	-190.925532	96.003004	127.677371	86.181100	-544.699756	83.953020	362.398695	73.363259	-241.501145	0.091523	417.451337	0.214059	-195.504000	0.000000	-0.813776	4.979429	-384.624000	0.000000	-1.976000	0.000000	65.896000	0.000000	123.875000	0.000000	-195.267000	0.000000	66.843000	0.000000	-115.378000	0.000000	-98.042000	0.000000	-51.739000	0.000000	-341.974000	0.000000	-119.067000	0.000000	81.684000	0.000000

2024-08-26	12:46:33	1724669193.449296	-43165.999323	-0.044311	-0.213862	-73.320373	130.249077	-175.328191	148.373859	17.676342	119.837652	332.743349	145.980147	-172.152962	189.246742	114.129084	168.333386	-595.705907	29.843991	417.210697	31.443377	-241.806615	0.175138	416.965647	0.174448	-195.504000	0.000000	4.053200	6.115734	-384.624000	0.000000	-1.976000	0.000000	65.896000	0.000000	123.875000	0.000000	-195.267000	0.000000	66.843000	0.000000	-115.378000	0.000000	-98.042000	0.000000	-51.739000	0.000000	-341.974000	0.000000	-119.067000	0.000000	81.684000	0.000000

2024-08-26	12:46:34	1724669194.449710	-43164.998909	-0.044311	-0.213862	78.104402	151.260601	-362.131502	135.796191	255.159788	152.509231	45.822363	184.883224	-140.917412	211.282916	70.401494	217.814575	-570.963164	49.692591	385.586292	50.631925	-241.776423	0.191059	417.282283	0.148417	-195.504000	0.000000	2.470606	7.310234	-384.624000	0.000000	-1.976000	0.000000	65.896000	0.000000	123.875000	0.000000	-195.267000	0.000000	66.843000	0.000000	-115.378000	0.000000	-98.042000	0.000000	-51.739000	0.000000	-341.974000	0.000000	-119.067000	0.000000	81.684000	0.000000

2024-08-26	12:46:35	1724669195.449126	-43163.999494	-0.044311	-0.207240	76.236755	344.134246	-337.634118	306.168328	29.574576	107.553881	330.247759	131.923139	-119.986109	70.312461	58.161362	91.882858	-594.954221	39.831711	412.124752	40.757372	-241.698013	0.197157	417.054383	0.271318	-195.504000	0.000000	0.956765	6.462726	-384.624000	0.000000	-1.976000	0.000000	65.896000	0.000000	123.875000	0.000000	-195.267000	0.000000	66.843000	0.000000	-115.378000	0.000000	-98.042000	0.000000	-51.739000	0.000000	-341.974000	0.000000	-119.067000	0.000000	81.684000	0.000000

2024-08-26	12:46:36	1724669196.449558	-43162.999062	-0.044311	-0.207240	-24.203235	183.504787	-258.746227	190.965261	242.739611	147.905455	82.167463	144.143388	-167.178533	71.597758	104.364840	83.514658	-593.631914	38.481221	408.048250	33.131833	-241.987166	0.173495	417.034344	0.257010	-195.504000	0.000000	0.214192	12.121650	-384.624000	0.000000	-1.976000	0.000000	65.896000	0.000000	123.875000	0.000000	-195.267000	0.000000	66.843000	0.000000	-115.378000	0.000000	-98.042000	0.000000	-51.739000	0.000000	-341.974000	0.000000	-119.067000	0.000000	81.684000	0.000000

2024-08-26	12:46:37	1724669197.449140	-43161.999480	-0.044311	-0.207240	-243.963066	195.529937	-21.400174	204.150585	197.546192	144.185501	135.679511	86.135572	-184.268784	114.954144	115.245090	99.003930	-570.859730	38.353127	389.845196	33.655966	-241.869861	0.187617	417.150402	0.212549	-195.504000	0.000000	5.715779	5.903005	-384.624000	0.000000	-1.976000	0.000000	65.896000	0.000000	123.875000	0.000000	-195.267000	0.000000	66.843000	0.000000	-115.378000	0.000000	-98.042000	0.000000	-51.739000	0.000000	-341.974000	0.000000	-119.067000	0.000000	81.684000	0.000000

2024-08-26	12:46:38	1724669198.449554	-43160.999065	-0.044311	-0.207240	50.489045	166.209509	-320.584246	124.030251	163.837574	252.261216	203.541804	193.191695	-220.146042	115.380861	166.583093	84.199509	-543.798741	35.498664	364.480346	34.163089	-241.911611	0.170474	417.358704	0.153950	-195.504000	0.000000	2.125098	5.685526	-384.624000	0.000000	-1.976000	0.000000	65.896000	0.000000	123.875000	0.000000	-195.267000	0.000000	66.843000	0.000000	-115.378000	0.000000	-98.042000	0.000000	-51.739000	0.000000	-341.974000	0.000000	-119.067000	0.000000	81.684000	0.000000

2024-08-26	12:46:39	1724669199.449968	-43159.998652	-0.044311	-0.207240	20.845114	94.445832	-304.827116	87.349503	-16.359444	215.471957	340.000742	246.640169	-132.390859	225.577626	60.899110	204.493457	-567.653735	51.948713	380.472315	46.030926	-241.797883	0.171823	417.306186	0.215624	-195.504000	0.000000	0.706507	9.872076	-384.624000	0.000000	-1.976000	0.000000	65.896000	0.000000	123.875000	0.000000	-195.267000	0.000000	66.843000	0.000000	-115.378000	0.000000	-98.042000	0.000000	-51.739000	0.000000	-341.974000	0.000000	-119.067000	0.000000	81.684000	0.000000

2024-08-26	12:46:40	1724669200.449384	-43158.999236	-0.044311	-0.207240	-221.087316	307.883467	-20.907019	274.549497	72.244711	109.581198	310.808869	103.959076	-108.770590	147.163803	54.845195	117.974568	-562.246463	76.264530	382.571572	68.152875	-242.293256	0.222981	417.126915	0.221864	-195.504000	0.000000	10.248048	6.583279	-384.624000	0.000000	-1.976000	0.000000	65.896000	0.000000	123.875000	0.000000	-195.267000	0.000000	66.843000	0.000000	-115.378000	0.000000	-98.042000	0.000000	-51.739000	0.000000	-341.974000	0.000000	-119.067000	0.000000	81.684000	0.000000

2024-08-26	12:46:41	1724669201.449798	-43157.998822	-0.044311	-0.194003	-66.152508	283.518586	-229.320817	271.056843	153.661578	241.040638	160.100050	225.202436	-194.116753	81.270037	125.115414	99.081126	-563.188831	29.412825	377.123197	25.825666	-241.997358	0.286731	417.361970	0.201901	-195.504000	0.000000	15.761201	5.456064	-384.624000	0.000000	-1.976000	0.000000	65.896000	0.000000	123.875000	0.000000	-195.267000	0.000000	66.843000	0.000000	-115.378000	0.000000	-98.042000	0.000000	-51.739000	0.000000	-341.974000	0.000000	-119.067000	0.000000	81.684000	0.000000

2024-08-26	12:46:42	1724669202.450311	-43156.998309	-0.044311	-0.194003	-207.900443	330.514561	-39.304121	325.984897	-58.851658	148.078481	449.687319	148.217623	-140.420572	66.978052	88.644537	66.388918	-590.476093	96.242461	412.385568	97.710255	-242.040851	0.265192	417.559701	0.163258	-195.504000	0.000000	4.316263	6.550709	-384.624000	0.000000	-1.976000	0.000000	65.896000	0.000000	123.875000	0.000000	-195.267000	0.000000	66.843000	0.000000	-115.378000	0.000000	-98.042000	0.000000	-51.739000	0.000000	-341.974000	0.000000	-119.067000	0.000000	81.684000	0.000000

2024-08-26	12:46:43	1724669203.450048	-43155.998571	-0.044311	-0.194003	24.975754	126.625964	-307.995934	124.373921	171.679080	111.308896	177.417891	151.947951	-151.524873	48.999461	84.554194	61.462735	-584.441332	55.282182	398.216809	62.191492	-242.153914	0.238502	417.585010	0.218854	-195.504000	0.000000	-2.645701	6.096230	-384.624000	0.000000	-1.976000	0.000000	65.896000	0.000000	123.875000	0.000000	-195.267000	0.000000	66.843000	0.000000	-115.378000	0.000000	-98.042000	0.000000	-51.739000	0.000000	-341.974000	0.000000	-119.067000	0.000000	81.684000	0.000000

2024-08-26	12:46:44	1724669204.450463	-43154.998157	-0.044311	-0.194003	-114.557695	259.758984	-153.686222	224.948363	35.050400	178.226972	322.437596	146.708043	-121.994610	59.368103	55.655719	82.715660	-569.380746	49.992362	386.527913	52.118290	-241.924009	0.236139	417.546811	0.231429	-195.504000	0.000000	3.927975	6.435822	-384.624000	0.000000	-1.976000	0.000000	65.896000	0.000000	123.875000	0.000000	-195.267000	0.000000	66.843000	0.000000	-115.378000	0.000000	-98.042000	0.000000	-51.739000	0.000000	-341.974000	0.000000	-119.067000	0.000000	81.684000	0.000000

2024-08-26	12:46:45	1724669205.450877	-43153.997743	-0.044311	-0.194003	-85.185986	229.450169	-197.766863	228.843402	167.652577	113.433008	164.400959	122.049379	-180.270651	81.947374	124.060871	74.081977	-582.824120	56.731735	394.865816	58.515058	-242.067034	0.143831	417.125379	0.126345	-195.504000	0.000000	3.389893	7.909148	-384.624000	0.000000	-1.976000	0.000000	65.896000	0.000000	123.875000	0.000000	-195.267000	0.000000	66.843000	0.000000	-115.378000	0.000000	-98.042000	0.000000	-51.739000	0.000000	-341.974000	0.000000	-119.067000	0.000000	81.684000	0.000000

2024-08-26	12:46:46	1724669206.450293	-43152.998327	-0.044311	-0.207240	93.412103	88.693110	-369.822864	93.167033	98.852862	227.617317	247.545774	222.327172	-140.757799	199.766290	75.149057	163.583938	-564.290961	55.534453	382.922770	60.985325	-242.240780	0.223922	417.118699	0.118101	-195.504000	0.000000	2.200301	7.768124	-384.624000	0.000000	-1.976000	0.000000	65.896000	0.000000	123.875000	0.000000	-195.267000	0.000000	66.843000	0.000000	-115.378000	0.000000	-98.042000	0.000000	-51.739000	0.000000	-341.974000	0.000000	-119.067000	0.000000	81.684000	0.000000

2024-08-26	12:46:47	1724669207.450707	-43151.997913	-0.044311	-0.207240	-187.512703	166.716760	-78.406741	141.919780	56.155530	171.441205	284.654087	170.261011	-110.447641	123.170521	53.599637	145.374788	-553.470598	69.903886	370.845600	63.729810	-242.215034	0.132310	416.999226	0.131998	-195.504000	0.000000	2.709366	6.323392	-384.624000	0.000000	-1.976000	0.000000	65.896000	0.000000	123.875000	0.000000	-195.267000	0.000000	66.843000	0.000000	-115.378000	0.000000	-98.042000	0.000000	-51.739000	0.000000	-341.974000	0.000000	-119.067000	0.000000	81.684000	0.000000

2024-08-26	12:46:48	1724669208.449976	-43150.998643	-0.044311	-0.207240	-115.765777	266.598146	-150.131400	292.626559	223.661395	200.771735	112.087948	199.773503	-151.603048	166.165659	83.276687	199.030373	-612.580815	64.595183	429.130434	58.417593	-241.711624	0.213943	416.830091	0.298671	-195.504000	0.000000	2.171889	7.459184	-384.624000	0.000000	-1.976000	0.000000	65.896000	0.000000	123.875000	0.000000	-195.267000	0.000000	66.843000	0.000000	-115.378000	0.000000	-98.042000	0.000000	-51.739000	0.000000	-341.974000	0.000000	-119.067000	0.000000	81.684000	0.000000

2024-08-26	12:46:49	1724669209.450391	-43149.998229	-0.044311	-0.207240	-70.849742	98.748676	-199.622491	111.705903	236.362555	173.039592	110.642416	201.104893	-171.506903	65.094051	114.275227	61.751040	-580.667281	43.128552	393.780632	38.746055	-241.761391	0.191243	417.186699	0.126282	-195.504000	0.000000	-0.701689	7.952600	-384.624000	0.000000	-1.976000	0.000000	65.896000	0.000000	123.875000	0.000000	-195.267000	0.000000	66.843000	0.000000	-115.378000	0.000000	-98.042000	0.000000	-51.739000	0.000000	-341.974000	0.000000	-119.067000	0.000000	81.684000	0.000000

2024-08-26	12:46:50	1724669210.450806	-43148.997814	-0.044311	-0.207240	-96.600091	125.438475	-165.337360	133.530966	145.373649	146.423461	182.352688	99.266054	-125.535848	76.699110	52.391024	91.794251	-585.991346	81.587435	403.990755	73.648811	-241.528063	0.309239	417.341558	0.152132	-195.504000	0.000000	4.953379	7.085203	-384.624000	0.000000	-1.976000	0.000000	65.896000	0.000000	123.875000	0.000000	-195.267000	0.000000	66.843000	0.000000	-115.378000	0.000000	-98.042000	0.000000	-51.739000	0.000000	-341.974000	0.000000	-119.067000	0.000000	81.684000	0.000000

2024-08-26	12:46:51	1724669211.450221	-43147.998399	-0.044311	-0.207240	49.913464	165.455094	-328.302993	134.097294	167.128899	160.321997	169.614448	149.535828	-204.167681	62.492340	148.840481	63.849039	-617.179555	81.302015	432.026069	83.619207	-241.752061	0.153915	417.507762	0.116065	-195.504000	0.000000	-8.161341	9.331573	-384.624000	0.000000	-1.976000	0.000000	65.896000	0.000000	123.875000	0.000000	-195.267000	0.000000	66.843000	0.000000	-115.378000	0.000000	-98.042000	0.000000	-51.739000	0.000000	-341.974000	0.000000	-119.067000	0.000000	81.684000	0.000000

2024-08-26	12:46:52	1724669212.450635	-43146.997985	-0.044311	-0.200625	-171.775437	174.989058	-89.518837	176.929572	178.186409	186.225250	166.939877	138.391587	-96.512431	151.595871	28.256882	149.020917	-538.312609	58.892738	354.684423	54.317230	-242.135397	0.155529	417.381724	0.187641	-195.504000	0.000000	9.580149	8.409621	-384.624000	0.000000	-1.976000	0.000000	65.896000	0.000000	123.875000	0.000000	-195.267000	0.000000	66.843000	0.000000	-115.378000	0.000000	-98.042000	0.000000	-51.739000	0.000000	-341.974000	0.000000	-119.067000	0.000000	81.684000	0.000000

2024-08-26	12:46:53	1724669213.450168	-43145.998452	-0.044311	-0.200625	-195.536058	202.896290	-83.539124	193.821229	40.567281	246.121539	298.373420	214.470978	-154.231102	100.292962	90.136005	100.561053	-544.537074	41.074874	358.833841	38.848698	-242.066581	0.163576	417.361901	0.197109	-195.504000	0.000000	2.155793	7.873824	-384.624000	0.000000	-1.976000	0.000000	65.896000	0.000000	123.875000	0.000000	-195.267000	0.000000	66.843000	0.000000	-115.378000	0.000000	-98.042000	0.000000	-51.739000	0.000000	-341.974000	0.000000	-119.067000	0.000000	81.684000	0.000000

2024-08-26	12:46:54	1724669214.450582	-43144.998038	-0.044311	-0.200625	3.897328	154.889790	-278.393607	139.485182	222.217090	216.625209	105.139707	177.108672	-187.327376	103.840358	129.301938	96.410312	-560.882064	60.166406	376.868746	57.239890	-242.046284	0.147970	417.163790	0.144318	-195.504000	0.000000	-0.574839	5.891852	-384.624000	0.000000	-1.976000	0.000000	65.896000	0.000000	123.875000	0.000000	-195.267000	0.000000	66.843000	0.000000	-115.378000	0.000000	-98.042000	0.000000	-51.739000	0.000000	-341.974000	0.000000	-119.067000	0.000000	81.684000	0.000000

2024-08-26	12:46:55	1724669215.449997	-43143.998622	-0.044311	-0.200625	-53.432309	61.062205	-223.961343	75.961020	152.496569	76.883365	165.169044	86.038709	-167.708045	128.551979	92.719254	117.623605	-591.746782	58.124761	407.553822	57.041121	-241.939914	0.133638	417.327522	0.164156	-195.504000	0.000000	-3.244165	7.770318	-384.624000	0.000000	-1.976000	0.000000	65.896000	0.000000	123.875000	0.000000	-195.267000	0.000000	66.843000	0.000000	-115.378000	0.000000	-98.042000	0.000000	-51.739000	0.000000	-341.974000	0.000000	-119.067000	0.000000	81.684000	0.000000

2024-08-26	12:46:56	1724669216.450413	-43142.998207	-0.044311	-0.200625	-98.087364	80.302359	-161.794089	78.435382	132.776900	59.072411	212.176626	127.298342	-80.206255	136.893219	27.885701	113.851208	-551.242502	56.130688	370.882376	58.214845	-241.955377	0.128100	417.366225	0.155185	-195.504000	0.000000	6.644625	8.106505	-384.624000	0.000000	-1.976000	0.000000	65.896000	0.000000	123.875000	0.000000	-195.267000	0.000000	66.843000	0.000000	-115.378000	0.000000	-98.042000	0.000000	-51.739000	0.000000	-341.974000	0.000000	-119.067000	0.000000	81.684000	0.000000

2024-08-26	12:46:57	1724669217.449827	-43141.998793	-0.044311	-0.200625	-159.644514	175.904135	-115.220787	144.123510	173.257366	109.166025	178.038353	116.004582	-141.550243	124.858852	83.705194	107.458076	-597.078387	43.809546	411.176797	45.325218	-241.855600	0.133369	417.286052	0.167326	-195.504000	0.000000	-2.655170	11.141051	-384.624000	0.000000	-1.976000	0.000000	65.896000	0.000000	123.875000	0.000000	-195.267000	0.000000	66.843000	0.000000	-115.378000	0.000000	-98.042000	0.000000	-51.739000	0.000000	-341.974000	0.000000	-119.067000	0.000000	81.684000	0.000000

2024-08-26	12:46:58	1724669218.450144	-43140.998476	-0.044311	-0.227103	17.853619	155.168206	-295.468104	177.212760	167.333694	145.752179	158.151680	183.383181	-178.723845	87.408983	108.192379	87.216924	-564.564258	42.896041	377.247198	52.687759	-241.786967	0.169377	417.182840	0.161539	-195.504000	0.000000	0.460530	9.450603	-384.624000	0.000000	-1.976000	0.000000	65.896000	0.000000	123.875000	0.000000	-195.267000	0.000000	66.843000	0.000000	-115.378000	0.000000	-98.042000	0.000000	-51.739000	0.000000	-341.974000	0.000000	-119.067000	0.000000	81.684000	0.000000

2024-08-26	12:46:59	1724669219.450558	-43139.998062	-0.044311	-0.227103	-200.704074	74.510914	-66.538487	93.682789	212.765165	84.366917	128.733068	118.142882	-183.264119	86.176930	126.192370	84.401448	-597.776664	39.510061	417.571793	41.873100	-242.036594	0.220391	417.325558	0.323029	-195.504000	0.000000	2.329418	5.751803	-384.624000	0.000000	-1.976000	0.000000	65.896000	0.000000	123.875000	0.000000	-195.267000	0.000000	66.843000	0.000000	-115.378000	0.000000	-98.042000	0.000000	-51.739000	0.000000	-341.974000	0.000000	-119.067000	0.000000	81.684000	0.000000

2024-08-26	12:47:00	1724669220.449974	-43138.998646	-0.044311	-0.227103	1.819205	171.639370	-276.479723	148.342481	148.190756	68.741246	198.933550	111.830132	-218.367656	69.989368	157.336060	107.416965	-579.083079	54.144066	392.225335	48.639282	-242.154139	0.157542	417.152712	0.261850	-195.504000	0.000000	-1.931460	6.179566	-384.624000	0.000000	-1.976000	0.000000	65.896000	0.000000	123.875000	0.000000	-195.267000	0.000000	66.843000	0.000000	-115.378000	0.000000	-98.042000	0.000000	-51.739000	0.000000	-341.974000	0.000000	-119.067000	0.000000	81.684000	0.000000

2024-08-26	12:47:01	1724669221.450388	-43137.998231	-0.044311	-0.227103	-82.623794	165.753957	-183.222754	178.391784	128.304983	149.819112	203.090355	126.979062	-123.739706	68.132345	53.468260	67.089571	-586.220726	31.858202	404.582391	33.566777	-241.783990	0.128689	417.039462	0.182405	-195.504000	0.000000	4.023095	9.111128	-384.624000	0.000000	-1.976000	0.000000	65.896000	0.000000	123.875000	0.000000	-195.267000	0.000000	66.843000	0.000000	-115.378000	0.000000	-98.042000	0.000000	-51.739000	0.000000	-341.974000	0.000000	-119.067000	0.000000	81.684000	0.000000

2024-08-26	12:47:02	1724669222.449803	-43136.998816	-0.044311	-0.227103	-49.450349	230.717965	-222.756338	244.164137	152.357745	115.224879	174.998475	155.802551	-158.356073	143.242388	84.079678	98.263600	-548.822740	44.415574	366.390363	40.065342	-241.634214	0.252605	417.251610	0.201696	-195.504000	0.000000	5.121245	11.580459	-384.624000	0.000000	-1.976000	0.000000	65.896000	0.000000	123.875000	0.000000	-195.267000	0.000000	66.843000	0.000000	-115.378000	0.000000	-98.042000	0.000000	-51.739000	0.000000	-341.974000	0.000000	-119.067000	0.000000	81.684000	0.000000

2024-08-26	12:47:03	1724669223.449840	-43135.998780	-0.044311	-0.207240	-135.958296	168.941693	-143.317048	199.242216	97.264586	185.490108	242.567108	124.369560	-214.890719	81.196231	158.776613	101.780366	-591.355747	54.326594	406.111047	51.125737	-241.662732	0.308829	417.008511	0.168578	-195.504000	0.000000	10.052090	6.198258	-384.624000	0.000000	-1.976000	0.000000	65.896000	0.000000	123.875000	0.000000	-195.267000	0.000000	66.843000	0.000000	-115.378000	0.000000	-98.042000	0.000000	-51.739000	0.000000	-341.974000	0.000000	-119.067000	0.000000	81.684000	0.000000

2024-08-26	12:47:04	1724669224.450254	-43134.998366	-0.044311	-0.207240	-55.886737	70.136476	-204.080454	74.007801	211.779301	91.580768	127.627371	82.299898	-129.503558	119.530995	66.975313	102.741362	-598.143677	37.638903	412.269644	36.471954	-241.971943	0.331314	417.002730	0.172600	-195.504000	0.000000	5.762158	8.829785	-384.624000	0.000000	-1.976000	0.000000	65.896000	0.000000	123.875000	0.000000	-195.267000	0.000000	66.843000	0.000000	-115.378000	0.000000	-98.042000	0.000000	-51.739000	0.000000	-341.974000	0.000000	-119.067000	0.000000	81.684000	0.000000

2024-08-26	12:47:05	1724669225.450669	-43133.997951	-0.044311	-0.207240	-37.835569	295.930049	-246.431739	299.287043	113.984373	164.770714	221.072029	167.839155	-127.048568	141.315152	59.630329	122.353466	-559.262288	45.527375	373.066969	42.883128	-241.746135	0.226911	416.864982	0.260566	-195.504000	0.000000	0.164812	9.940261	-384.624000	0.000000	-1.976000	0.000000	65.896000	0.000000	123.875000	0.000000	-195.267000	0.000000	66.843000	0.000000	-115.378000	0.000000	-98.042000	0.000000	-51.739000	0.000000	-341.974000	0.000000	-119.067000	0.000000	81.684000	0.000000

2024-08-26	12:47:06	1724669226.450102	-43132.998518	-0.044311	-0.207240	-62.386362	229.465407	-212.474354	236.276390	152.826103	219.284342	169.247848	237.394926	-128.694987	99.587331	64.220258	62.507015	-583.389009	36.536298	401.509157	24.869537	-241.926016	0.262140	417.288640	0.130804	-195.504000	0.000000	0.698974	5.199073	-384.624000	0.000000	-1.976000	0.000000	65.896000	0.000000	123.875000	0.000000	-195.267000	0.000000	66.843000	0.000000	-115.378000	0.000000	-98.042000	0.000000	-51.739000	0.000000	-341.974000	0.000000	-119.067000	0.000000	81.684000	0.000000

2024-08-26	12:47:07	1724669227.450499	-43131.998121	-0.044311	-0.207240	-127.977740	225.215596	-149.332900	188.731862	91.944634	59.551978	251.079422	125.774732	-154.478489	39.344382	86.184522	50.824283	-586.860228	88.234006	400.856881	84.597942	-242.255524	0.266735	417.474320	0.257627	-195.504000	0.000000	-1.667716	3.900506	-384.624000	0.000000	-1.976000	0.000000	65.896000	0.000000	123.875000	0.000000	-195.267000	0.000000	66.843000	0.000000	-115.378000	0.000000	-98.042000	0.000000	-51.739000	0.000000	-341.974000	0.000000	-119.067000	0.000000	81.684000	0.000000

2024-08-26	12:47:08	1724669228.449921	-43130.998699	-0.044311	-0.207240	-214.601601	242.995324	-58.711200	221.850078	204.586045	140.669461	134.830850	143.189785	-139.680362	104.659326	80.063507	121.679000	-591.126072	35.880364	406.647314	32.671022	-241.870654	0.187985	417.476657	0.232745	-195.504000	0.000000	1.040482	5.536455	-384.624000	0.000000	-1.976000	0.000000	65.896000	0.000000	123.875000	0.000000	-195.267000	0.000000	66.843000	0.000000	-115.378000	0.000000	-98.042000	0.000000	-51.739000	0.000000	-341.974000	0.000000	-119.067000	0.000000	81.684000	0.000000

2024-08-26	12:47:09	1724669229.450675	-43129.997945	-0.044311	-0.213862	12.970420	98.281824	-282.284354	123.177631	177.709393	175.514911	157.662836	162.206711	-190.547055	142.715749	122.236372	145.800951	-585.137666	75.616948	399.449377	73.832908	-241.711227	0.188684	417.040731	0.236962	-195.504000	0.000000	2.893968	7.643972	-384.624000	0.000000	-1.976000	0.000000	65.896000	0.000000	123.875000	0.000000	-195.267000	0.000000	66.843000	0.000000	-115.378000	0.000000	-98.042000	0.000000	-51.739000	0.000000	-341.974000	0.000000	-119.067000	0.000000	81.684000	0.000000

2024-08-26	12:47:10	1724669230.450090	-43128.998529	-0.044311	-0.213862	-55.942201	136.454098	-213.858516	123.425205	98.332852	119.270226	243.372601	124.775955	-182.307057	130.902632	121.885188	135.455370	-579.933796	33.647373	395.295283	34.163820	-241.960096	0.196958	417.114638	0.140073	-195.504000	0.000000	-1.581230	5.459845	-384.624000	0.000000	-1.976000	0.000000	65.896000	0.000000	123.875000	0.000000	-195.267000	0.000000	66.843000	0.000000	-115.378000	0.000000	-98.042000	0.000000	-51.739000	0.000000	-341.974000	0.000000	-119.067000	0.000000	81.684000	0.000000

2024-08-26	12:47:11	1724669231.450505	-43127.998115	-0.044311	-0.213862	-194.785883	148.460386	-75.845034	152.225979	62.786887	52.043383	258.450686	121.097777	-170.293215	106.843168	107.931116	77.328153	-575.946688	43.387693	390.816937	42.933224	-242.242802	0.157523	417.138179	0.185483	-195.504000	0.000000	7.872686	7.144135	-384.624000	0.000000	-1.976000	0.000000	65.896000	0.000000	123.875000	0.000000	-195.267000	0.000000	66.843000	0.000000	-115.378000	0.000000	-98.042000	0.000000	-51.739000	0.000000	-341.974000	0.000000	-119.067000	0.000000	81.684000	0.000000

2024-08-26	12:47:12	1724669232.449920	-43126.998700	-0.044311	-0.213862	38.202813	187.903774	-309.150403	188.545877	337.104825	172.179553	-7.666195	176.977150	-118.464628	58.590289	61.271698	58.094385	-517.887383	93.783911	336.233998	91.312361	-241.877142	0.463686	417.360815	0.200290	-195.504000	0.000000	8.094264	5.122053	-384.624000	0.000000	-1.976000	0.000000	65.896000	0.000000	123.875000	0.000000	-195.267000	0.000000	66.843000	0.000000	-115.378000	0.000000	-98.042000	0.000000	-51.739000	0.000000	-341.974000	0.000000	-119.067000	0.000000	81.684000	0.000000

2024-08-26	12:47:13	1724669233.450335	-43125.998285	-0.044311	-0.213862	-75.558927	109.142324	-182.967883	136.200557	184.900932	60.409465	146.915631	104.016067	-128.462412	58.566617	76.673955	55.917440	-583.423234	55.440426	404.716665	60.308873	-241.577703	0.239293	417.300879	0.134775	-195.504000	0.000000	5.592974	6.490553	-384.624000	0.000000	-1.976000	0.000000	65.896000	0.000000	123.875000	0.000000	-195.267000	0.000000	66.843000	0.000000	-115.378000	0.000000	-98.042000	0.000000	-51.739000	0.000000	-341.974000	0.000000	-119.067000	0.000000	81.684000	0.000000

2024-08-26	12:47:14	1724669234.449731	-43124.998889	-0.044311	-0.213862	-8.630594	90.217571	-259.569803	96.640243	99.216879	52.665305	257.484772	77.368106	-187.291541	99.591273	122.267767	88.927168	-570.147170	68.898497	385.590752	69.518646	-241.234290	0.224243	417.080794	0.147397	-195.504000	0.000000	7.455052	7.409682	-384.624000	0.000000	-1.976000	0.000000	65.896000	0.000000	123.875000	0.000000	-195.267000	0.000000	66.843000	0.000000	-115.378000	0.000000	-98.042000	0.000000	-51.739000	0.000000	-341.974000	0.000000	-119.067000	0.000000	81.684000	0.000000

2024-08-26	12:47:15	1724669235.450146	-43123.998474	-0.044311	-0.213862	-109.407372	199.128206	-177.257714	210.881453	234.437800	152.034629	67.045130	150.426308	-158.345129	77.755584	82.653287	78.204323	-619.941140	37.271767	424.904967	37.646696	-241.063475	0.173834	417.260535	0.186003	-195.504000	0.000000	7.607519	6.640290	-384.624000	0.000000	-1.976000	0.000000	65.896000	0.000000	123.875000	0.000000	-195.267000	0.000000	66.843000	0.000000	-115.378000	0.000000	-98.042000	0.000000	-51.739000	0.000000	-341.974000	0.000000	-119.067000	0.000000	81.684000	0.000000

2024-08-26	12:47:16	1724669236.450560	-43122.998060	-0.044311	-0.213862	-58.306476	188.449370	-213.104175	203.827035	158.759402	184.860117	181.463377	191.879981	-201.663867	106.521131	138.888291	105.158624	-589.890864	43.236531	405.355576	39.260413	-241.479165	0.177358	417.078200	0.145101	-195.504000	0.000000	12.601506	7.579425	-384.624000	0.000000	-1.976000	0.000000	65.896000	0.000000	123.875000	0.000000	-195.267000	0.000000	66.843000	0.000000	-115.378000	0.000000	-98.042000	0.000000	-51.739000	0.000000	-341.974000	0.000000	-119.067000	0.000000	81.684000	0.000000

2024-08-26	12:47:17	1724669237.449975	-43121.998645	-0.044311	-0.213862	-102.174553	279.224764	-178.259072	285.889151	229.779560	137.000283	111.043936	165.064707	-139.628906	27.830587	72.610956	32.146241	-573.734339	47.885752	388.813102	42.921354	-241.253952	0.125552	417.227639	0.302189	-195.504000	0.000000	4.786111	5.043806	-384.624000	0.000000	-1.976000	0.000000	65.896000	0.000000	123.875000	0.000000	-195.267000	0.000000	66.843000	0.000000	-115.378000	0.000000	-98.042000	0.000000	-51.739000	0.000000	-341.974000	0.000000	-119.067000	0.000000	81.684000	0.000000

2024-08-26	12:47:18	1724669238.450389	-43120.998230	-0.044311	-0.213862	-170.940300	145.715202	-95.630870	128.696190	76.898659	147.337341	250.173949	107.812937	-133.203324	31.457313	69.862577	40.343263	-583.073332	63.867587	394.683387	70.233019	-241.591737	0.186146	417.356047	0.166417	-195.504000	0.000000	0.184294	9.228126	-384.624000	0.000000	-1.976000	0.000000	65.896000	0.000000	123.875000	0.000000	-195.267000	0.000000	66.843000	0.000000	-115.378000	0.000000	-98.042000	0.000000	-51.739000	0.000000	-341.974000	0.000000	-119.067000	0.000000	81.684000	0.000000

2024-08-26	12:47:19	1724669239.450190	-43119.998430	-0.044311	-0.213862	-153.580072	115.931575	-109.284163	84.784227	200.327321	132.989865	172.973569	78.584219	-74.878231	109.678093	31.914149	48.823105	-544.779945	77.503455	368.156122	73.502754	-241.382431	0.196752	417.102597	0.130590	-195.504000	0.000000	7.678327	5.297449	-384.624000	0.000000	-1.976000	0.000000	65.896000	0.000000	123.875000	0.000000	-195.267000	0.000000	66.843000	0.000000	-115.378000	0.000000	-98.042000	0.000000	-51.739000	0.000000	-341.974000	0.000000	-119.067000	0.000000	81.684000	0.000000

2024-08-26	12:47:20	1724669240.449605	-43118.999015	-0.044311	-0.213862	-130.513955	111.114990	-152.199311	79.875380	121.186202	143.051812	178.962956	163.258545	-201.022446	132.766665	123.652396	101.722571	-625.391320	91.012705	433.411482	81.676601	-241.212954	0.171376	417.114670	0.167311	-195.504000	0.000000	4.857475	6.611938	-384.624000	0.000000	-1.976000	0.000000	65.896000	0.000000	123.875000	0.000000	-195.267000	0.000000	66.843000	0.000000	-115.378000	0.000000	-98.042000	0.000000	-51.739000	0.000000	-341.974000	0.000000	-119.067000	0.000000	81.684000	0.000000

2024-08-26	12:47:21	1724669241.450019	-43117.998600	-0.044311	-0.180762	-27.856050	110.853991	-234.771588	97.707533	199.262121	185.475640	145.231638	236.161251	-194.603908	72.406672	129.775645	82.372124	-549.720045	26.583874	368.512380	28.778763	-241.875452	0.248227	417.215256	0.192908	-195.504000	0.000000	9.679337	5.093154	-384.624000	0.000000	-1.976000	0.000000	65.896000	0.000000	123.875000	0.000000	-195.267000	0.000000	66.843000	0.000000	-115.378000	0.000000	-98.042000	0.000000	-51.739000	0.000000	-341.974000	0.000000	-119.067000	0.000000	81.684000	0.000000

2024-08-26	12:47:22	1724669242.450434	-43116.998186	-0.044311	-0.180762	-87.126335	142.039421	-181.918911	132.139410	33.723412	111.489255	304.524856	104.466775	-119.612870	69.982276	61.466390	51.302753	-547.416388	81.418248	364.454618	73.387969	-241.689129	0.180727	417.595498	0.218440	-195.504000	0.000000	11.160977	6.225207	-384.624000	0.000000	-1.976000	0.000000	65.896000	0.000000	123.875000	0.000000	-195.267000	0.000000	66.843000	0.000000	-115.378000	0.000000	-98.042000	0.000000	-51.739000	0.000000	-341.974000	0.000000	-119.067000	0.000000	81.684000	0.000000

2024-08-26	12:47:23	1724669243.449849	-43115.998771	-0.044311	-0.180762	14.278963	81.341722	-307.571230	100.570267	156.691085	151.368813	143.154011	196.369667	-159.451279	97.262914	79.351195	70.399461	-570.325013	39.008491	381.194905	41.401009	-241.410972	0.209569	417.520206	0.166006	-195.504000	0.000000	-0.445039	6.095942	-384.624000	0.000000	-1.976000	0.000000	65.896000	0.000000	123.875000	0.000000	-195.267000	0.000000	66.843000	0.000000	-115.378000	0.000000	-98.042000	0.000000	-51.739000	0.000000	-341.974000	0.000000	-119.067000	0.000000	81.684000	0.000000

2024-08-26	12:47:24	1724669244.449594	-43114.999026	-0.044311	-0.180762	-154.098776	155.394038	-94.745177	123.912948	154.361227	184.997018	210.128498	223.447296	-178.290334	187.158995	132.288216	138.424304	-562.250420	47.571151	382.739777	49.751456	-241.488121	0.173865	417.277917	0.216624	-195.504000	0.000000	-4.780572	6.772435	-384.624000	0.000000	-1.976000	0.000000	65.896000	0.000000	123.875000	0.000000	-195.267000	0.000000	66.843000	0.000000	-115.378000	0.000000	-98.042000	0.000000	-51.739000	0.000000	-341.974000	0.000000	-119.067000	0.000000	81.684000	0.000000

2024-08-26	12:47:25	1724669245.451026	-43113.997594	-0.044311	-0.180762	-76.893772	123.563411	-197.066298	138.616704	295.053375	158.072239	43.881226	244.213362	-105.648467	113.269696	45.232964	105.404566	-553.814104	50.196684	369.066173	55.542320	-241.543498	0.224536	417.518150	0.158901	-195.504000	0.000000	-3.436071	6.407002	-384.624000	0.000000	-1.976000	0.000000	65.896000	0.000000	123.875000	0.000000	-195.267000	0.000000	66.843000	0.000000	-115.378000	0.000000	-98.042000	0.000000	-51.739000	0.000000	-341.974000	0.000000	-119.067000	0.000000	81.684000	0.000000

2024-08-26	12:47:26	1724669246.451422	-43112.997198	-0.044311	-0.180762	-127.516663	96.459699	-145.058653	88.082134	208.525355	208.335283	134.402459	193.812158	-221.514790	86.410375	158.978325	80.109268	-580.101715	43.511851	395.326998	44.022564	-241.019033	0.144081	417.597123	0.227777	-195.504000	0.000000	1.045561	5.742074	-384.624000	0.000000	-1.976000	0.000000	65.896000	0.000000	123.875000	0.000000	-195.267000	0.000000	66.843000	0.000000	-115.378000	0.000000	-98.042000	0.000000	-51.739000	0.000000	-341.974000	0.000000	-119.067000	0.000000	81.684000	0.000000

2024-08-26	12:47:27	1724669247.450838	-43111.997782	-0.044311	-0.194003	-29.819765	199.209684	-236.614019	184.946331	99.164243	91.008442	231.248347	81.500443	-159.961185	131.174988	97.196367	88.989018	-608.744583	36.656290	422.417163	27.654009	-241.494447	0.314316	417.231258	0.131906	-195.504000	0.000000	1.382087	8.132944	-384.624000	0.000000	-1.976000	0.000000	65.896000	0.000000	123.875000	0.000000	-195.267000	0.000000	66.843000	0.000000	-115.378000	0.000000	-98.042000	0.000000	-51.739000	0.000000	-341.974000	0.000000	-119.067000	0.000000	81.684000	0.000000

2024-08-26	12:47:28	1724669248.451252	-43110.997368	-0.044311	-0.194003	-43.292624	128.756442	-237.793001	140.685236	74.934314	154.323424	264.135179	167.002630	-179.827209	85.077388	116.683207	79.371438	-569.155655	95.135590	386.307165	88.159474	-241.372255	0.196056	417.412990	0.251704	-195.504000	0.000000	-1.262886	7.446506	-384.624000	0.000000	-1.976000	0.000000	65.896000	0.000000	123.875000	0.000000	-195.267000	0.000000	66.843000	0.000000	-115.378000	0.000000	-98.042000	0.000000	-51.739000	0.000000	-341.974000	0.000000	-119.067000	0.000000	81.684000	0.000000

2024-08-26	12:47:29	1724669249.451336	-43109.997283	-0.044311	-0.194003	-117.989700	161.093140	-160.561237	145.323306	161.371779	62.509095	194.353227	113.788436	-127.905991	113.486664	68.881420	132.000589	-581.117060	51.100205	396.394204	50.103016	-241.460543	0.184727	416.742553	0.146092	-195.504000	0.000000	4.893044	6.811293	-384.624000	0.000000	-1.976000	0.000000	65.896000	0.000000	123.875000	0.000000	-195.267000	0.000000	66.843000	0.000000	-115.378000	0.000000	-98.042000	0.000000	-51.739000	0.000000	-341.974000	0.000000	-119.067000	0.000000	81.684000	0.000000

2024-08-26	12:47:30	1724669250.450759	-43108.997861	-0.044311	-0.194003	-44.121001	124.010696	-236.189239	183.109854	49.494705	121.990926	266.841383	66.410961	-224.474938	94.608890	144.589272	55.438486	-611.843835	73.156868	424.647519	65.434205	-241.503119	0.207631	416.801086	0.207332	-195.504000	0.000000	7.581263	7.119328	-384.624000	0.000000	-1.976000	0.000000	65.896000	0.000000	123.875000	0.000000	-195.267000	0.000000	66.843000	0.000000	-115.378000	0.000000	-98.042000	0.000000	-51.739000	0.000000	-341.974000	0.000000	-119.067000	0.000000	81.684000	0.000000

2024-08-26	12:47:31	1724669251.451173	-43107.997447	-0.044311	-0.194003	34.926158	162.515226	-284.865484	193.938509	171.043883	179.717670	173.256943	184.747889	-111.184174	112.075738	59.560456	99.190721	-557.167984	83.920218	379.292410	82.968420	-241.352467	0.178680	416.592031	0.197920	-195.504000	0.000000	8.431435	5.149122	-384.624000	0.000000	-1.976000	0.000000	65.896000	0.000000	123.875000	0.000000	-195.267000	0.000000	66.843000	0.000000	-115.378000	0.000000	-98.042000	0.000000	-51.739000	0.000000	-341.974000	0.000000	-119.067000	0.000000	81.684000	0.000000

2024-08-26	12:47:32	1724669252.450589	-43106.998031	-0.044311	-0.194003	-138.144019	143.599544	-146.328778	126.283103	213.965394	67.863911	118.405707	119.057851	-167.466246	81.522752	101.382084	77.232565	-540.172588	52.408010	353.022967	52.169857	-241.459486	0.111939	416.636791	0.268939	-195.504000	0.000000	6.268048	6.513312	-384.624000	0.000000	-1.976000	0.000000	65.896000	0.000000	123.875000	0.000000	-195.267000	0.000000	66.843000	0.000000	-115.378000	0.000000	-98.042000	0.000000	-51.739000	0.000000	-341.974000	0.000000	-119.067000	0.000000	81.684000	0.000000

2024-08-26	12:47:33	1724669253.451003	-43105.997617	-0.044311	-0.213862	-119.901663	470.148219	-149.286726	445.691768	241.958746	115.449523	69.023068	88.553088	-138.788883	129.393508	74.315094	105.540378	-610.693258	36.160195	422.431845	43.347866	-241.410302	0.209560	416.773542	0.336688	-195.504000	0.000000	13.995823	6.741478	-384.624000	0.000000	-1.976000	0.000000	65.896000	0.000000	123.875000	0.000000	-195.267000	0.000000	66.843000	0.000000	-115.378000	0.000000	-98.042000	0.000000	-51.739000	0.000000	-341.974000	0.000000	-119.067000	0.000000	81.684000	0.000000

2024-08-26	12:47:34	1724669254.450418	-43104.998202	-0.044311	-0.213862	-107.958320	243.739822	-152.323220	231.381696	90.299303	116.238469	282.390022	197.246942	-84.686505	87.915520	24.473422	68.092053	-597.064231	126.163505	411.298095	120.136939	-241.667462	0.224346	417.009621	0.236054	-195.504000	0.000000	-3.095672	10.626454	-384.624000	0.000000	-1.976000	0.000000	65.896000	0.000000	123.875000	0.000000	-195.267000	0.000000	66.843000	0.000000	-115.378000	0.000000	-98.042000	0.000000	-51.739000	0.000000	-341.974000	0.000000	-119.067000	0.000000	81.684000	0.000000

2024-08-26	12:47:35	1724669255.450749	-43103.997870	-0.044311	-0.213862	-112.445838	119.958544	-174.496052	104.022563	215.097384	112.147469	80.446188	126.168365	-175.383770	104.812833	105.878802	94.006016	-568.026069	55.175069	377.802784	44.882850	-241.612054	0.372166	417.138599	0.149589	-195.504000	0.000000	6.104473	8.625368	-384.624000	0.000000	-1.976000	0.000000	65.896000	0.000000	123.875000	0.000000	-195.267000	0.000000	66.843000	0.000000	-115.378000	0.000000	-98.042000	0.000000	-51.739000	0.000000	-341.974000	0.000000	-119.067000	0.000000	81.684000	0.000000

2024-08-26	12:47:36	1724669256.451164	-43102.997456	-0.044311	-0.213862	-37.454920	88.522500	-240.726640	90.614506	163.462441	85.658938	168.636087	131.716429	-191.805472	130.819263	124.703107	119.744631	-573.717371	54.173910	389.102624	54.347438	-241.559506	0.142253	416.882244	0.137920	-195.504000	0.000000	-0.631648	8.340294	-384.624000	0.000000	-1.976000	0.000000	65.896000	0.000000	123.875000	0.000000	-195.267000	0.000000	66.843000	0.000000	-115.378000	0.000000	-98.042000	0.000000	-51.739000	0.000000	-341.974000	0.000000	-119.067000	0.000000	81.684000	0.000000

2024-08-26	12:47:37	1724669257.450579	-43101.998041	-0.044311	-0.213862	-160.303130	235.975117	-93.997843	185.955576	176.755370	122.975014	188.776175	98.613126	-131.242308	121.618522	88.301494	65.256511	-611.795116	29.212419	430.882207	37.396457	-241.414897	0.214372	417.170796	0.178670	-195.504000	0.000000	6.788471	7.932363	-384.624000	0.000000	-1.976000	0.000000	65.896000	0.000000	123.875000	0.000000	-195.267000	0.000000	66.843000	0.000000	-115.378000	0.000000	-98.042000	0.000000	-51.739000	0.000000	-341.974000	0.000000	-119.067000	0.000000	81.684000	0.000000

2024-08-26	12:47:38	1724669258.450994	-43100.997626	-0.044311	-0.220485	-144.279634	207.636807	-126.442646	158.026448	181.701687	121.572908	152.725907	184.352519	-118.223043	36.590757	46.551646	47.970173	-514.603456	63.259004	332.556248	63.552958	-241.588848	0.169256	417.130464	0.193596	-195.504000	0.000000	20.005384	8.867219	-384.624000	0.000000	-1.976000	0.000000	65.896000	0.000000	123.875000	0.000000	-195.267000	0.000000	66.843000	0.000000	-115.378000	0.000000	-98.042000	0.000000	-51.739000	0.000000	-341.974000	0.000000	-119.067000	0.000000	81.684000	0.000000

2024-08-26	12:47:39	1724669259.450427	-43099.998193	-0.044311	-0.220485	-131.656091	208.969453	-135.383064	194.781782	127.036993	112.379919	223.339360	122.652889	-165.236802	63.056656	110.152278	65.629541	-575.936180	72.634176	395.356699	76.717345	-241.430180	0.184855	416.819497	0.273515	-195.504000	0.000000	0.017852	7.422114	-384.624000	0.000000	-1.976000	0.000000	65.896000	0.000000	123.875000	0.000000	-195.267000	0.000000	66.843000	0.000000	-115.378000	0.000000	-98.042000	0.000000	-51.739000	0.000000	-341.974000	0.000000	-119.067000	0.000000	81.684000	0.000000

2024-08-26	12:47:40	1724669260.451152	-43098.997468	-0.044311	-0.220485	-7.362329	173.751747	-270.063234	152.855407	192.304220	147.894562	124.241495	202.646831	-106.289943	131.394824	46.149727	117.261888	-546.520050	40.960161	361.829785	40.935481	-241.282672	0.181099	417.027407	0.213247	-195.504000	0.000000	4.920975	5.855429	-384.624000	0.000000	-1.976000	0.000000	65.896000	0.000000	123.875000	0.000000	-195.267000	0.000000	66.843000	0.000000	-115.378000	0.000000	-98.042000	0.000000	-51.739000	0.000000	-341.974000	0.000000	-119.067000	0.000000	81.684000	0.000000

2024-08-26	12:47:41	1724669261.450567	-43097.998053	-0.044311	-0.220485	-147.450188	34.069270	-121.307364	76.146361	159.349899	145.691262	182.807503	203.394309	-218.943681	136.183020	159.550121	108.210478	-583.729419	55.867607	397.568233	57.660613	-241.543421	0.227094	417.017663	0.104684	-195.504000	0.000000	-0.560322	5.408706	-384.624000	0.000000	-1.976000	0.000000	65.896000	0.000000	123.875000	0.000000	-195.267000	0.000000	66.843000	0.000000	-115.378000	0.000000	-98.042000	0.000000	-51.739000	0.000000	-341.974000	0.000000	-119.067000	0.000000	81.684000	0.000000

2024-08-26	12:47:42	1724669262.450982	-43096.997638	-0.044311	-0.220485	-27.525515	127.439206	-245.553233	143.282141	128.244836	62.754712	213.854728	143.900122	-131.547695	94.196250	63.092687	73.140792	-558.825188	50.129309	376.235329	50.884768	-241.665656	0.234249	417.075984	0.147750	-195.504000	0.000000	0.167948	6.517249	-384.624000	0.000000	-1.976000	0.000000	65.896000	0.000000	123.875000	0.000000	-195.267000	0.000000	66.843000	0.000000	-115.378000	0.000000	-98.042000	0.000000	-51.739000	0.000000	-341.974000	0.000000	-119.067000	0.000000	81.684000	0.000000

2024-08-26	12:47:43	1724669263.450397	-43095.998223	-0.044311	-0.220485	-31.448314	139.425690	-221.452077	154.907836	170.289905	165.442403	201.276703	175.203575	-163.038429	174.207649	118.080436	129.061055	-548.114091	20.859825	373.336483	14.531878	-241.661638	0.200002	417.061419	0.170843	-195.504000	0.000000	7.021589	9.733675	-384.624000	0.000000	-1.976000	0.000000	65.896000	0.000000	123.875000	0.000000	-195.267000	0.000000	66.843000	0.000000	-115.378000	0.000000	-98.042000	0.000000	-51.739000	0.000000	-341.974000	0.000000	-119.067000	0.000000	81.684000	0.000000

2024-08-26	12:47:44	1724669264.450811	-43094.997808	-0.044311	-0.227103	-62.339074	225.169698	-231.763081	191.470727	161.509580	155.186656	145.401226	176.545890	-181.240001	82.928162	102.370224	94.642295	-584.383247	32.837790	396.108337	30.383819	-241.709170	0.167469	417.029099	0.211893	-195.504000	0.000000	1.518028	7.920458	-384.624000	0.000000	-1.976000	0.000000	65.896000	0.000000	123.875000	0.000000	-195.267000	0.000000	66.843000	0.000000	-115.378000	0.000000	-98.042000	0.000000	-51.739000	0.000000	-341.974000	0.000000	-119.067000	0.000000	81.684000	0.000000

2024-08-26	12:47:45	1724669265.450500	-43093.998120	-0.044311	-0.227103	-156.478032	118.003394	-102.297482	118.789235	182.339135	142.180114	172.250474	160.475358	-142.465589	101.211487	84.111879	74.074423	-570.100017	43.288281	387.234646	35.104036	-241.588034	0.129355	416.859508	0.202571	-195.504000	0.000000	6.304368	5.106187	-384.624000	0.000000	-1.976000	0.000000	65.896000	0.000000	123.875000	0.000000	-195.267000	0.000000	66.843000	0.000000	-115.378000	0.000000	-98.042000	0.000000	-51.739000	0.000000	-341.974000	0.000000	-119.067000	0.000000	81.684000	0.000000

2024-08-26	12:47:46	1724669266.450915	-43092.997705	-0.044311	-0.227103	-242.047495	178.345047	-22.999281	188.318820	121.874460	101.566083	202.170725	103.899434	-229.568345	172.106804	166.578299	175.549521	-574.290878	43.451472	390.494279	43.978570	-241.404919	0.280371	417.248320	0.175687	-195.504000	0.000000	5.235247	4.303676	-384.624000	0.000000	-1.976000	0.000000	65.896000	0.000000	123.875000	0.000000	-195.267000	0.000000	66.843000	0.000000	-115.378000	0.000000	-98.042000	0.000000	-51.739000	0.000000	-341.974000	0.000000	-119.067000	0.000000	81.684000	0.000000

2024-08-26	12:47:47	1724669267.450330	-43091.998290	-0.044311	-0.227103	95.594991	37.102091	-366.700470	30.310642	242.929322	184.874495	122.916309	252.257009	-106.530153	201.474408	59.427575	163.382075	-541.453225	58.701910	360.222858	54.299236	-241.377783	0.122878	416.973902	0.137486	-195.504000	0.000000	-0.425976	5.841543	-384.624000	0.000000	-1.976000	0.000000	65.896000	0.000000	123.875000	0.000000	-195.267000	0.000000	66.843000	0.000000	-115.378000	0.000000	-98.042000	0.000000	-51.739000	0.000000	-341.974000	0.000000	-119.067000	0.000000	81.684000	0.000000

2024-08-26	12:47:48	1724669268.450744	-43090.997876	-0.044311	-0.227103	-91.342536	209.797205	-194.286061	208.931400	96.535084	82.246207	221.406121	117.382105	-138.186291	135.617758	59.059559	137.050757	-561.026116	67.211863	375.268138	68.542502	-241.454593	0.166787	417.258181	0.197935	-195.504000	0.000000	11.209881	7.127706	-384.624000	0.000000	-1.976000	0.000000	65.896000	0.000000	123.875000	0.000000	-195.267000	0.000000	66.843000	0.000000	-115.378000	0.000000	-98.042000	0.000000	-51.739000	0.000000	-341.974000	0.000000	-119.067000	0.000000	81.684000	0.000000

2024-08-26	12:47:49	1724669269.451159	-43089.997461	-0.044311	-0.227103	1.746715	280.542059	-267.066429	260.967939	44.217071	103.107723	299.835083	120.762373	-140.804002	62.682576	84.138352	57.709240	-603.562669	47.867961	419.395344	44.543511	-241.169761	0.244669	417.335656	0.169237	-195.504000	0.000000	1.728194	9.075403	-384.624000	0.000000	-1.976000	0.000000	65.896000	0.000000	123.875000	0.000000	-195.267000	0.000000	66.843000	0.000000	-115.378000	0.000000	-98.042000	0.000000	-51.739000	0.000000	-341.974000	0.000000	-119.067000	0.000000	81.684000	0.000000

2024-08-26	12:47:50	1724669270.450598	-43088.998022	-0.044311	-0.240344	-124.071922	369.138673	-150.824882	340.555237	124.058602	165.066807	208.079104	168.503108	-140.223606	109.672237	68.460864	94.580889	-594.484708	69.657040	411.450498	61.298743	-241.263646	0.125763	417.476929	0.198170	-195.504000	0.000000	4.547209	8.426693	-384.624000	0.000000	-1.976000	0.000000	65.896000	0.000000	123.875000	0.000000	-195.267000	0.000000	66.843000	0.000000	-115.378000	0.000000	-98.042000	0.000000	-51.739000	0.000000	-341.974000	0.000000	-119.067000	0.000000	81.684000	0.000000

2024-08-26	12:47:51	1724669271.451013	-43087.997607	-0.044311	-0.240344	53.438835	231.979692	-325.023479	225.590588	191.395424	152.356274	147.677185	151.743123	-219.183663	131.258361	163.984954	143.507807	-537.981762	46.470354	356.342239	42.647708	-241.956104	0.285536	417.497713	0.173911	-195.504000	0.000000	5.448206	5.583747	-384.624000	0.000000	-1.976000	0.000000	65.896000	0.000000	123.875000	0.000000	-195.267000	0.000000	66.843000	0.000000	-115.378000	0.000000	-98.042000	0.000000	-51.739000	0.000000	-341.974000	0.000000	-119.067000	0.000000	81.684000	0.000000

2024-08-26	12:47:52	1724669272.450428	-43086.998192	-0.044311	-0.240344	-268.845972	115.775387	13.690817	115.038788	211.079810	81.184141	146.180700	96.760695	-177.529817	84.575467	122.537910	70.857060	-576.366806	88.750566	395.356707	86.139224	-241.799943	0.442124	417.337843	0.221570	-195.504000	0.000000	2.848804	7.753574	-384.624000	0.000000	-1.976000	0.000000	65.896000	0.000000	123.875000	0.000000	-195.267000	0.000000	66.843000	0.000000	-115.378000	0.000000	-98.042000	0.000000	-51.739000	0.000000	-341.974000	0.000000	-119.067000	0.000000	81.684000	0.000000

2024-08-26	12:47:53	1724669273.450842	-43085.997777	-0.044311	-0.240344	-25.864017	122.739301	-256.772565	136.014916	137.395582	110.975791	202.914304	131.794055	-93.371253	91.538636	23.959431	75.198404	-574.658517	62.870509	387.321907	69.383901	-241.484257	0.222613	417.602808	0.383386	-195.504000	0.000000	3.933126	4.125623	-384.624000	0.000000	-1.976000	0.000000	65.896000	0.000000	123.875000	0.000000	-195.267000	0.000000	66.843000	0.000000	-115.378000	0.000000	-98.042000	0.000000	-51.739000	0.000000	-341.974000	0.000000	-119.067000	0.000000	81.684000	0.000000

2024-08-26	12:47:54	1724669274.450258	-43084.998362	-0.044311	-0.240344	-295.345468	134.628993	33.559508	161.374772	139.129721	83.769414	186.600596	91.453856	-139.004546	144.341642	66.909827	134.563977	-568.983067	44.762804	390.003446	44.028994	-241.827484	0.230830	417.442347	0.152627	-195.504000	0.000000	3.021108	6.913039	-384.624000	0.000000	-1.976000	0.000000	65.896000	0.000000	123.875000	0.000000	-195.267000	0.000000	66.843000	0.000000	-115.378000	0.000000	-98.042000	0.000000	-51.739000	0.000000	-341.974000	0.000000	-119.067000	0.000000	81.684000	0.000000

2024-08-26	12:47:55	1724669275.450687	-43083.997932	-0.044311	-0.240344	18.357289	187.466423	-306.803119	206.458256	55.686880	178.625847	279.588107	200.193928	-132.837709	78.696491	68.683877	72.545228	-595.080222	26.977824	407.147355	25.679779	-241.803977	0.134060	417.307612	0.249632	-195.504000	0.000000	8.029399	9.174138	-384.624000	0.000000	-1.976000	0.000000	65.896000	0.000000	123.875000	0.000000	-195.267000	0.000000	66.843000	0.000000	-115.378000	0.000000	-98.042000	0.000000	-51.739000	0.000000	-341.974000	0.000000	-119.067000	0.000000	81.684000	0.000000

2024-08-26	12:47:56	1724669276.452133	-43082.996487	-0.044311	-0.200625	-213.017135	126.764279	-39.535133	95.075720	355.352308	166.309935	-11.831116	203.129391	-163.506581	55.117748	116.299674	74.787001	-543.853308	51.399295	361.246402	55.763838	-241.764961	0.214080	417.314710	0.182368	-195.504000	0.000000	4.878314	5.679289	-384.624000	0.000000	-1.976000	0.000000	65.896000	0.000000	123.875000	0.000000	-195.267000	0.000000	66.843000	0.000000	-115.378000	0.000000	-98.042000	0.000000	-51.739000	0.000000	-341.974000	0.000000	-119.067000	0.000000	81.684000	0.000000

2024-08-26	12:47:57	1724669277.451530	-43081.997089	-0.044311	-0.200625	189.924098	183.624941	-458.563545	186.851221	90.345223	118.803822	246.190468	159.581261	-203.637804	99.789240	142.040652	93.695602	-539.804176	35.605032	358.149859	32.262154	-241.712892	0.189384	417.568682	0.219484	-195.504000	0.000000	5.084340	8.276070	-384.624000	0.000000	-1.976000	0.000000	65.896000	0.000000	123.875000	0.000000	-195.267000	0.000000	66.843000	0.000000	-115.378000	0.000000	-98.042000	0.000000	-51.739000	0.000000	-341.974000	0.000000	-119.067000	0.000000	81.684000	0.000000

2024-08-26	12:47:58	1724669278.451945	-43080.996675	-0.044311	-0.200625	-169.389821	256.022497	-110.348025	202.510409	163.116490	138.511413	167.744517	171.435358	-161.386077	96.749276	98.240864	70.456058	-559.646067	46.594802	376.401761	36.102913	-241.804912	0.255141	417.138676	0.187145	-195.504000	0.000000	5.255747	8.456682	-384.624000	0.000000	-1.976000	0.000000	65.896000	0.000000	123.875000	0.000000	-195.267000	0.000000	66.843000	0.000000	-115.378000	0.000000	-98.042000	0.000000	-51.739000	0.000000	-341.974000	0.000000	-119.067000	0.000000	81.684000	0.000000

2024-08-26	12:47:59	1724669279.451360	-43079.997260	-0.044311	-0.200625	-189.633771	149.451976	-97.148055	182.488113	128.528793	192.303444	185.553031	183.792512	-89.175613	184.038347	11.486443	163.963727	-600.494962	54.619677	412.512502	53.601007	-241.852477	0.140190	417.334925	0.227262	-195.504000	0.000000	-4.085693	9.269200	-384.624000	0.000000	-1.976000	0.000000	65.896000	0.000000	123.875000	0.000000	-195.267000	0.000000	66.843000	0.000000	-115.378000	0.000000	-98.042000	0.000000	-51.739000	0.000000	-341.974000	0.000000	-119.067000	0.000000	81.684000	0.000000

2024-08-26	12:48:00	1724669280.451775	-43078.996845	-0.044311	-0.200625	-112.466256	107.547512	-152.721158	93.311539	131.210403	107.121199	223.112891	98.128254	-171.926557	47.889875	115.319467	66.117116	-588.486204	54.478553	404.182956	45.608976	-242.182693	0.176043	417.628561	0.165473	-195.504000	0.000000	7.601091	5.114195	-384.624000	0.000000	-1.976000	0.000000	65.896000	0.000000	123.875000	0.000000	-195.267000	0.000000	66.843000	0.000000	-115.378000	0.000000	-98.042000	0.000000	-51.739000	0.000000	-341.974000	0.000000	-119.067000	0.000000	81.684000	0.000000

2024-08-26	12:48:01	1724669281.451991	-43077.996629	-0.044311	-0.200625	-109.391675	132.884391	-158.606593	143.814112	229.634893	297.831054	106.574202	326.514646	-148.005321	100.368544	79.206813	98.125524	-561.800880	52.920186	379.955740	42.595869	-241.646862	0.365481	417.398562	0.184579	-195.504000	0.000000	0.162997	5.254361	-384.624000	0.000000	-1.976000	0.000000	65.896000	0.000000	123.875000	0.000000	-195.267000	0.000000	66.843000	0.000000	-115.378000	0.000000	-98.042000	0.000000	-51.739000	0.000000	-341.974000	0.000000	-119.067000	0.000000	81.684000	0.000000

2024-08-26	12:48:02	1724669282.451387	-43076.997232	-0.044311	-0.194003	17.058008	224.880186	-285.428795	204.253947	160.693884	177.998147	175.656979	120.526426	-192.630634	33.937082	134.555579	51.753123	-552.004141	36.689894	370.943278	33.832606	-241.934079	0.149788	417.767981	0.238024	-195.504000	0.000000	1.617914	10.814169	-384.624000	0.000000	-1.976000	0.000000	65.896000	0.000000	123.875000	0.000000	-195.267000	0.000000	66.843000	0.000000	-115.378000	0.000000	-98.042000	0.000000	-51.739000	0.000000	-341.974000	0.000000	-119.067000	0.000000	81.684000	0.000000

2024-08-26	12:48:03	1724669283.451804	-43075.996816	-0.044311	-0.194003	-61.721442	231.286241	-208.395873	205.686332	203.911913	70.274219	129.912902	137.515011	-144.185084	85.914152	89.831062	66.414563	-588.545954	43.013352	400.224720	39.916507	-242.061951	0.136551	417.466815	0.215029	-195.504000	0.000000	2.061866	7.430025	-384.624000	0.000000	-1.976000	0.000000	65.896000	0.000000	123.875000	0.000000	-195.267000	0.000000	66.843000	0.000000	-115.378000	0.000000	-98.042000	0.000000	-51.739000	0.000000	-341.974000	0.000000	-119.067000	0.000000	81.684000	0.000000

2024-08-26	12:48:04	1724669284.451218	-43074.997402	-0.044311	-0.194003	-248.530818	339.260868	-29.188323	345.051879	188.960622	105.979273	137.721792	96.754495	-217.093095	117.615571	147.875808	97.147903	-611.483340	59.380768	419.757182	66.671014	-241.992438	0.309090	417.289557	0.307168	-195.504000	0.000000	2.349909	8.147524	-384.624000	0.000000	-1.976000	0.000000	65.896000	0.000000	123.875000	0.000000	-195.267000	0.000000	66.843000	0.000000	-115.378000	0.000000	-98.042000	0.000000	-51.739000	0.000000	-341.974000	0.000000	-119.067000	0.000000	81.684000	0.000000

2024-08-26	12:48:05	1724669285.451632	-43073.996988	-0.044311	-0.194003	7.157926	188.076843	-270.219945	197.146695	213.911684	85.461105	146.005350	71.175935	-116.406100	94.258276	59.748780	96.732334	-536.207404	77.663101	361.047446	79.509075	-241.984213	0.186323	417.357524	0.117960	-195.504000	0.000000	7.349385	8.729297	-384.624000	0.000000	-1.976000	0.000000	65.896000	0.000000	123.875000	0.000000	-195.267000	0.000000	66.843000	0.000000	-115.378000	0.000000	-98.042000	0.000000	-51.739000	0.000000	-341.974000	0.000000	-119.067000	0.000000	81.684000	0.000000

2024-08-26	12:48:06	1724669286.451069	-43072.997550	-0.044311	-0.194003	80.112225	79.141503	-349.763060	56.483521	27.819876	253.385992	310.869942	242.447027	-199.648489	90.748099	133.059493	75.076707	-555.573247	28.070919	375.109893	17.358282	-241.486773	0.161635	417.265253	0.190943	-195.504000	0.000000	14.737904	7.673269	-384.624000	0.000000	-1.976000	0.000000	65.896000	0.000000	123.875000	0.000000	-195.267000	0.000000	66.843000	0.000000	-115.378000	0.000000	-98.042000	0.000000	-51.739000	0.000000	-341.974000	0.000000	-119.067000	0.000000	81.684000	0.000000

2024-08-26	12:48:07	1724669287.451484	-43071.997136	-0.044311	-0.194003	-197.805939	276.434708	-80.499433	253.494229	61.626898	130.237031	278.195463	216.824491	-136.550801	138.456544	79.771956	162.525370	-541.322360	59.850877	356.264711	50.401122	-241.958972	0.213203	417.289573	0.326627	-195.504000	0.000000	10.646207	6.447877	-384.624000	0.000000	-1.976000	0.000000	65.896000	0.000000	123.875000	0.000000	-195.267000	0.000000	66.843000	0.000000	-115.378000	0.000000	-98.042000	0.000000	-51.739000	0.000000	-341.974000	0.000000	-119.067000	0.000000	81.684000	0.000000

2024-08-26	12:48:08	1724669288.451899	-43070.996721	-0.044311	-0.220485	-111.868674	370.675895	-156.826956	381.267110	180.383106	127.238496	164.220259	141.745708	-177.901439	123.302333	115.355867	126.232081	-599.974539	65.000041	416.069877	60.108375	-241.863302	0.244593	417.011164	0.140329	-195.504000	0.000000	12.379846	4.922419	-384.624000	0.000000	-1.976000	0.000000	65.896000	0.000000	123.875000	0.000000	-195.267000	0.000000	66.843000	0.000000	-115.378000	0.000000	-98.042000	0.000000	-51.739000	0.000000	-341.974000	0.000000	-119.067000	0.000000	81.684000	0.000000

2024-08-26	12:48:09	1724669289.451332	-43069.997288	-0.044311	-0.220485	-34.585667	105.677306	-244.645118	75.975672	199.455515	132.329433	143.887633	164.717793	-163.608299	153.606029	97.391568	126.334491	-555.812845	72.316995	370.188441	73.934511	-241.715789	0.302159	416.968162	0.264291	-195.504000	0.000000	4.881210	6.124986	-384.624000	0.000000	-1.976000	0.000000	65.896000	0.000000	123.875000	0.000000	-195.267000	0.000000	66.843000	0.000000	-115.378000	0.000000	-98.042000	0.000000	-51.739000	0.000000	-341.974000	0.000000	-119.067000	0.000000	81.684000	0.000000

2024-08-26	12:48:10	1724669290.451746	-43068.996874	-0.044311	-0.220485	107.109819	137.158149	-348.831879	106.617086	207.657789	135.297078	163.145190	143.024042	-111.504101	128.133870	66.782735	75.751983	-558.475825	106.540089	381.034200	107.803536	-242.009750	0.202466	416.353277	0.207941	-195.504000	0.000000	3.806971	8.173432	-384.624000	0.000000	-1.976000	0.000000	65.896000	0.000000	123.875000	0.000000	-195.267000	0.000000	66.843000	0.000000	-115.378000	0.000000	-98.042000	0.000000	-51.739000	0.000000	-341.974000	0.000000	-119.067000	0.000000	81.684000	0.000000

2024-08-26	12:48:11	1724669291.451505	-43067.997115	-0.044311	-0.220485	-298.001345	145.692965	9.662785	137.632701	36.399032	135.822277	270.876039	144.111700	-202.456817	40.128633	123.101279	41.141761	-602.871945	40.739526	411.260707	39.042801	-241.947481	0.247894	416.493284	0.217828	-195.504000	0.000000	0.777264	9.750543	-384.624000	0.000000	-1.976000	0.000000	65.896000	0.000000	123.875000	0.000000	-195.267000	0.000000	66.843000	0.000000	-115.378000	0.000000	-98.042000	0.000000	-51.739000	0.000000	-341.974000	0.000000	-119.067000	0.000000	81.684000	0.000000

2024-08-26	12:48:12	1724669292.451920	-43066.996700	-0.044311	-0.220485	-168.639280	382.435154	-94.792760	412.570276	197.832843	133.420542	153.326962	135.234548	-112.293399	116.847920	46.940554	88.069154	-619.020477	47.959132	432.525911	45.399958	-242.155050	0.178391	416.762336	0.189544	-195.504000	0.000000	0.870238	6.008943	-384.624000	0.000000	-1.976000	0.000000	65.896000	0.000000	123.875000	0.000000	-195.267000	0.000000	66.843000	0.000000	-115.378000	0.000000	-98.042000	0.000000	-51.739000	0.000000	-341.974000	0.000000	-119.067000	0.000000	81.684000	0.000000

2024-08-26	12:48:13	1724669293.451334	-43065.997285	-0.044311	-0.220485	96.844567	124.769103	-387.584483	132.842349	138.224853	74.121696	158.882960	93.143948	-178.178945	89.149988	111.717185	88.531334	-586.632566	21.886110	397.745446	21.828660	-242.230664	0.153302	416.676509	0.249578	-195.504000	0.000000	9.837494	7.207512	-384.624000	0.000000	-1.976000	0.000000	65.896000	0.000000	123.875000	0.000000	-195.267000	0.000000	66.843000	0.000000	-115.378000	0.000000	-98.042000	0.000000	-51.739000	0.000000	-341.974000	0.000000	-119.067000	0.000000	81.684000	0.000000

2024-08-26	12:48:14	1724669294.451749	-43064.996871	-0.044311	-0.207240	-77.377719	150.943794	-173.597620	167.425269	144.761420	141.994492	212.186483	119.415028	-131.383923	107.128822	76.214451	96.402304	-551.788388	71.679163	367.323071	76.437289	-241.753872	0.122204	416.930793	0.340392	-195.504000	0.000000	10.435049	6.314170	-384.624000	0.000000	-1.976000	0.000000	65.896000	0.000000	123.875000	0.000000	-195.267000	0.000000	66.843000	0.000000	-115.378000	0.000000	-98.042000	0.000000	-51.739000	0.000000	-341.974000	0.000000	-119.067000	0.000000	81.684000	0.000000

2024-08-26	12:48:15	1724669295.451164	-43063.997456	-0.044311	-0.207240	-126.093464	186.064865	-158.275481	182.292694	268.646471	148.373326	36.898696	180.742747	-232.723768	82.094314	168.936368	88.368550	-525.659764	43.467267	341.956785	41.033731	-241.780768	0.165021	417.071531	0.145244	-195.504000	0.000000	5.656622	7.714627	-384.624000	0.000000	-1.976000	0.000000	65.896000	0.000000	123.875000	0.000000	-195.267000	0.000000	66.843000	0.000000	-115.378000	0.000000	-98.042000	0.000000	-51.739000	0.000000	-341.974000	0.000000	-119.067000	0.000000	81.684000	0.000000

2024-08-26	12:48:16	1724669296.451672	-43062.996948	-0.044311	-0.207240	18.703285	161.303774	-281.148360	159.812519	122.541541	187.296989	245.125893	172.143768	-94.011562	115.422522	38.699166	94.935172	-601.328939	75.781117	420.517562	77.553077	-242.278290	0.198517	417.000499	0.230514	-195.504000	0.000000	7.477408	8.670020	-384.624000	0.000000	-1.976000	0.000000	65.896000	0.000000	123.875000	0.000000	-195.267000	0.000000	66.843000	0.000000	-115.378000	0.000000	-98.042000	0.000000	-51.739000	0.000000	-341.974000	0.000000	-119.067000	0.000000	81.684000	0.000000

2024-08-26	12:48:17	1724669297.451087	-43061.997533	-0.044311	-0.207240	-80.417691	168.124842	-200.487490	179.846875	122.850604	174.195200	198.063532	193.143556	-148.797434	36.859319	78.631876	77.274933	-570.434487	73.906015	384.674624	69.238200	-242.259524	0.197917	416.695138	0.199842	-195.504000	0.000000	1.980691	6.738806	-384.624000	0.000000	-1.976000	0.000000	65.896000	0.000000	123.875000	0.000000	-195.267000	0.000000	66.843000	0.000000	-115.378000	0.000000	-98.042000	0.000000	-51.739000	0.000000	-341.974000	0.000000	-119.067000	0.000000	81.684000	0.000000

2024-08-26	12:48:18	1724669298.451501	-43060.997118	-0.044311	-0.207240	-83.865686	302.599382	-182.418806	308.442964	266.969964	76.649272	73.547521	123.576280	-126.170801	59.677272	71.138391	62.475559	-554.601649	65.067536	370.325427	62.344183	-242.474845	0.211414	416.953983	0.200617	-195.504000	0.000000	8.880261	9.179241	-384.624000	0.000000	-1.976000	0.000000	65.896000	0.000000	123.875000	0.000000	-195.267000	0.000000	66.843000	0.000000	-115.378000	0.000000	-98.042000	0.000000	-51.739000	0.000000	-341.974000	0.000000	-119.067000	0.000000	81.684000	0.000000

2024-08-26	12:48:19	1724669299.450917	-43059.997703	-0.044311	-0.207240	-136.682989	183.926379	-147.082650	180.192883	96.866985	185.657557	240.595891	138.973109	-172.450944	117.388949	103.126396	125.907353	-568.960189	101.773941	380.817435	101.110107	-242.255445	0.331454	416.809058	0.103341	-195.504000	0.000000	5.397892	5.914644	-384.624000	0.000000	-1.976000	0.000000	65.896000	0.000000	123.875000	0.000000	-195.267000	0.000000	66.843000	0.000000	-115.378000	0.000000	-98.042000	0.000000	-51.739000	0.000000	-341.974000	0.000000	-119.067000	0.000000	81.684000	0.000000

2024-08-26	12:48:20	1724669300.451331	-43058.997289	-0.044311	-0.200625	-112.308917	82.929307	-155.396073	91.393448	210.641224	212.862094	122.387861	216.862511	-213.948044	117.979410	155.998308	102.140178	-606.660514	59.826846	422.161531	61.878575	-241.926280	0.113188	416.947780	0.122398	-195.504000	0.000000	0.147756	11.229651	-384.624000	0.000000	-1.976000	0.000000	65.896000	0.000000	123.875000	0.000000	-195.267000	0.000000	66.843000	0.000000	-115.378000	0.000000	-98.042000	0.000000	-51.739000	0.000000	-341.974000	0.000000	-119.067000	0.000000	81.684000	0.000000

2024-08-26	12:48:21	1724669301.451746	-43057.996874	-0.044311	-0.200625	-235.040835	152.135387	-36.050086	156.681580	177.850993	143.904962	148.751442	147.576864	-20.596525	124.951679	-40.454994	113.099761	-601.488216	24.371555	415.006120	21.383178	-241.961702	0.190833	417.000543	0.182032	-195.504000	0.000000	-1.221782	8.536369	-384.624000	0.000000	-1.976000	0.000000	65.896000	0.000000	123.875000	0.000000	-195.267000	0.000000	66.843000	0.000000	-115.378000	0.000000	-98.042000	0.000000	-51.739000	0.000000	-341.974000	0.000000	-119.067000	0.000000	81.684000	0.000000

2024-08-26	12:48:22	1724669302.451193	-43056.997427	-0.044311	-0.200625	-7.011277	248.843443	-265.930453	260.370546	72.434581	192.690657	270.058173	210.767828	-211.625095	71.823541	153.630072	75.708885	-585.407443	23.757260	400.223909	27.394881	-242.133586	0.128101	416.904250	0.279197	-195.504000	0.000000	-0.113271	9.360519	-384.624000	0.000000	-1.976000	0.000000	65.896000	0.000000	123.875000	0.000000	-195.267000	0.000000	66.843000	0.000000	-115.378000	0.000000	-98.042000	0.000000	-51.739000	0.000000	-341.974000	0.000000	-119.067000	0.000000	81.684000	0.000000

2024-08-26	12:48:23	1724669303.451608	-43055.997012	-0.044311	-0.200625	-150.770326	210.204123	-118.838250	190.377400	199.607973	118.197208	129.197198	179.040959	-173.295839	183.249912	107.358660	184.238604	-562.964715	56.634194	377.069559	55.818853	-242.098612	0.278902	416.946520	0.297446	-195.504000	0.000000	9.952997	7.316470	-384.624000	0.000000	-1.976000	0.000000	65.896000	0.000000	123.875000	0.000000	-195.267000	0.000000	66.843000	0.000000	-115.378000	0.000000	-98.042000	0.000000	-51.739000	0.000000	-341.974000	0.000000	-119.067000	0.000000	81.684000	0.000000

2024-08-26	12:48:24	1724669304.451023	-43054.997597	-0.044311	-0.200625	-62.229754	197.638235	-203.041835	170.508498	262.404376	69.624542	81.369893	80.528802	-106.193964	43.690966	46.930506	57.462731	-596.782286	57.524010	410.351586	54.333044	-242.121048	0.211190	416.679393	0.447838	-195.504000	0.000000	8.887554	5.705311	-384.624000	0.000000	-1.976000	0.000000	65.896000	0.000000	123.875000	0.000000	-195.267000	0.000000	66.843000	0.000000	-115.378000	0.000000	-98.042000	0.000000	-51.739000	0.000000	-341.974000	0.000000	-119.067000	0.000000	81.684000	0.000000

2024-08-26	12:48:25	1724669305.451437	-43053.997182	-0.044311	-0.187380	-27.231346	204.186831	-257.231996	204.634571	52.491721	146.054741	273.297074	206.673343	-163.308166	47.334069	98.095149	65.085972	-565.826276	38.767721	380.340148	26.870586	-242.108556	0.176913	416.662078	0.299644	-195.504000	0.000000	10.921563	5.604393	-384.624000	0.000000	-1.976000	0.000000	65.896000	0.000000	123.875000	0.000000	-195.267000	0.000000	66.843000	0.000000	-115.378000	0.000000	-98.042000	0.000000	-51.739000	0.000000	-341.974000	0.000000	-119.067000	0.000000	81.684000	0.000000

2024-08-26	12:48:26	1724669306.450852	-43052.997767	-0.044311	-0.187380	-52.424796	220.769864	-217.069751	173.181008	49.480827	134.800292	287.683746	173.467647	-204.502958	129.717051	133.871914	155.234659	-521.264886	64.030965	339.613577	56.850876	-241.906744	0.191486	416.853764	0.272095	-195.504000	0.000000	5.965968	9.636380	-384.624000	0.000000	-1.976000	0.000000	65.896000	0.000000	123.875000	0.000000	-195.267000	0.000000	66.843000	0.000000	-115.378000	0.000000	-98.042000	0.000000	-51.739000	0.000000	-341.974000	0.000000	-119.067000	0.000000	81.684000	0.000000

2024-08-26	12:48:27	1724669307.451371	-43051.997249	-0.044311	-0.187380	11.640645	316.133830	-274.295209	256.773119	272.520683	115.559192	75.359359	100.938317	-156.553154	131.389436	109.551600	117.070907	-550.697906	37.420456	368.075256	51.689274	-242.056201	0.320997	416.694024	0.261283	-195.504000	0.000000	9.257737	7.352650	-384.624000	0.000000	-1.976000	0.000000	65.896000	0.000000	123.875000	0.000000	-195.267000	0.000000	66.843000	0.000000	-115.378000	0.000000	-98.042000	0.000000	-51.739000	0.000000	-341.974000	0.000000	-119.067000	0.000000	81.684000	0.000000

2024-08-26	12:48:28	1724669308.452785	-43050.995835	-0.044311	-0.187380	-152.344507	106.790023	-119.663274	112.898665	134.368119	122.064944	207.985415	163.848489	-83.342333	123.572705	20.492863	120.650193	-554.568023	46.009691	373.070287	36.989347	-241.995278	0.241689	416.957310	0.216806	-195.504000	0.000000	1.106257	7.146797	-384.624000	0.000000	-1.976000	0.000000	65.896000	0.000000	123.875000	0.000000	-195.267000	0.000000	66.843000	0.000000	-115.378000	0.000000	-98.042000	0.000000	-51.739000	0.000000	-341.974000	0.000000	-119.067000	0.000000	81.684000	0.000000

2024-08-26	12:48:29	1724669309.452200	-43049.996419	-0.044311	-0.187380	-117.312442	159.014982	-150.426416	196.148410	175.844209	243.971143	162.843490	172.237514	-238.344269	114.660280	179.045781	105.598155	-570.159541	60.499860	385.061882	57.355903	-241.966631	0.170820	416.835477	0.175424	-195.504000	0.000000	-3.900011	10.910245	-384.624000	0.000000	-1.976000	0.000000	65.896000	0.000000	123.875000	0.000000	-195.267000	0.000000	66.843000	0.000000	-115.378000	0.000000	-98.042000	0.000000	-51.739000	0.000000	-341.974000	0.000000	-119.067000	0.000000	81.684000	0.000000

2024-08-26	12:48:30	1724669310.453614	-43048.995006	-0.044311	-0.187380	-178.294759	177.530565	-79.009340	182.477248	101.119580	159.200888	261.749244	165.664831	-39.782165	93.496060	-14.926952	81.916016	-565.565256	35.448760	384.296425	39.323018	-241.697811	0.170280	416.963650	0.153549	-195.504000	0.000000	9.637149	6.140938	-384.624000	0.000000	-1.976000	0.000000	65.896000	0.000000	123.875000	0.000000	-195.267000	0.000000	66.843000	0.000000	-115.378000	0.000000	-98.042000	0.000000	-51.739000	0.000000	-341.974000	0.000000	-119.067000	0.000000	81.684000	0.000000

2024-08-26	12:48:31	1724669311.453029	-43047.995591	-0.044311	-0.213862	-53.295672	246.080610	-226.964976	242.540803	183.157214	79.778691	139.684594	109.660947	-215.556174	77.304511	152.115026	70.707665	-587.573871	45.123156	401.341495	49.895906	-241.909361	0.147734	416.974632	0.139896	-195.504000	0.000000	-1.414848	6.019646	-384.624000	0.000000	-1.976000	0.000000	65.896000	0.000000	123.875000	0.000000	-195.267000	0.000000	66.843000	0.000000	-115.378000	0.000000	-98.042000	0.000000	-51.739000	0.000000	-341.974000	0.000000	-119.067000	0.000000	81.684000	0.000000

2024-08-26	12:48:32	1724669312.453062	-43046.995558	-0.044311	-0.213862	-84.357636	194.699973	-193.139754	178.220709	86.565596	226.989368	241.042809	219.516903	-198.818353	46.573873	129.560059	46.084913	-592.042728	69.368403	406.519648	65.230857	-241.819170	0.261149	417.128245	0.196511	-195.504000	0.000000	1.155618	10.738705	-384.624000	0.000000	-1.976000	0.000000	65.896000	0.000000	123.875000	0.000000	-195.267000	0.000000	66.843000	0.000000	-115.378000	0.000000	-98.042000	0.000000	-51.739000	0.000000	-341.974000	0.000000	-119.067000	0.000000	81.684000	0.000000

