Date/C:Time:TimeStamp/D:time:VMeas:IMeas:I_00:DI_00:I_01:DI_01:I_02:DI_02:I_03:DI_03:I_04:DI_04:I_05:DI_05:I_06:DI_06:I_07:DI_07:I_08:DI_08:I_09:DI_09:I_10:DI_10:I_11:DI_11:I_12:DI_12:I_13:DI_13:I_14:DI_14:I_15:DI_15:I_16:DI_16:I_17:DI_17:I_18:DI_18:I_19:DI_19:I_20:DI_20:I_21:DI_21:I_22:DI_22:I_23:DI_23
2024-08-26	12:51:40	1724669500.456249	-43200.000000	-0.044311	-0.213862	-83.527922	101.121850	-190.904976	130.906976	221.439489	96.774129	91.229299	39.772754	-110.922196	166.061641	56.954474	125.498333	-649.447646	61.569596	451.857516	50.674857	-241.919903	0.210050	417.076680	0.134803	-195.504000	0.000000	-4.229551	7.941143	-384.624000	0.000000	-1.976000	0.000000	65.896000	0.000000	123.875000	0.000000	-195.267000	0.000000	66.843000	0.000000	-115.378000	0.000000	-98.042000	0.000000	-51.739000	0.000000	-341.974000	0.000000	-119.067000	0.000000	81.684000	0.000000

2024-08-26	12:51:41	1724669501.455664	-43199.000585	-0.044311	-0.213862	-172.243729	95.450278	-111.917731	108.897620	208.348794	94.719271	107.353484	122.947702	-143.017637	80.254009	96.845261	90.026027	-609.556916	35.061966	411.538165	31.924208	-242.342830	0.097313	416.949598	0.160429	-195.504000	0.000000	8.811398	8.370625	-384.624000	0.000000	-1.976000	0.000000	65.896000	0.000000	123.875000	0.000000	-195.267000	0.000000	66.843000	0.000000	-115.378000	0.000000	-98.042000	0.000000	-51.739000	0.000000	-341.974000	0.000000	-119.067000	0.000000	81.684000	0.000000

2024-08-26	12:51:42	1724669502.456079	-43198.000170	-0.044311	-0.200625	-127.626802	119.981288	-169.893135	121.600349	31.069993	232.827201	266.834957	231.467902	-206.900549	54.483135	136.958937	70.339116	-627.851792	68.501089	428.102683	64.676108	-242.194903	0.135231	416.980812	0.271914	-195.504000	0.000000	-2.619097	9.266841	-384.624000	0.000000	-1.976000	0.000000	65.896000	0.000000	123.875000	0.000000	-195.267000	0.000000	66.843000	0.000000	-115.378000	0.000000	-98.042000	0.000000	-51.739000	0.000000	-341.974000	0.000000	-119.067000	0.000000	81.684000	0.000000

2024-08-26	12:51:43	1724669503.456493	-43196.999756	-0.044311	-0.200625	-183.753710	167.006755	-93.985891	138.844903	232.363963	332.411513	77.672988	295.873447	-102.760980	103.185246	50.058012	112.611928	-654.959119	64.646829	455.223738	60.460721	-241.866651	0.133543	416.692146	0.120617	-195.504000	0.000000	-2.035336	7.390218	-384.624000	0.000000	-1.976000	0.000000	65.896000	0.000000	123.875000	0.000000	-195.267000	0.000000	66.843000	0.000000	-115.378000	0.000000	-98.042000	0.000000	-51.739000	0.000000	-341.974000	0.000000	-119.067000	0.000000	81.684000	0.000000

2024-08-26	12:51:44	1724669504.455908	-43196.000341	-0.044311	-0.200625	-118.896824	181.154454	-164.463429	176.697962	-33.137032	195.701308	368.579187	184.545041	-207.616768	145.023340	154.759577	135.408645	-672.900234	48.061275	476.722277	49.559198	-241.963439	0.301687	417.027598	0.185532	-195.504000	0.000000	-2.636799	6.045705	-384.624000	0.000000	-1.976000	0.000000	65.896000	0.000000	123.875000	0.000000	-195.267000	0.000000	66.843000	0.000000	-115.378000	0.000000	-98.042000	0.000000	-51.739000	0.000000	-341.974000	0.000000	-119.067000	0.000000	81.684000	0.000000

2024-08-26	12:51:45	1724669505.456501	-43194.999747	-0.044311	-0.200625	-24.569225	95.758572	-262.449775	78.541926	187.816086	109.616640	124.556611	129.084832	-124.075813	150.705299	72.326174	104.422177	-660.951152	41.343617	458.922330	42.556862	-242.179922	0.206881	416.878015	0.147763	-195.504000	0.000000	-0.739012	7.410320	-384.624000	0.000000	-1.976000	0.000000	65.896000	0.000000	123.875000	0.000000	-195.267000	0.000000	66.843000	0.000000	-115.378000	0.000000	-98.042000	0.000000	-51.739000	0.000000	-341.974000	0.000000	-119.067000	0.000000	81.684000	0.000000

2024-08-26	12:51:46	1724669506.455916	-43194.000332	-0.044311	-0.200625	-134.348731	124.014303	-140.131271	123.765289	236.004152	85.521202	89.689955	83.346747	-169.874687	183.009023	120.688799	150.109806	-580.604168	30.722549	389.877757	29.157410	-242.059626	0.226593	417.308709	0.273331	-195.504000	0.000000	3.878334	5.972609	-384.624000	0.000000	-1.976000	0.000000	65.896000	0.000000	123.875000	0.000000	-195.267000	0.000000	66.843000	0.000000	-115.378000	0.000000	-98.042000	0.000000	-51.739000	0.000000	-341.974000	0.000000	-119.067000	0.000000	81.684000	0.000000

2024-08-26	12:51:47	1724669507.456331	-43192.999918	-0.044311	-0.200625	-112.058918	365.657506	-170.511869	371.198885	170.271084	135.221098	127.116964	211.468967	-110.457014	78.649742	60.923267	68.550325	-567.285086	61.253368	369.418846	56.931791	-241.860295	0.187430	417.226324	0.234653	-195.504000	0.000000	1.622112	6.810070	-384.624000	0.000000	-1.976000	0.000000	65.896000	0.000000	123.875000	0.000000	-195.267000	0.000000	66.843000	0.000000	-115.378000	0.000000	-98.042000	0.000000	-51.739000	0.000000	-341.974000	0.000000	-119.067000	0.000000	81.684000	0.000000

2024-08-26	12:51:48	1724669508.455747	-43192.000502	-0.044311	-0.207240	-43.429559	133.376757	-247.108154	125.472926	-15.812780	105.006300	337.782999	77.912978	-160.310821	98.426072	100.761860	68.595519	-645.479672	104.410559	448.897940	97.391851	-241.838813	0.207928	417.011104	0.204134	-195.504000	0.000000	0.895603	6.396218	-384.624000	0.000000	-1.976000	0.000000	65.896000	0.000000	123.875000	0.000000	-195.267000	0.000000	66.843000	0.000000	-115.378000	0.000000	-98.042000	0.000000	-51.739000	0.000000	-341.974000	0.000000	-119.067000	0.000000	81.684000	0.000000

2024-08-26	12:51:49	1724669509.456161	-43191.000088	-0.044311	-0.207240	-180.642142	136.826930	-103.203429	131.939952	105.808517	208.741838	197.965030	188.036429	-121.642082	63.463972	62.414206	53.182424	-613.743211	62.512429	413.721520	59.481575	-241.968321	0.276716	417.442780	0.271167	-195.504000	0.000000	0.587546	5.912594	-384.624000	0.000000	-1.976000	0.000000	65.896000	0.000000	123.875000	0.000000	-195.267000	0.000000	66.843000	0.000000	-115.378000	0.000000	-98.042000	0.000000	-51.739000	0.000000	-341.974000	0.000000	-119.067000	0.000000	81.684000	0.000000

2024-08-26	12:51:50	1724669510.455739	-43190.000510	-0.044311	-0.207240	6.354568	228.569221	-293.860401	211.255999	144.867344	185.531979	162.106467	234.977528	-170.422437	135.473278	114.291400	106.393487	-675.063033	42.516459	475.758132	50.765577	-241.981294	0.175142	417.093554	0.228013	-195.504000	0.000000	3.837923	6.122170	-384.624000	0.000000	-1.976000	0.000000	65.896000	0.000000	123.875000	0.000000	-195.267000	0.000000	66.843000	0.000000	-115.378000	0.000000	-98.042000	0.000000	-51.739000	0.000000	-341.974000	0.000000	-119.067000	0.000000	81.684000	0.000000

2024-08-26	12:51:51	1724669511.456153	-43189.000096	-0.044311	-0.207240	-65.217113	159.257214	-209.125439	150.814445	205.694371	214.860729	114.874969	203.290465	-176.909804	105.021161	124.093402	123.289131	-596.087208	43.947138	401.694908	42.146715	-241.897735	0.228600	417.142546	0.210277	-195.504000	0.000000	11.545912	6.266394	-384.624000	0.000000	-1.976000	0.000000	65.896000	0.000000	123.875000	0.000000	-195.267000	0.000000	66.843000	0.000000	-115.378000	0.000000	-98.042000	0.000000	-51.739000	0.000000	-341.974000	0.000000	-119.067000	0.000000	81.684000	0.000000

2024-08-26	12:51:52	1724669512.455568	-43188.000680	-0.044311	-0.207240	-72.223730	177.520631	-198.519011	232.836891	129.368449	94.192868	224.489327	151.523399	-98.949748	110.011807	62.454191	134.702982	-640.386774	70.463130	444.296609	67.645486	-242.212404	0.141090	417.092012	0.199532	-195.504000	0.000000	-0.633130	14.586769	-384.624000	0.000000	-1.976000	0.000000	65.896000	0.000000	123.875000	0.000000	-195.267000	0.000000	66.843000	0.000000	-115.378000	0.000000	-98.042000	0.000000	-51.739000	0.000000	-341.974000	0.000000	-119.067000	0.000000	81.684000	0.000000

2024-08-26	12:51:53	1724669513.455983	-43187.000266	-0.044311	-0.207240	-132.088284	158.933798	-143.259709	165.985232	217.686189	144.102546	76.622665	208.312757	-192.823019	162.081096	115.394144	164.606450	-589.086637	67.041855	393.756250	65.280761	-242.364200	0.211786	416.927817	0.120844	-195.504000	0.000000	3.573376	5.583328	-384.624000	0.000000	-1.976000	0.000000	65.896000	0.000000	123.875000	0.000000	-195.267000	0.000000	66.843000	0.000000	-115.378000	0.000000	-98.042000	0.000000	-51.739000	0.000000	-341.974000	0.000000	-119.067000	0.000000	81.684000	0.000000

2024-08-26	12:51:54	1724669514.456397	-43185.999852	-0.044311	-0.213862	71.059961	165.221623	-348.918746	235.945141	127.765345	130.518167	197.954466	138.701909	-145.917022	151.824201	106.371032	103.687265	-604.419345	84.922534	410.872647	81.303271	-242.356996	0.235925	417.046430	0.132336	-195.504000	0.000000	2.146019	7.088173	-384.624000	0.000000	-1.976000	0.000000	65.896000	0.000000	123.875000	0.000000	-195.267000	0.000000	66.843000	0.000000	-115.378000	0.000000	-98.042000	0.000000	-51.739000	0.000000	-341.974000	0.000000	-119.067000	0.000000	81.684000	0.000000

2024-08-26	12:51:55	1724669515.455923	-43185.000326	-0.044311	-0.213862	-276.469324	132.748263	-23.117867	122.788844	188.497624	155.489883	94.317732	161.085147	-213.194090	107.983366	149.000087	69.270025	-633.211946	46.180215	429.263932	47.342717	-242.304556	0.118987	416.899121	0.175130	-195.504000	0.000000	3.523500	5.086127	-384.624000	0.000000	-1.976000	0.000000	65.896000	0.000000	123.875000	0.000000	-195.267000	0.000000	66.843000	0.000000	-115.378000	0.000000	-98.042000	0.000000	-51.739000	0.000000	-341.974000	0.000000	-119.067000	0.000000	81.684000	0.000000

2024-08-26	12:51:56	1724669516.456337	-43183.999911	-0.044311	-0.213862	-65.833435	147.807398	-230.800622	174.730298	163.848169	209.945480	148.315635	189.950912	-115.755217	16.793671	59.459018	34.645917	-648.046172	38.950703	448.452362	33.614889	-242.335076	0.131434	417.097378	0.169368	-195.504000	0.000000	3.842173	10.283722	-384.624000	0.000000	-1.976000	0.000000	65.896000	0.000000	123.875000	0.000000	-195.267000	0.000000	66.843000	0.000000	-115.378000	0.000000	-98.042000	0.000000	-51.739000	0.000000	-341.974000	0.000000	-119.067000	0.000000	81.684000	0.000000

2024-08-26	12:51:57	1724669517.455770	-43183.000479	-0.044311	-0.213862	-87.170594	75.616939	-171.641376	25.536461	153.899259	227.207785	188.441276	208.461310	-192.066344	171.427904	151.623285	152.436712	-626.806006	55.186991	432.326671	45.572393	-242.198110	0.129596	417.419802	0.210078	-195.504000	0.000000	-7.591666	9.164943	-384.624000	0.000000	-1.976000	0.000000	65.896000	0.000000	123.875000	0.000000	-195.267000	0.000000	66.843000	0.000000	-115.378000	0.000000	-98.042000	0.000000	-51.739000	0.000000	-341.974000	0.000000	-119.067000	0.000000	81.684000	0.000000

2024-08-26	12:51:58	1724669518.456168	-43182.000081	-0.044311	-0.213862	-260.279273	95.978529	-32.137826	69.215545	87.234027	258.262045	213.636548	267.675889	-166.824134	89.918905	101.422874	78.027237	-611.599395	45.835611	412.799522	40.678117	-242.395369	0.242221	417.289683	0.180345	-195.504000	0.000000	-2.782097	5.281205	-384.624000	0.000000	-1.976000	0.000000	65.896000	0.000000	123.875000	0.000000	-195.267000	0.000000	66.843000	0.000000	-115.378000	0.000000	-98.042000	0.000000	-51.739000	0.000000	-341.974000	0.000000	-119.067000	0.000000	81.684000	0.000000

2024-08-26	12:51:59	1724669519.455582	-43181.000667	-0.044311	-0.213862	36.952694	140.969417	-330.428524	149.481911	153.702283	101.264911	161.809574	79.611725	-160.923652	97.409464	101.087076	87.709015	-653.339119	25.341417	456.271681	25.857453	-242.462255	0.257885	417.599515	0.262995	-195.504000	0.000000	-3.101328	7.171159	-384.624000	0.000000	-1.976000	0.000000	65.896000	0.000000	123.875000	0.000000	-195.267000	0.000000	66.843000	0.000000	-115.378000	0.000000	-98.042000	0.000000	-51.739000	0.000000	-341.974000	0.000000	-119.067000	0.000000	81.684000	0.000000

2024-08-26	12:52:00	1724669520.456038	-43180.000210	-0.044311	-0.200625	-87.009146	309.096416	-196.566154	327.753425	103.214460	194.028020	205.037351	184.013412	-153.333761	89.739819	103.330096	50.757058	-651.328944	42.684287	450.980151	36.165305	-242.398689	0.224681	417.205352	0.207459	-195.504000	0.000000	0.895852	7.164352	-384.624000	0.000000	-1.976000	0.000000	65.896000	0.000000	123.875000	0.000000	-195.267000	0.000000	66.843000	0.000000	-115.378000	0.000000	-98.042000	0.000000	-51.739000	0.000000	-341.974000	0.000000	-119.067000	0.000000	81.684000	0.000000

2024-08-26	12:52:01	1724669521.455691	-43179.000558	-0.044311	-0.200625	-179.471985	315.955974	-101.893636	310.969687	162.819833	275.631794	161.649480	284.683610	-162.972063	44.349017	110.632906	43.127801	-650.905954	73.811933	455.718692	63.716805	-242.275968	0.097314	416.981004	0.171648	-195.504000	0.000000	3.811144	5.248502	-384.624000	0.000000	-1.976000	0.000000	65.896000	0.000000	123.875000	0.000000	-195.267000	0.000000	66.843000	0.000000	-115.378000	0.000000	-98.042000	0.000000	-51.739000	0.000000	-341.974000	0.000000	-119.067000	0.000000	81.684000	0.000000

2024-08-26	12:52:02	1724669522.456107	-43178.000142	-0.044311	-0.200625	-68.011731	214.696086	-232.761663	202.256262	70.368696	211.055688	215.280903	291.432310	-168.280870	115.509176	92.602543	137.464162	-654.612529	69.771984	446.116683	65.570320	-242.342924	0.239846	416.891812	0.325576	-195.504000	0.000000	-3.911396	6.917726	-384.624000	0.000000	-1.976000	0.000000	65.896000	0.000000	123.875000	0.000000	-195.267000	0.000000	66.843000	0.000000	-115.378000	0.000000	-98.042000	0.000000	-51.739000	0.000000	-341.974000	0.000000	-119.067000	0.000000	81.684000	0.000000

2024-08-26	12:52:03	1724669523.455521	-43177.000728	-0.044311	-0.200625	-125.234871	139.621581	-157.977305	140.052941	181.861363	102.704203	130.350502	99.973120	-142.548936	61.413614	83.499264	61.825243	-602.465931	21.565890	410.264301	21.601390	-242.508364	0.228598	417.221347	0.154548	-195.504000	0.000000	7.280564	7.440827	-384.624000	0.000000	-1.976000	0.000000	65.896000	0.000000	123.875000	0.000000	-195.267000	0.000000	66.843000	0.000000	-115.378000	0.000000	-98.042000	0.000000	-51.739000	0.000000	-341.974000	0.000000	-119.067000	0.000000	81.684000	0.000000

2024-08-26	12:52:04	1724669524.455935	-43176.000313	-0.044311	-0.200625	-32.099059	167.047632	-241.210926	164.276259	161.832766	156.312864	169.318134	153.232742	-129.357604	174.389117	83.519347	140.465449	-610.519340	61.248465	413.627670	56.408605	-242.500059	0.119026	417.756952	0.221245	-195.504000	0.000000	0.866483	5.984544	-384.624000	0.000000	-1.976000	0.000000	65.896000	0.000000	123.875000	0.000000	-195.267000	0.000000	66.843000	0.000000	-115.378000	0.000000	-98.042000	0.000000	-51.739000	0.000000	-341.974000	0.000000	-119.067000	0.000000	81.684000	0.000000

2024-08-26	12:52:05	1724669525.455351	-43175.000898	-0.044311	-0.200625	-72.886343	152.486768	-227.836370	127.261079	160.572312	75.256771	130.917697	159.721006	-231.828179	81.673248	176.864273	80.231978	-645.587240	61.215102	446.675218	50.456686	-242.654497	0.108021	417.463547	0.313816	-195.504000	0.000000	-1.385531	9.762746	-384.624000	0.000000	-1.976000	0.000000	65.896000	0.000000	123.875000	0.000000	-195.267000	0.000000	66.843000	0.000000	-115.378000	0.000000	-98.042000	0.000000	-51.739000	0.000000	-341.974000	0.000000	-119.067000	0.000000	81.684000	0.000000

2024-08-26	12:52:06	1724669526.455596	-43174.000652	-0.044311	-0.207240	-170.219520	177.051398	-92.933873	152.352232	196.234570	221.632142	130.969296	238.411894	-40.282289	147.184241	-10.556586	128.363447	-628.672464	48.029051	429.250024	48.527190	-242.020670	0.191394	417.165870	0.140066	-195.504000	0.000000	0.020653	11.345337	-384.624000	0.000000	-1.976000	0.000000	65.896000	0.000000	123.875000	0.000000	-195.267000	0.000000	66.843000	0.000000	-115.378000	0.000000	-98.042000	0.000000	-51.739000	0.000000	-341.974000	0.000000	-119.067000	0.000000	81.684000	0.000000

2024-08-26	12:52:07	1724669527.456011	-43173.000238	-0.044311	-0.207240	-261.296326	151.157244	-19.180490	116.679329	127.722723	179.232166	191.627463	139.112707	-195.706417	127.058879	144.519925	102.093843	-647.197882	43.358503	451.212839	47.120385	-242.100935	0.235301	417.486415	0.317438	-195.504000	0.000000	8.709344	5.901095	-384.624000	0.000000	-1.976000	0.000000	65.896000	0.000000	123.875000	0.000000	-195.267000	0.000000	66.843000	0.000000	-115.378000	0.000000	-98.042000	0.000000	-51.739000	0.000000	-341.974000	0.000000	-119.067000	0.000000	81.684000	0.000000

2024-08-26	12:52:08	1724669528.455426	-43172.000823	-0.044311	-0.207240	81.215561	93.720248	-388.227405	120.731883	130.688760	58.512298	156.289076	160.492689	-136.648483	142.726046	72.375972	98.804708	-621.371380	72.069821	423.912289	78.582480	-242.244764	0.206583	417.503601	0.177906	-195.504000	0.000000	6.399196	6.668679	-384.624000	0.000000	-1.976000	0.000000	65.896000	0.000000	123.875000	0.000000	-195.267000	0.000000	66.843000	0.000000	-115.378000	0.000000	-98.042000	0.000000	-51.739000	0.000000	-341.974000	0.000000	-119.067000	0.000000	81.684000	0.000000

2024-08-26	12:52:09	1724669529.455841	-43171.000408	-0.044311	-0.207240	14.379779	203.989680	-281.653346	234.453960	158.258922	122.319958	167.537070	106.600143	-171.529118	125.541980	126.705835	138.522130	-571.412708	88.363075	373.814217	86.613586	-242.131207	0.212701	417.740490	0.324450	-195.504000	0.000000	4.788740	8.392569	-384.624000	0.000000	-1.976000	0.000000	65.896000	0.000000	123.875000	0.000000	-195.267000	0.000000	66.843000	0.000000	-115.378000	0.000000	-98.042000	0.000000	-51.739000	0.000000	-341.974000	0.000000	-119.067000	0.000000	81.684000	0.000000

2024-08-26	12:52:10	1724669530.456255	-43169.999994	-0.044311	-0.207240	-228.413726	268.696164	-50.407532	262.240519	199.160353	85.357447	117.927022	61.845715	-220.351497	82.257559	158.595333	90.419632	-646.754263	38.572707	449.757559	46.419533	-242.431197	0.237879	417.703392	0.151640	-195.504000	0.000000	-2.155456	5.738302	-384.624000	0.000000	-1.976000	0.000000	65.896000	0.000000	123.875000	0.000000	-195.267000	0.000000	66.843000	0.000000	-115.378000	0.000000	-98.042000	0.000000	-51.739000	0.000000	-341.974000	0.000000	-119.067000	0.000000	81.684000	0.000000

2024-08-26	12:52:11	1724669531.456192	-43169.000057	-0.044311	-0.207240	7.042133	111.311748	-291.894383	108.845469	154.375614	87.583616	163.291397	113.930872	-119.491370	155.056369	68.817858	137.815849	-634.038785	31.684968	442.999382	38.817847	-242.158146	0.162799	417.655996	0.140664	-195.504000	0.000000	1.786744	5.884818	-384.624000	0.000000	-1.976000	0.000000	65.896000	0.000000	123.875000	0.000000	-195.267000	0.000000	66.843000	0.000000	-115.378000	0.000000	-98.042000	0.000000	-51.739000	0.000000	-341.974000	0.000000	-119.067000	0.000000	81.684000	0.000000

2024-08-26	12:52:12	1724669532.455624	-43168.000625	-0.044311	-0.200625	-270.236311	87.270418	-5.503210	108.888508	79.601776	187.280566	248.692880	196.755413	-153.267759	147.170018	98.735772	152.150927	-629.972988	26.544266	429.424212	29.411650	-241.833498	0.142985	417.358318	0.160538	-195.504000	0.000000	-3.982273	5.510758	-384.624000	0.000000	-1.976000	0.000000	65.896000	0.000000	123.875000	0.000000	-195.267000	0.000000	66.843000	0.000000	-115.378000	0.000000	-98.042000	0.000000	-51.739000	0.000000	-341.974000	0.000000	-119.067000	0.000000	81.684000	0.000000

2024-08-26	12:52:13	1724669533.456021	-43167.000228	-0.044311	-0.200625	-108.374935	211.468927	-179.118202	232.904763	99.052857	156.694804	228.733478	213.665524	-124.841497	95.609098	72.907909	118.871923	-637.797933	38.926339	443.110115	34.114995	-242.293278	0.247194	417.234220	0.175623	-195.504000	0.000000	-3.415198	9.898027	-384.624000	0.000000	-1.976000	0.000000	65.896000	0.000000	123.875000	0.000000	-195.267000	0.000000	66.843000	0.000000	-115.378000	0.000000	-98.042000	0.000000	-51.739000	0.000000	-341.974000	0.000000	-119.067000	0.000000	81.684000	0.000000

2024-08-26	12:52:14	1724669534.455436	-43166.000813	-0.044311	-0.200625	-140.546265	109.008213	-158.029970	127.340290	153.804455	92.082866	138.921859	93.251824	-191.014875	52.599630	123.203702	39.490509	-638.317561	40.890355	433.239377	42.072604	-242.035115	0.219452	417.327859	0.290810	-195.504000	0.000000	-7.429136	10.659596	-384.624000	0.000000	-1.976000	0.000000	65.896000	0.000000	123.875000	0.000000	-195.267000	0.000000	66.843000	0.000000	-115.378000	0.000000	-98.042000	0.000000	-51.739000	0.000000	-341.974000	0.000000	-119.067000	0.000000	81.684000	0.000000

2024-08-26	12:52:15	1724669535.455851	-43165.000398	-0.044311	-0.200625	17.815739	137.061541	-294.903686	133.974004	189.885237	91.134855	145.066578	83.991837	-155.892297	76.138586	110.863361	66.305917	-626.321310	33.167536	436.317623	35.849543	-242.158436	0.244593	417.315152	0.314701	-195.504000	0.000000	2.771762	6.226634	-384.624000	0.000000	-1.976000	0.000000	65.896000	0.000000	123.875000	0.000000	-195.267000	0.000000	66.843000	0.000000	-115.378000	0.000000	-98.042000	0.000000	-51.739000	0.000000	-341.974000	0.000000	-119.067000	0.000000	81.684000	0.000000

2024-08-26	12:52:16	1724669536.455534	-43164.000715	-0.044311	-0.200625	-211.763181	69.096283	-89.647374	61.212240	61.330828	126.201990	219.804007	54.738087	-198.632333	147.734977	123.080672	110.231727	-612.934905	65.045155	410.264247	55.358573	-241.993168	0.205698	417.050936	0.184641	-195.504000	0.000000	1.230718	5.552650	-384.624000	0.000000	-1.976000	0.000000	65.896000	0.000000	123.875000	0.000000	-195.267000	0.000000	66.843000	0.000000	-115.378000	0.000000	-98.042000	0.000000	-51.739000	0.000000	-341.974000	0.000000	-119.067000	0.000000	81.684000	0.000000

2024-08-26	12:52:17	1724669537.456966	-43162.999283	-0.044311	-0.200625	-130.176296	344.694335	-148.287108	284.588061	106.118204	128.789985	235.370753	213.458904	-71.564162	77.362684	27.907913	54.579411	-616.068682	50.473987	421.688712	39.404171	-241.988805	0.170311	417.353764	0.192106	-195.504000	0.000000	-0.714904	6.022088	-384.624000	0.000000	-1.976000	0.000000	65.896000	0.000000	123.875000	0.000000	-195.267000	0.000000	66.843000	0.000000	-115.378000	0.000000	-98.042000	0.000000	-51.739000	0.000000	-341.974000	0.000000	-119.067000	0.000000	81.684000	0.000000

2024-08-26	12:52:18	1724669538.456381	-43161.999868	-0.044311	-0.200625	110.981062	245.326971	-379.108402	248.705063	159.255644	114.169161	170.242102	260.386535	-165.495590	85.234158	114.949742	60.590718	-606.574757	55.476486	412.870186	32.499025	-242.231485	0.211978	417.526835	0.108198	-195.504000	0.000000	-1.382938	5.590332	-384.624000	0.000000	-1.976000	0.000000	65.896000	0.000000	123.875000	0.000000	-195.267000	0.000000	66.843000	0.000000	-115.378000	0.000000	-98.042000	0.000000	-51.739000	0.000000	-341.974000	0.000000	-119.067000	0.000000	81.684000	0.000000

2024-08-26	12:52:19	1724669539.456778	-43160.999471	-0.044311	-0.200625	20.388235	377.508782	-306.678536	377.956952	167.205247	115.959201	140.955620	137.688535	-108.725722	204.848807	50.664765	165.602628	-633.280537	73.075995	431.688589	61.839019	-242.270301	0.176381	417.542552	0.205421	-195.504000	0.000000	-4.063483	5.667091	-384.624000	0.000000	-1.976000	0.000000	65.896000	0.000000	123.875000	0.000000	-195.267000	0.000000	66.843000	0.000000	-115.378000	0.000000	-98.042000	0.000000	-51.739000	0.000000	-341.974000	0.000000	-119.067000	0.000000	81.684000	0.000000

2024-08-26	12:52:20	1724669540.456193	-43160.000056	-0.044311	-0.200625	-234.258633	236.473784	-65.538832	253.857868	162.580646	143.636274	121.238837	82.528988	-187.005634	86.604832	115.876640	92.809239	-671.811048	71.822681	469.688781	66.442641	-242.165341	0.138581	417.498767	0.234358	-195.504000	0.000000	-1.920108	5.939216	-384.624000	0.000000	-1.976000	0.000000	65.896000	0.000000	123.875000	0.000000	-195.267000	0.000000	66.843000	0.000000	-115.378000	0.000000	-98.042000	0.000000	-51.739000	0.000000	-341.974000	0.000000	-119.067000	0.000000	81.684000	0.000000

2024-08-26	12:52:21	1724669541.456590	-43158.999659	-0.044311	-0.200625	-154.898731	412.185344	-124.522732	429.922139	104.161356	295.570386	221.715464	321.608296	-212.143189	148.354038	155.312614	123.404156	-663.950352	30.509932	461.878011	25.874932	-241.921736	0.134748	417.502310	0.134877	-195.504000	0.000000	-5.804889	6.290382	-384.624000	0.000000	-1.976000	0.000000	65.896000	0.000000	123.875000	0.000000	-195.267000	0.000000	66.843000	0.000000	-115.378000	0.000000	-98.042000	0.000000	-51.739000	0.000000	-341.974000	0.000000	-119.067000	0.000000	81.684000	0.000000

2024-08-26	12:52:22	1724669542.456986	-43157.999262	-0.044311	-0.200625	-2.819125	205.167471	-291.656266	179.126820	181.525767	187.396676	120.695609	236.643077	-160.816416	95.150128	109.970353	88.405464	-630.151973	56.459733	432.764690	49.224061	-241.854856	0.187794	417.196744	0.181215	-195.504000	0.000000	0.369662	8.089754	-384.624000	0.000000	-1.976000	0.000000	65.896000	0.000000	123.875000	0.000000	-195.267000	0.000000	66.843000	0.000000	-115.378000	0.000000	-98.042000	0.000000	-51.739000	0.000000	-341.974000	0.000000	-119.067000	0.000000	81.684000	0.000000

2024-08-26	12:52:23	1724669543.456401	-43156.999848	-0.044311	-0.220485	-53.036499	187.830166	-227.928883	210.519801	68.924976	177.566923	252.418403	208.138540	-227.985911	135.894225	168.388619	135.600125	-612.777544	63.789047	418.632207	58.957788	-242.084916	0.120934	417.377102	0.180590	-195.504000	0.000000	4.608199	10.782367	-384.624000	0.000000	-1.976000	0.000000	65.896000	0.000000	123.875000	0.000000	-195.267000	0.000000	66.843000	0.000000	-115.378000	0.000000	-98.042000	0.000000	-51.739000	0.000000	-341.974000	0.000000	-119.067000	0.000000	81.684000	0.000000

2024-08-26	12:52:24	1724669544.456834	-43155.999414	-0.044311	-0.220485	-15.381999	163.788963	-263.219942	170.609665	128.599216	115.673333	200.782189	136.192807	-151.346261	91.961668	100.974211	94.084443	-597.620126	64.621024	403.787439	59.067597	-242.169232	0.246593	417.310814	0.170181	-195.504000	0.000000	-5.658558	6.418155	-384.624000	0.000000	-1.976000	0.000000	65.896000	0.000000	123.875000	0.000000	-195.267000	0.000000	66.843000	0.000000	-115.378000	0.000000	-98.042000	0.000000	-51.739000	0.000000	-341.974000	0.000000	-119.067000	0.000000	81.684000	0.000000

2024-08-26	12:52:25	1724669545.456231	-43155.000018	-0.044311	-0.220485	-132.683500	153.618531	-154.224223	176.139451	136.639951	259.281492	165.229147	186.361296	-133.045788	100.469590	75.024911	123.676312	-656.249287	87.813687	458.076336	79.763437	-242.322409	0.143509	417.435200	0.177327	-195.504000	0.000000	4.425438	7.961734	-384.624000	0.000000	-1.976000	0.000000	65.896000	0.000000	123.875000	0.000000	-195.267000	0.000000	66.843000	0.000000	-115.378000	0.000000	-98.042000	0.000000	-51.739000	0.000000	-341.974000	0.000000	-119.067000	0.000000	81.684000	0.000000

2024-08-26	12:52:26	1724669546.456647	-43153.999601	-0.044311	-0.220485	-48.384739	137.942858	-225.892572	111.618593	143.365908	140.886703	184.055376	112.836632	-117.173765	173.450860	73.723691	198.770946	-624.148599	23.344170	429.787082	31.511969	-241.894003	0.231508	417.189699	0.149311	-195.504000	0.000000	0.869009	11.481198	-384.624000	0.000000	-1.976000	0.000000	65.896000	0.000000	123.875000	0.000000	-195.267000	0.000000	66.843000	0.000000	-115.378000	0.000000	-98.042000	0.000000	-51.739000	0.000000	-341.974000	0.000000	-119.067000	0.000000	81.684000	0.000000

2024-08-26	12:52:27	1724669547.456573	-43152.999675	-0.044311	-0.220485	-130.245861	201.448436	-160.121337	188.832707	144.782683	134.396137	179.831567	158.629759	-155.167527	110.141490	97.631109	57.776854	-644.222766	67.638712	448.642818	62.469455	-242.108083	0.267342	417.552155	0.178981	-195.504000	0.000000	-8.395679	5.536311	-384.624000	0.000000	-1.976000	0.000000	65.896000	0.000000	123.875000	0.000000	-195.267000	0.000000	66.843000	0.000000	-115.378000	0.000000	-98.042000	0.000000	-51.739000	0.000000	-341.974000	0.000000	-119.067000	0.000000	81.684000	0.000000

2024-08-26	12:52:28	1724669548.456989	-43151.999260	-0.044311	-0.220485	-147.838056	105.652693	-134.687695	118.333122	150.911313	124.301705	146.034650	126.173146	-130.352459	67.981430	79.020621	54.978165	-608.232371	38.031850	412.625422	46.466026	-242.214482	0.236524	417.623642	0.184596	-195.504000	0.000000	-0.772158	7.586427	-384.624000	0.000000	-1.976000	0.000000	65.896000	0.000000	123.875000	0.000000	-195.267000	0.000000	66.843000	0.000000	-115.378000	0.000000	-98.042000	0.000000	-51.739000	0.000000	-341.974000	0.000000	-119.067000	0.000000	81.684000	0.000000

2024-08-26	12:52:29	1724669549.456404	-43150.999845	-0.044311	-0.220485	-177.613894	104.686582	-96.084555	120.148549	90.649263	86.663593	222.301475	109.855285	-218.360877	112.913458	167.521607	107.215626	-586.753069	35.396284	388.632236	38.862272	-242.265377	0.163698	417.401447	0.198984	-195.504000	0.000000	-2.160312	5.352647	-384.624000	0.000000	-1.976000	0.000000	65.896000	0.000000	123.875000	0.000000	-195.267000	0.000000	66.843000	0.000000	-115.378000	0.000000	-98.042000	0.000000	-51.739000	0.000000	-341.974000	0.000000	-119.067000	0.000000	81.684000	0.000000

2024-08-26	12:52:30	1724669550.456818	-43149.999431	-0.044311	-0.220485	-125.079881	119.169012	-163.962829	137.976218	194.500672	140.166051	125.180228	176.239442	-125.568597	54.134940	70.835780	51.277150	-597.893818	18.137329	401.125751	23.592793	-242.774010	0.162051	417.304944	0.165601	-195.504000	0.000000	3.543005	4.984460	-384.624000	0.000000	-1.976000	0.000000	65.896000	0.000000	123.875000	0.000000	-195.267000	0.000000	66.843000	0.000000	-115.378000	0.000000	-98.042000	0.000000	-51.739000	0.000000	-341.974000	0.000000	-119.067000	0.000000	81.684000	0.000000

2024-08-26	12:52:31	1724669551.456233	-43149.000016	-0.044311	-0.220485	-168.668673	97.362966	-112.451304	104.996601	73.882472	230.160206	237.032639	207.192472	-92.928075	97.747664	26.273307	88.949456	-630.215756	35.017171	434.946617	24.298961	-242.465093	0.185190	417.452749	0.129718	-195.504000	0.000000	0.701863	8.595355	-384.624000	0.000000	-1.976000	0.000000	65.896000	0.000000	123.875000	0.000000	-195.267000	0.000000	66.843000	0.000000	-115.378000	0.000000	-98.042000	0.000000	-51.739000	0.000000	-341.974000	0.000000	-119.067000	0.000000	81.684000	0.000000

2024-08-26	12:52:32	1724669552.456537	-43147.999712	-0.044311	-0.220485	-45.449300	148.709269	-208.727547	145.307906	213.196823	81.620493	142.801444	93.141282	-174.375323	104.323574	146.592957	65.578927	-592.289795	42.752263	402.767094	36.820399	-242.327681	0.162378	417.383437	0.127615	-195.504000	0.000000	2.725222	6.239986	-384.624000	0.000000	-1.976000	0.000000	65.896000	0.000000	123.875000	0.000000	-195.267000	0.000000	66.843000	0.000000	-115.378000	0.000000	-98.042000	0.000000	-51.739000	0.000000	-341.974000	0.000000	-119.067000	0.000000	81.684000	0.000000

2024-08-26	12:52:33	1724669553.456952	-43146.999297	-0.044311	-0.220485	-134.692685	258.386806	-175.452575	284.428415	206.097410	164.457751	48.827117	106.763186	-127.535449	132.202984	47.484959	97.619995	-688.320534	105.434617	480.863060	94.391289	-241.764022	0.234964	417.620351	0.165639	-195.504000	0.000000	-5.190044	8.202816	-384.624000	0.000000	-1.976000	0.000000	65.896000	0.000000	123.875000	0.000000	-195.267000	0.000000	66.843000	0.000000	-115.378000	0.000000	-98.042000	0.000000	-51.739000	0.000000	-341.974000	0.000000	-119.067000	0.000000	81.684000	0.000000

2024-08-26	12:52:34	1724669554.456367	-43145.999881	-0.044311	-0.200625	13.993624	123.260325	-301.691737	117.259469	86.066632	135.785481	237.147424	224.018903	-194.274924	145.617445	134.392690	117.662225	-647.773991	159.732530	447.534548	156.918102	-242.144842	0.145552	417.756763	0.187498	-195.504000	0.000000	-4.379147	8.135273	-384.624000	0.000000	-1.976000	0.000000	65.896000	0.000000	123.875000	0.000000	-195.267000	0.000000	66.843000	0.000000	-115.378000	0.000000	-98.042000	0.000000	-51.739000	0.000000	-341.974000	0.000000	-119.067000	0.000000	81.684000	0.000000

2024-08-26	12:52:35	1724669555.456781	-43144.999467	-0.044311	-0.200625	-92.840567	105.316204	-175.466244	114.435539	120.180302	64.349190	198.687114	98.793628	-154.216248	199.649407	105.945905	167.200141	-595.835999	31.270874	402.544721	26.722794	-242.334564	0.246939	417.709745	0.265686	-195.504000	0.000000	1.900902	7.201926	-384.624000	0.000000	-1.976000	0.000000	65.896000	0.000000	123.875000	0.000000	-195.267000	0.000000	66.843000	0.000000	-115.378000	0.000000	-98.042000	0.000000	-51.739000	0.000000	-341.974000	0.000000	-119.067000	0.000000	81.684000	0.000000

2024-08-26	12:52:36	1724669556.456197	-43144.000052	-0.044311	-0.200625	-175.619409	256.352221	-118.430975	238.651720	179.349532	147.592491	123.039313	105.780652	-118.470291	128.755920	63.683167	138.856354	-620.295692	35.053769	425.733384	34.718305	-242.572974	0.145055	417.776106	0.243347	-195.504000	0.000000	3.618175	7.785928	-384.624000	0.000000	-1.976000	0.000000	65.896000	0.000000	123.875000	0.000000	-195.267000	0.000000	66.843000	0.000000	-115.378000	0.000000	-98.042000	0.000000	-51.739000	0.000000	-341.974000	0.000000	-119.067000	0.000000	81.684000	0.000000

2024-08-26	12:52:37	1724669557.456587	-43142.999662	-0.044311	-0.200625	-205.997203	186.079919	-74.291057	170.349745	82.499711	132.174413	244.380264	185.007677	-178.842406	93.884886	126.391713	93.043151	-619.059185	85.386989	422.641525	84.514599	-242.602602	0.159650	417.802806	0.224415	-195.504000	0.000000	-0.182605	6.055782	-384.624000	0.000000	-1.976000	0.000000	65.896000	0.000000	123.875000	0.000000	-195.267000	0.000000	66.843000	0.000000	-115.378000	0.000000	-98.042000	0.000000	-51.739000	0.000000	-341.974000	0.000000	-119.067000	0.000000	81.684000	0.000000

2024-08-26	12:52:38	1724669558.456002	-43142.000247	-0.044311	-0.200625	-142.751942	295.153782	-122.196544	320.039802	213.276848	80.163125	138.011412	85.098228	-120.696158	103.348944	75.865358	92.959492	-616.422701	29.866753	421.572251	27.150999	-242.364372	0.142561	417.744262	0.219336	-195.504000	0.000000	-0.320366	5.669929	-384.624000	0.000000	-1.976000	0.000000	65.896000	0.000000	123.875000	0.000000	-195.267000	0.000000	66.843000	0.000000	-115.378000	0.000000	-98.042000	0.000000	-51.739000	0.000000	-341.974000	0.000000	-119.067000	0.000000	81.684000	0.000000

2024-08-26	12:52:39	1724669559.456416	-43140.999833	-0.044311	-0.200625	-14.903982	114.157064	-273.652436	81.714308	105.350788	225.515092	196.763397	168.197542	-183.088077	79.310783	123.104660	65.035388	-647.236057	59.428557	448.997524	52.735078	-242.507277	0.193853	417.986960	0.152969	-195.504000	0.000000	0.125124	12.386234	-384.624000	0.000000	-1.976000	0.000000	65.896000	0.000000	123.875000	0.000000	-195.267000	0.000000	66.843000	0.000000	-115.378000	0.000000	-98.042000	0.000000	-51.739000	0.000000	-341.974000	0.000000	-119.067000	0.000000	81.684000	0.000000

2024-08-26	12:52:40	1724669560.456831	-43139.999418	-0.044311	-0.220485	-89.555680	70.542825	-203.480681	74.829932	207.718375	212.385730	87.536725	235.777190	-102.263594	100.725828	51.264187	90.807852	-603.190997	66.214643	408.437797	63.762269	-242.481371	0.273053	417.621417	0.159330	-195.504000	0.000000	0.679344	8.615075	-384.624000	0.000000	-1.976000	0.000000	65.896000	0.000000	123.875000	0.000000	-195.267000	0.000000	66.843000	0.000000	-115.378000	0.000000	-98.042000	0.000000	-51.739000	0.000000	-341.974000	0.000000	-119.067000	0.000000	81.684000	0.000000

2024-08-26	12:52:41	1724669561.456246	-43139.000003	-0.044311	-0.220485	-238.268477	179.290530	-43.019575	151.919716	77.357100	175.893112	233.875994	209.004175	-250.915282	62.115839	193.581354	46.057348	-642.680107	28.188707	443.418291	22.418947	-242.177597	0.166371	417.428057	0.190945	-195.504000	0.000000	1.875786	4.574739	-384.624000	0.000000	-1.976000	0.000000	65.896000	0.000000	123.875000	0.000000	-195.267000	0.000000	66.843000	0.000000	-115.378000	0.000000	-98.042000	0.000000	-51.739000	0.000000	-341.974000	0.000000	-119.067000	0.000000	81.684000	0.000000

2024-08-26	12:52:42	1724669562.456868	-43137.999381	-0.044311	-0.220485	-151.015262	149.000749	-112.905956	157.084843	153.892306	185.943080	169.685707	209.392213	-67.559218	151.080750	21.116573	121.066710	-627.643812	71.439201	434.271479	68.850380	-242.192845	0.222583	417.420523	0.179403	-195.504000	0.000000	6.534805	7.487343	-384.624000	0.000000	-1.976000	0.000000	65.896000	0.000000	123.875000	0.000000	-195.267000	0.000000	66.843000	0.000000	-115.378000	0.000000	-98.042000	0.000000	-51.739000	0.000000	-341.974000	0.000000	-119.067000	0.000000	81.684000	0.000000

2024-08-26	12:52:43	1724669563.456284	-43136.999965	-0.044311	-0.220485	-85.532223	126.281353	-207.486995	144.628738	175.979472	153.312285	127.509485	173.082457	-205.785578	79.269691	137.219585	53.392895	-614.903327	49.142892	418.578984	46.202734	-242.192010	0.189078	417.770436	0.253025	-195.504000	0.000000	-4.787448	6.359399	-384.624000	0.000000	-1.976000	0.000000	65.896000	0.000000	123.875000	0.000000	-195.267000	0.000000	66.843000	0.000000	-115.378000	0.000000	-98.042000	0.000000	-51.739000	0.000000	-341.974000	0.000000	-119.067000	0.000000	81.684000	0.000000

2024-08-26	12:52:44	1724669564.456699	-43135.999550	-0.044311	-0.220485	65.972812	233.626456	-347.022245	232.105285	136.013121	86.711432	191.854788	124.407684	-91.153483	137.701784	47.602408	103.219210	-616.910385	29.238279	423.338023	36.278289	-242.384758	0.225226	417.411495	0.191180	-195.504000	0.000000	-0.543864	5.138036	-384.624000	0.000000	-1.976000	0.000000	65.896000	0.000000	123.875000	0.000000	-195.267000	0.000000	66.843000	0.000000	-115.378000	0.000000	-98.042000	0.000000	-51.739000	0.000000	-341.974000	0.000000	-119.067000	0.000000	81.684000	0.000000

2024-08-26	12:52:45	1724669565.456113	-43135.000136	-0.044311	-0.220485	-128.887839	203.121547	-156.196462	176.951883	187.110804	124.933949	128.669388	108.438054	-128.643291	107.605749	71.723058	86.681305	-641.635004	28.654978	440.742548	24.862626	-241.962239	0.245446	417.786263	0.248420	-195.504000	0.000000	-0.769527	8.394471	-384.624000	0.000000	-1.976000	0.000000	65.896000	0.000000	123.875000	0.000000	-195.267000	0.000000	66.843000	0.000000	-115.378000	0.000000	-98.042000	0.000000	-51.739000	0.000000	-341.974000	0.000000	-119.067000	0.000000	81.684000	0.000000

2024-08-26	12:52:46	1724669566.456528	-43133.999721	-0.044311	-0.220485	-60.057840	177.418049	-223.397518	163.386753	29.708305	111.537234	294.664596	119.921768	-177.753716	95.485379	127.146867	97.078933	-634.779014	83.920687	438.156456	73.459324	-242.439145	0.233949	417.531316	0.183351	-195.504000	0.000000	5.774092	5.664461	-384.624000	0.000000	-1.976000	0.000000	65.896000	0.000000	123.875000	0.000000	-195.267000	0.000000	66.843000	0.000000	-115.378000	0.000000	-98.042000	0.000000	-51.739000	0.000000	-341.974000	0.000000	-119.067000	0.000000	81.684000	0.000000

2024-08-26	12:52:47	1724669567.457638	-43132.998611	-0.044311	-0.220485	-69.576034	99.215526	-213.274454	71.650007	245.621633	217.120598	65.691762	202.908085	-259.909110	132.675798	194.929252	134.488508	-595.055505	67.648670	398.867951	62.206467	-242.293775	0.281293	417.373962	0.200314	-195.504000	0.000000	-4.211354	7.810214	-384.624000	0.000000	-1.976000	0.000000	65.896000	0.000000	123.875000	0.000000	-195.267000	0.000000	66.843000	0.000000	-115.378000	0.000000	-98.042000	0.000000	-51.739000	0.000000	-341.974000	0.000000	-119.067000	0.000000	81.684000	0.000000

2024-08-26	12:52:48	1724669568.457041	-43131.999208	-0.044311	-0.220485	-94.254563	143.728538	-189.202536	166.101046	162.190901	70.687203	144.614119	159.142889	-71.510186	86.326765	18.311335	82.958553	-635.847743	49.846288	438.299631	53.987655	-242.081581	0.179021	417.285133	0.131711	-195.504000	0.000000	1.240861	7.469151	-384.624000	0.000000	-1.976000	0.000000	65.896000	0.000000	123.875000	0.000000	-195.267000	0.000000	66.843000	0.000000	-115.378000	0.000000	-98.042000	0.000000	-51.739000	0.000000	-341.974000	0.000000	-119.067000	0.000000	81.684000	0.000000

2024-08-26	12:52:49	1724669569.457456	-43130.998793	-0.044311	-0.220485	54.688868	301.982596	-321.863817	324.911517	208.291491	126.755007	138.080743	118.490428	-179.527773	92.947391	142.948553	81.664653	-605.454149	18.320491	415.300344	17.496882	-242.002502	0.192813	417.756084	0.205568	-195.504000	0.000000	7.259439	5.976218	-384.624000	0.000000	-1.976000	0.000000	65.896000	0.000000	123.875000	0.000000	-195.267000	0.000000	66.843000	0.000000	-115.378000	0.000000	-98.042000	0.000000	-51.739000	0.000000	-341.974000	0.000000	-119.067000	0.000000	81.684000	0.000000

2024-08-26	12:52:50	1724669570.456870	-43129.999379	-0.044311	-0.220485	-160.257411	236.448735	-134.873944	232.888463	57.107127	235.338155	251.016838	222.836513	-184.311003	102.253136	127.589892	95.770870	-616.726912	47.149681	417.196383	51.213644	-242.057628	0.200845	417.387289	0.189371	-195.504000	0.000000	-2.741097	7.200788	-384.624000	0.000000	-1.976000	0.000000	65.896000	0.000000	123.875000	0.000000	-195.267000	0.000000	66.843000	0.000000	-115.378000	0.000000	-98.042000	0.000000	-51.739000	0.000000	-341.974000	0.000000	-119.067000	0.000000	81.684000	0.000000

2024-08-26	12:52:51	1724669571.457285	-43128.998964	-0.044311	-0.220485	-87.003335	109.547445	-183.473988	91.559860	159.017591	118.956072	163.736345	86.912572	-87.617731	84.302692	36.262566	60.972763	-624.135068	44.846424	431.414516	45.239573	-242.250160	0.144003	417.277744	0.213491	-195.504000	0.000000	7.502356	6.650055	-384.624000	0.000000	-1.976000	0.000000	65.896000	0.000000	123.875000	0.000000	-195.267000	0.000000	66.843000	0.000000	-115.378000	0.000000	-98.042000	0.000000	-51.739000	0.000000	-341.974000	0.000000	-119.067000	0.000000	81.684000	0.000000

2024-08-26	12:52:52	1724669572.457700	-43127.998549	-0.044311	-0.220485	-184.296248	128.506709	-113.516293	98.468650	-6.264369	275.579137	297.904570	215.722524	-225.979682	99.998183	151.701805	67.520812	-635.006209	51.322242	430.370300	52.160979	-242.162288	0.177629	417.689107	0.200603	-195.504000	0.000000	-11.116326	10.674432	-384.624000	0.000000	-1.976000	0.000000	65.896000	0.000000	123.875000	0.000000	-195.267000	0.000000	66.843000	0.000000	-115.378000	0.000000	-98.042000	0.000000	-51.739000	0.000000	-341.974000	0.000000	-119.067000	0.000000	81.684000	0.000000

2024-08-26	12:52:53	1724669573.458077	-43126.998171	-0.044311	-0.220485	-176.494873	97.549333	-98.979417	83.872974	247.306120	223.603193	73.951404	150.151840	-99.072888	136.925190	61.959860	100.058517	-558.477451	50.780785	364.049978	46.605314	-242.150235	0.274640	417.453892	0.167159	-195.504000	0.000000	-1.835284	5.894134	-384.624000	0.000000	-1.976000	0.000000	65.896000	0.000000	123.875000	0.000000	-195.267000	0.000000	66.843000	0.000000	-115.378000	0.000000	-98.042000	0.000000	-51.739000	0.000000	-341.974000	0.000000	-119.067000	0.000000	81.684000	0.000000

2024-08-26	12:52:54	1724669574.458492	-43125.997757	-0.044311	-0.220485	58.150108	95.806835	-338.228881	74.309195	223.671316	129.393109	106.494481	175.589440	-144.199888	74.399867	89.007920	91.499030	-636.358398	72.326394	440.638172	69.524460	-242.359977	0.235468	417.332007	0.215559	-195.504000	0.000000	5.541790	6.601549	-384.624000	0.000000	-1.976000	0.000000	65.896000	0.000000	123.875000	0.000000	-195.267000	0.000000	66.843000	0.000000	-115.378000	0.000000	-98.042000	0.000000	-51.739000	0.000000	-341.974000	0.000000	-119.067000	0.000000	81.684000	0.000000

2024-08-26	12:52:55	1724669575.457907	-43124.998342	-0.044311	-0.220485	-18.912496	148.276069	-252.884423	147.754636	117.305924	228.391526	207.849868	255.918588	-149.373949	201.670189	109.488690	192.625407	-579.628439	55.209934	387.413305	53.531400	-242.606076	0.206996	417.424027	0.134140	-195.504000	0.000000	1.657291	4.684326	-384.624000	0.000000	-1.976000	0.000000	65.896000	0.000000	123.875000	0.000000	-195.267000	0.000000	66.843000	0.000000	-115.378000	0.000000	-98.042000	0.000000	-51.739000	0.000000	-341.974000	0.000000	-119.067000	0.000000	81.684000	0.000000

2024-08-26	12:52:56	1724669576.458322	-43123.997927	-0.044311	-0.220485	-46.191584	58.389807	-237.331774	92.373464	74.844622	89.404125	222.200932	103.975799	-157.967126	105.094080	100.218104	101.824432	-625.268912	80.452415	424.851061	76.382108	-242.733411	0.205052	417.616982	0.224201	-195.504000	0.000000	1.751210	7.739974	-384.624000	0.000000	-1.976000	0.000000	65.896000	0.000000	123.875000	0.000000	-195.267000	0.000000	66.843000	0.000000	-115.378000	0.000000	-98.042000	0.000000	-51.739000	0.000000	-341.974000	0.000000	-119.067000	0.000000	81.684000	0.000000

2024-08-26	12:52:57	1724669577.457755	-43122.998494	-0.044311	-0.207240	-242.326345	315.008245	-46.075492	332.700799	171.365248	261.531481	154.165684	224.858793	-146.583345	170.368197	100.754058	134.729325	-662.885580	75.874297	460.649485	74.133848	-242.178664	0.193070	417.082024	0.198175	-195.504000	0.000000	-3.157640	9.472540	-384.624000	0.000000	-1.976000	0.000000	65.896000	0.000000	123.875000	0.000000	-195.267000	0.000000	66.843000	0.000000	-115.378000	0.000000	-98.042000	0.000000	-51.739000	0.000000	-341.974000	0.000000	-119.067000	0.000000	81.684000	0.000000

2024-08-26	12:52:58	1724669578.458568	-43121.997681	-0.044311	-0.207240	-3.979823	224.212165	-275.986690	230.117510	179.344692	224.947694	129.307992	242.341829	-91.096434	104.246413	33.895266	81.727976	-653.013810	46.956753	455.956476	49.256063	-242.362026	0.227684	417.295375	0.117602	-195.504000	0.000000	-0.781149	9.638008	-384.624000	0.000000	-1.976000	0.000000	65.896000	0.000000	123.875000	0.000000	-195.267000	0.000000	66.843000	0.000000	-115.378000	0.000000	-98.042000	0.000000	-51.739000	0.000000	-341.974000	0.000000	-119.067000	0.000000	81.684000	0.000000

2024-08-26	12:52:59	1724669579.458000	-43120.998249	-0.044311	-0.207240	-53.668175	167.657719	-244.663470	165.985205	163.825799	137.528143	116.423354	150.213718	-180.875484	88.748611	111.407613	50.916751	-638.735900	40.229625	440.992611	43.858493	-242.418187	0.188236	417.533283	0.279896	-195.504000	0.000000	-2.823803	8.320252	-384.624000	0.000000	-1.976000	0.000000	65.896000	0.000000	123.875000	0.000000	-195.267000	0.000000	66.843000	0.000000	-115.378000	0.000000	-98.042000	0.000000	-51.739000	0.000000	-341.974000	0.000000	-119.067000	0.000000	81.684000	0.000000

2024-08-26	12:53:00	1724669580.458397	-43119.997851	-0.044311	-0.207240	-48.725421	87.996701	-238.175063	85.793348	65.146919	136.740427	254.972472	150.718477	-179.649842	92.203690	131.247619	74.454182	-631.482143	57.860138	432.922393	53.248020	-242.463991	0.134413	417.395192	0.218881	-195.504000	0.000000	3.516744	6.508487	-384.624000	0.000000	-1.976000	0.000000	65.896000	0.000000	123.875000	0.000000	-195.267000	0.000000	66.843000	0.000000	-115.378000	0.000000	-98.042000	0.000000	-51.739000	0.000000	-341.974000	0.000000	-119.067000	0.000000	81.684000	0.000000

2024-08-26	12:53:01	1724669581.457812	-43118.998437	-0.044311	-0.207240	-306.558552	161.821809	15.715377	153.280252	89.466982	256.303042	218.483632	225.781223	-210.625657	113.419292	151.797454	92.917704	-669.333731	46.020305	467.249763	52.562141	-242.636647	0.351639	417.608704	0.099612	-195.504000	0.000000	8.206174	7.549509	-384.624000	0.000000	-1.976000	0.000000	65.896000	0.000000	123.875000	0.000000	-195.267000	0.000000	66.843000	0.000000	-115.378000	0.000000	-98.042000	0.000000	-51.739000	0.000000	-341.974000	0.000000	-119.067000	0.000000	81.684000	0.000000

2024-08-26	12:53:02	1724669582.458227	-43117.998022	-0.044311	-0.207240	-53.741633	173.288464	-200.840540	176.620868	132.220978	297.134952	222.847275	368.693253	-190.209049	101.029486	145.686696	86.694474	-596.484437	74.033649	406.031201	66.542302	-242.417039	0.143636	417.577814	0.204824	-195.504000	0.000000	6.586600	7.927674	-384.624000	0.000000	-1.976000	0.000000	65.896000	0.000000	123.875000	0.000000	-195.267000	0.000000	66.843000	0.000000	-115.378000	0.000000	-98.042000	0.000000	-51.739000	0.000000	-341.974000	0.000000	-119.067000	0.000000	81.684000	0.000000

2024-08-26	12:53:03	1724669583.457976	-43116.998272	-0.044311	-0.207240	-63.187120	256.685889	-243.822230	250.154324	114.419018	107.010225	159.946474	130.079426	-146.776026	140.683572	81.204050	134.267397	-671.398504	78.279428	465.697308	71.073801	-242.149115	0.314528	417.640785	0.191154	-195.504000	0.000000	-2.250094	9.195687	-384.624000	0.000000	-1.976000	0.000000	65.896000	0.000000	123.875000	0.000000	-195.267000	0.000000	66.843000	0.000000	-115.378000	0.000000	-98.042000	0.000000	-51.739000	0.000000	-341.974000	0.000000	-119.067000	0.000000	81.684000	0.000000

2024-08-26	12:53:04	1724669584.458391	-43115.997858	-0.044311	-0.207240	58.741650	200.847039	-344.465046	196.262374	112.718597	97.159524	197.223462	74.949708	-110.364096	133.493382	56.551119	123.553739	-621.027196	44.831696	426.584135	48.324560	-242.225668	0.109464	417.794871	0.124494	-195.504000	0.000000	-1.094844	7.465343	-384.624000	0.000000	-1.976000	0.000000	65.896000	0.000000	123.875000	0.000000	-195.267000	0.000000	66.843000	0.000000	-115.378000	0.000000	-98.042000	0.000000	-51.739000	0.000000	-341.974000	0.000000	-119.067000	0.000000	81.684000	0.000000

2024-08-26	12:53:05	1724669585.457806	-43114.998443	-0.044311	-0.207240	-72.717599	91.288861	-212.165579	86.301442	178.692900	327.057922	145.913286	348.495285	-163.272035	169.725763	101.080267	159.966085	-647.460840	65.226193	447.922441	71.453779	-242.125732	0.198533	417.822144	0.159016	-195.504000	0.000000	9.884627	4.644857	-384.624000	0.000000	-1.976000	0.000000	65.896000	0.000000	123.875000	0.000000	-195.267000	0.000000	66.843000	0.000000	-115.378000	0.000000	-98.042000	0.000000	-51.739000	0.000000	-341.974000	0.000000	-119.067000	0.000000	81.684000	0.000000

2024-08-26	12:53:06	1724669586.458220	-43113.998029	-0.044311	-0.207240	-244.133383	194.635961	-27.829866	212.774389	118.473173	82.573675	208.075997	77.169050	-163.969347	105.808800	109.859321	97.212037	-640.640793	67.378841	443.800628	64.292836	-242.008483	0.233495	417.682226	0.312003	-195.504000	0.000000	6.584578	6.928747	-384.624000	0.000000	-1.976000	0.000000	65.896000	0.000000	123.875000	0.000000	-195.267000	0.000000	66.843000	0.000000	-115.378000	0.000000	-98.042000	0.000000	-51.739000	0.000000	-341.974000	0.000000	-119.067000	0.000000	81.684000	0.000000

2024-08-26	12:53:07	1724669587.459634	-43112.996614	-0.044311	-0.207240	-83.483508	107.885372	-204.388044	109.463135	71.770545	271.892000	241.773181	204.251193	-76.569539	119.813271	30.515409	73.579868	-614.586686	66.586280	417.405586	67.968147	-242.040750	0.184805	417.477262	0.132740	-195.504000	0.000000	0.301435	7.770281	-384.624000	0.000000	-1.976000	0.000000	65.896000	0.000000	123.875000	0.000000	-195.267000	0.000000	66.843000	0.000000	-115.378000	0.000000	-98.042000	0.000000	-51.739000	0.000000	-341.974000	0.000000	-119.067000	0.000000	81.684000	0.000000

2024-08-26	12:53:08	1724669588.459548	-43111.996700	-0.044311	-0.207240	-34.150766	240.158399	-250.956402	209.113222	208.151879	127.252125	94.975078	177.163945	-162.176354	104.105885	100.947865	60.264886	-619.766109	60.847990	420.758816	63.735889	-242.078291	0.206097	417.252026	0.276616	-195.504000	0.000000	-2.792244	9.754234	-384.624000	0.000000	-1.976000	0.000000	65.896000	0.000000	123.875000	0.000000	-195.267000	0.000000	66.843000	0.000000	-115.378000	0.000000	-98.042000	0.000000	-51.739000	0.000000	-341.974000	0.000000	-119.067000	0.000000	81.684000	0.000000

2024-08-26	12:53:09	1724669589.458963	-43110.997286	-0.044311	-0.220485	-229.823931	174.305537	-52.837066	185.394239	104.838516	53.794611	218.067885	67.582880	-181.072921	140.870465	124.494881	138.791172	-627.631214	51.301089	432.713461	58.493778	-242.289134	0.141225	417.580718	0.151635	-195.504000	0.000000	4.056675	6.443119	-384.624000	0.000000	-1.976000	0.000000	65.896000	0.000000	123.875000	0.000000	-195.267000	0.000000	66.843000	0.000000	-115.378000	0.000000	-98.042000	0.000000	-51.739000	0.000000	-341.974000	0.000000	-119.067000	0.000000	81.684000	0.000000

2024-08-26	12:53:10	1724669590.459377	-43109.996871	-0.044311	-0.220485	-164.058783	271.980258	-108.601785	279.033926	192.540835	179.476550	146.285846	171.728487	-173.401935	83.705923	126.360064	65.163222	-625.595068	26.985461	434.222643	24.949114	-242.374901	0.180644	417.492368	0.428543	-195.504000	0.000000	0.657174	9.131302	-384.624000	0.000000	-1.976000	0.000000	65.896000	0.000000	123.875000	0.000000	-195.267000	0.000000	66.843000	0.000000	-115.378000	0.000000	-98.042000	0.000000	-51.739000	0.000000	-341.974000	0.000000	-119.067000	0.000000	81.684000	0.000000

