Date/C:Time:TimeStamp/D:time:VMeas:IMeas:I_00:DI_00:I_01:DI_01:I_02:DI_02:I_03:DI_03:I_04:DI_04:I_05:DI_05:I_06:DI_06:I_07:DI_07:I_08:DI_08:I_09:DI_09:I_10:DI_10:I_11:DI_11:I_12:DI_12:I_13:DI_13:I_14:DI_14:I_15:DI_15:I_16:DI_16:I_17:DI_17:I_18:DI_18:I_19:DI_19:I_20:DI_20:I_21:DI_21:I_22:DI_22:I_23:DI_23
2024-08-26	12:57:05	1724669825.500242	-43200.000000	-0.044311	-0.220485	-36.382592	124.472927	-230.309836	108.637829	126.136193	193.085315	222.478972	173.767401	-134.745813	181.599225	85.782805	147.062182	-613.603177	27.870743	422.350779	28.234124	-242.461471	0.215384	417.318755	0.236521	-195.504000	0.000000	-7.973387	6.782410	-384.624000	0.000000	-1.976000	0.000000	65.896000	0.000000	123.875000	0.000000	-195.267000	0.000000	66.843000	0.000000	-115.378000	0.000000	-98.042000	0.000000	-51.739000	0.000000	-341.974000	0.000000	-119.067000	0.000000	81.684000	0.000000

2024-08-26	12:57:06	1724669826.499887	-43199.000355	-0.044311	-0.220485	-44.920022	95.980784	-237.340996	131.452289	223.205242	92.984104	97.415427	197.431719	-214.525979	178.166856	144.064244	149.480722	-592.239160	45.360340	402.190020	37.170326	-242.255627	0.246754	417.071419	0.274898	-195.504000	0.000000	-5.335143	6.130681	-384.624000	0.000000	-1.976000	0.000000	65.896000	0.000000	123.875000	0.000000	-195.267000	0.000000	66.843000	0.000000	-115.378000	0.000000	-98.042000	0.000000	-51.739000	0.000000	-341.974000	0.000000	-119.067000	0.000000	81.684000	0.000000

2024-08-26	12:57:07	1724669827.504299	-43197.995943	-0.044311	-0.220485	-68.147965	76.627171	-221.077257	82.795742	157.464392	131.231857	156.469559	106.688429	-136.979857	88.029980	84.217189	68.022853	-629.475542	30.795079	436.596786	24.699470	-241.934269	0.336389	417.205816	0.200116	-195.504000	0.000000	-7.744496	5.305117	-384.624000	0.000000	-1.976000	0.000000	65.896000	0.000000	123.875000	0.000000	-195.267000	0.000000	66.843000	0.000000	-115.378000	0.000000	-98.042000	0.000000	-51.739000	0.000000	-341.974000	0.000000	-119.067000	0.000000	81.684000	0.000000

2024-08-26	12:57:08	1724669828.513708	-43196.986534	-0.044311	-0.220485	-155.211351	240.305387	-114.525211	215.351540	136.105088	185.714042	206.629838	174.160519	-158.360154	98.608954	107.993333	66.804015	-592.731629	36.780954	404.064202	38.545361	-242.020893	0.318937	416.788045	0.131077	-195.504000	0.000000	-8.081883	11.404302	-384.624000	0.000000	-1.976000	0.000000	65.896000	0.000000	123.875000	0.000000	-195.267000	0.000000	66.843000	0.000000	-115.378000	0.000000	-98.042000	0.000000	-51.739000	0.000000	-341.974000	0.000000	-119.067000	0.000000	81.684000	0.000000

2024-08-26	12:57:09	1724669829.506128	-43195.994114	-0.044311	-0.220485	-142.601172	112.138260	-154.558434	125.820888	111.614051	167.693726	213.893779	203.387501	-179.409000	33.003634	112.257751	60.218276	-621.546995	55.013037	426.229818	52.309658	-241.993090	0.185108	417.383558	0.265853	-195.504000	0.000000	-8.149858	8.984054	-384.624000	0.000000	-1.976000	0.000000	65.896000	0.000000	123.875000	0.000000	-195.267000	0.000000	66.843000	0.000000	-115.378000	0.000000	-98.042000	0.000000	-51.739000	0.000000	-341.974000	0.000000	-119.067000	0.000000	81.684000	0.000000

2024-08-26	12:57:10	1724669830.508557	-43194.991685	-0.044311	-0.180762	-162.586400	250.973922	-112.046602	222.314685	212.073713	203.905526	111.734750	251.948861	-131.151104	115.368663	66.153766	124.431172	-585.017373	45.506980	391.022774	51.979621	-241.640902	0.149279	417.403874	0.188320	-195.504000	0.000000	-16.691657	8.639417	-384.624000	0.000000	-1.976000	0.000000	65.896000	0.000000	123.875000	0.000000	-195.267000	0.000000	66.843000	0.000000	-115.378000	0.000000	-98.042000	0.000000	-51.739000	0.000000	-341.974000	0.000000	-119.067000	0.000000	81.684000	0.000000

2024-08-26	12:57:11	1724669831.501353	-43193.998889	-0.044311	-0.180762	46.848431	200.208451	-327.718901	218.174422	80.886912	101.854096	261.440516	122.856595	-151.214580	147.111648	95.778809	127.550037	-621.924056	35.189019	432.156813	33.654137	-241.986625	0.256035	417.309215	0.275940	-195.504000	0.000000	-13.030657	6.769784	-384.624000	0.000000	-1.976000	0.000000	65.896000	0.000000	123.875000	0.000000	-195.267000	0.000000	66.843000	0.000000	-115.378000	0.000000	-98.042000	0.000000	-51.739000	0.000000	-341.974000	0.000000	-119.067000	0.000000	81.684000	0.000000

2024-08-26	12:57:12	1724669832.503766	-43192.996476	-0.044311	-0.180762	-167.251860	424.911028	-120.032986	435.557352	186.683911	171.668184	120.690572	168.043930	-182.306444	178.821828	118.497511	165.894567	-593.656508	63.588140	401.922747	65.679915	-241.906528	0.155727	417.202650	0.158506	-195.504000	0.000000	-13.826182	5.888986	-384.624000	0.000000	-1.976000	0.000000	65.896000	0.000000	123.875000	0.000000	-195.267000	0.000000	66.843000	0.000000	-115.378000	0.000000	-98.042000	0.000000	-51.739000	0.000000	-341.974000	0.000000	-119.067000	0.000000	81.684000	0.000000

2024-08-26	12:57:13	1724669833.504181	-43191.996061	-0.044311	-0.180762	-23.432267	329.023638	-242.148961	305.548316	121.032544	60.282113	256.022524	103.070144	-138.239079	108.498553	94.416932	71.268243	-613.156135	29.588794	423.920348	41.007998	-241.851330	0.198321	417.187632	0.118846	-195.504000	0.000000	-4.854833	8.106402	-384.624000	0.000000	-1.976000	0.000000	65.896000	0.000000	123.875000	0.000000	-195.267000	0.000000	66.843000	0.000000	-115.378000	0.000000	-98.042000	0.000000	-51.739000	0.000000	-341.974000	0.000000	-119.067000	0.000000	81.684000	0.000000

2024-08-26	12:57:14	1724669834.507594	-43190.992648	-0.044311	-0.180762	-41.322554	262.993471	-255.476995	237.530086	56.343675	304.036856	238.429061	263.147865	-161.903014	94.974862	80.127370	58.142311	-596.869359	90.335943	404.248455	78.786896	-242.055741	0.209420	417.158990	0.134083	-195.504000	0.000000	-4.743307	7.802845	-384.624000	0.000000	-1.976000	0.000000	65.896000	0.000000	123.875000	0.000000	-195.267000	0.000000	66.843000	0.000000	-115.378000	0.000000	-98.042000	0.000000	-51.739000	0.000000	-341.974000	0.000000	-119.067000	0.000000	81.684000	0.000000

2024-08-26	12:57:15	1724669835.499013	-43190.001229	-0.044311	-0.213862	-143.436424	118.388022	-118.838442	89.533315	230.902623	90.857479	103.724517	106.757216	-216.096526	139.178058	161.989459	115.037847	-583.244433	27.088337	395.288220	16.720509	-241.729635	0.128536	417.260383	0.153023	-195.504000	0.000000	-5.082266	10.763427	-384.624000	0.000000	-1.976000	0.000000	65.896000	0.000000	123.875000	0.000000	-195.267000	0.000000	66.843000	0.000000	-115.378000	0.000000	-98.042000	0.000000	-51.739000	0.000000	-341.974000	0.000000	-119.067000	0.000000	81.684000	0.000000

2024-08-26	12:57:16	1724669836.506263	-43188.993979	-0.044311	-0.213862	-30.932910	239.783345	-238.326398	269.747820	121.486294	99.881606	240.714780	66.964569	-91.446569	86.400135	48.706767	57.711703	-567.915623	30.299975	383.231953	20.425432	-241.762869	0.104991	417.226646	0.141755	-195.504000	0.000000	-9.850495	8.346094	-384.624000	0.000000	-1.976000	0.000000	65.896000	0.000000	123.875000	0.000000	-195.267000	0.000000	66.843000	0.000000	-115.378000	0.000000	-98.042000	0.000000	-51.739000	0.000000	-341.974000	0.000000	-119.067000	0.000000	81.684000	0.000000

2024-08-26	12:57:17	1724669837.504694	-43187.995547	-0.044311	-0.213862	-159.587025	147.584390	-118.508604	139.647806	173.941112	127.957874	152.762551	134.693648	-186.962586	105.432643	126.861698	95.659124	-601.304475	74.512696	413.116808	75.795156	-241.808343	0.161199	417.002096	0.178945	-195.504000	0.000000	-6.152034	9.113982	-384.624000	0.000000	-1.976000	0.000000	65.896000	0.000000	123.875000	0.000000	-195.267000	0.000000	66.843000	0.000000	-115.378000	0.000000	-98.042000	0.000000	-51.739000	0.000000	-341.974000	0.000000	-119.067000	0.000000	81.684000	0.000000

2024-08-26	12:57:18	1724669838.500096	-43187.000146	-0.044311	-0.213862	-148.867457	142.486896	-117.773982	100.118185	132.831438	227.779653	233.858116	173.360134	-58.704099	147.164667	14.657834	106.987319	-542.436339	104.287284	355.406567	102.539382	-241.653105	0.241518	417.315084	0.171708	-195.504000	0.000000	-4.248162	6.078480	-384.624000	0.000000	-1.976000	0.000000	65.896000	0.000000	123.875000	0.000000	-195.267000	0.000000	66.843000	0.000000	-115.378000	0.000000	-98.042000	0.000000	-51.739000	0.000000	-341.974000	0.000000	-119.067000	0.000000	81.684000	0.000000

2024-08-26	12:57:19	1724669839.497513	-43186.002729	-0.044311	-0.213862	-189.497417	78.834134	-110.685768	41.830224	164.894883	84.552070	122.287530	125.150851	-212.066437	136.576820	126.098815	126.029936	-654.345714	45.669937	456.248657	48.832335	-241.708426	0.174977	417.137515	0.285907	-195.504000	0.000000	-7.400910	6.270732	-384.624000	0.000000	-1.976000	0.000000	65.896000	0.000000	123.875000	0.000000	-195.267000	0.000000	66.843000	0.000000	-115.378000	0.000000	-98.042000	0.000000	-51.739000	0.000000	-341.974000	0.000000	-119.067000	0.000000	81.684000	0.000000

2024-08-26	12:57:20	1724669840.509920	-43184.990322	-0.044311	-0.213862	-39.023429	99.610086	-228.961147	84.726816	104.025926	149.401388	262.488873	149.544678	-176.175426	154.387885	123.288830	122.763612	-580.088012	35.217680	391.563066	33.512030	-241.462652	0.219362	417.115599	0.128402	-195.504000	0.000000	-9.206764	4.885013	-384.624000	0.000000	-1.976000	0.000000	65.896000	0.000000	123.875000	0.000000	-195.267000	0.000000	66.843000	0.000000	-115.378000	0.000000	-98.042000	0.000000	-51.739000	0.000000	-341.974000	0.000000	-119.067000	0.000000	81.684000	0.000000

2024-08-26	12:57:21	1724669841.508468	-43183.991774	-0.044311	-0.180762	-84.959330	102.649717	-201.186223	115.867797	136.671457	144.451368	186.516234	164.853988	-230.648930	175.513306	165.895374	169.104489	-597.868526	27.967614	408.424577	36.068310	-241.499441	0.143011	417.074138	0.107774	-195.504000	0.000000	-4.169088	7.691888	-384.624000	0.000000	-1.976000	0.000000	65.896000	0.000000	123.875000	0.000000	-195.267000	0.000000	66.843000	0.000000	-115.378000	0.000000	-98.042000	0.000000	-51.739000	0.000000	-341.974000	0.000000	-119.067000	0.000000	81.684000	0.000000

2024-08-26	12:57:22	1724669842.502886	-43182.997355	-0.044311	-0.180762	-105.279382	150.278988	-168.006129	137.698075	202.874568	107.088340	127.197032	114.370553	-7.945852	62.934973	-40.933196	75.161250	-586.655843	22.703739	395.771388	38.016642	-241.514588	0.130319	417.321585	0.157564	-195.504000	0.000000	-9.170414	7.003925	-384.624000	0.000000	-1.976000	0.000000	65.896000	0.000000	123.875000	0.000000	-195.267000	0.000000	66.843000	0.000000	-115.378000	0.000000	-98.042000	0.000000	-51.739000	0.000000	-341.974000	0.000000	-119.067000	0.000000	81.684000	0.000000

2024-08-26	12:57:23	1724669843.498305	-43182.001937	-0.044311	-0.180762	-25.344672	280.394218	-273.112526	265.129525	177.170690	191.672792	135.552107	145.844926	-235.824361	105.612643	157.977563	108.108597	-655.309098	26.907932	457.364788	33.132674	-241.593473	0.177465	417.493669	0.188711	-195.504000	0.000000	-13.162945	13.021936	-384.624000	0.000000	-1.976000	0.000000	65.896000	0.000000	123.875000	0.000000	-195.267000	0.000000	66.843000	0.000000	-115.378000	0.000000	-98.042000	0.000000	-51.739000	0.000000	-341.974000	0.000000	-119.067000	0.000000	81.684000	0.000000

2024-08-26	12:57:24	1724669844.492722	-43181.007520	-0.044311	-0.180762	-55.563316	90.197885	-216.138284	34.664281	243.077516	108.917224	107.736391	136.417937	-154.446266	116.332148	98.927875	108.468632	-582.557380	71.960834	396.914889	68.270076	-241.719750	0.221919	417.235308	0.169717	-195.504000	0.000000	-8.311442	7.993729	-384.624000	0.000000	-1.976000	0.000000	65.896000	0.000000	123.875000	0.000000	-195.267000	0.000000	66.843000	0.000000	-115.378000	0.000000	-98.042000	0.000000	-51.739000	0.000000	-341.974000	0.000000	-119.067000	0.000000	81.684000	0.000000

2024-08-26	12:57:25	1724669845.501132	-43179.999110	-0.044311	-0.180762	-13.226993	77.680697	-257.813087	64.300768	59.770903	99.546149	281.687698	87.897238	-135.811161	86.454268	86.268267	61.238274	-598.154715	42.550283	406.159802	46.831160	-241.886426	0.146978	417.638718	0.195353	-195.504000	0.000000	-11.242540	6.885728	-384.624000	0.000000	-1.976000	0.000000	65.896000	0.000000	123.875000	0.000000	-195.267000	0.000000	66.843000	0.000000	-115.378000	0.000000	-98.042000	0.000000	-51.739000	0.000000	-341.974000	0.000000	-119.067000	0.000000	81.684000	0.000000

2024-08-26	12:57:26	1724669846.498734	-43179.001508	-0.044311	-0.180762	-167.933014	364.704871	-120.886471	328.374911	198.176602	142.403078	123.290569	60.445036	-171.129468	92.199658	102.386405	115.988805	-572.333690	47.021975	378.027599	53.709819	-241.911334	0.304356	417.726861	0.178676	-195.504000	0.000000	-11.712936	9.855068	-384.624000	0.000000	-1.976000	0.000000	65.896000	0.000000	123.875000	0.000000	-195.267000	0.000000	66.843000	0.000000	-115.378000	0.000000	-98.042000	0.000000	-51.739000	0.000000	-341.974000	0.000000	-119.067000	0.000000	81.684000	0.000000

2024-08-26	12:57:27	1724669847.499149	-43178.001093	-0.044311	-0.187380	-168.611035	297.723261	-111.512556	270.691302	69.231455	199.742726	268.810646	186.840376	-159.349571	135.309677	89.420891	134.821027	-617.005922	27.615236	426.579596	13.471869	-241.909005	0.259066	417.645262	0.157090	-195.504000	0.000000	-3.256588	8.969305	-384.624000	0.000000	-1.976000	0.000000	65.896000	0.000000	123.875000	0.000000	-195.267000	0.000000	66.843000	0.000000	-115.378000	0.000000	-98.042000	0.000000	-51.739000	0.000000	-341.974000	0.000000	-119.067000	0.000000	81.684000	0.000000

2024-08-26	12:57:28	1724669848.502562	-43176.997680	-0.044311	-0.187380	65.403406	157.557627	-329.725861	104.012419	209.046102	159.490258	113.815205	142.346579	-137.782145	43.873885	93.300181	75.863252	-599.960684	35.970379	411.291456	22.656366	-241.957685	0.204181	417.399158	0.189218	-195.504000	0.000000	-12.672240	8.972661	-384.624000	0.000000	-1.976000	0.000000	65.896000	0.000000	123.875000	0.000000	-195.267000	0.000000	66.843000	0.000000	-115.378000	0.000000	-98.042000	0.000000	-51.739000	0.000000	-341.974000	0.000000	-119.067000	0.000000	81.684000	0.000000

2024-08-26	12:57:29	1724669849.498979	-43176.001263	-0.044311	-0.187380	-279.817452	132.599561	-11.226414	156.249411	128.547904	177.923124	205.110687	143.576248	-151.597530	68.335926	81.676435	60.744978	-626.773490	125.415708	434.122612	113.720197	-241.971276	0.166501	417.604510	0.269385	-195.504000	0.000000	-8.215628	6.666637	-384.624000	0.000000	-1.976000	0.000000	65.896000	0.000000	123.875000	0.000000	-195.267000	0.000000	66.843000	0.000000	-115.378000	0.000000	-98.042000	0.000000	-51.739000	0.000000	-341.974000	0.000000	-119.067000	0.000000	81.684000	0.000000

2024-08-26	12:57:30	1724669850.495395	-43175.004847	-0.044311	-0.187380	-88.404231	207.497761	-186.369779	216.879838	88.130270	129.923181	247.140862	124.620973	-153.926573	108.679306	101.975602	85.021535	-539.454168	65.919617	349.792853	71.341494	-241.742670	0.157803	417.591264	0.104557	-195.504000	0.000000	-7.066809	7.197068	-384.624000	0.000000	-1.976000	0.000000	65.896000	0.000000	123.875000	0.000000	-195.267000	0.000000	66.843000	0.000000	-115.378000	0.000000	-98.042000	0.000000	-51.739000	0.000000	-341.974000	0.000000	-119.067000	0.000000	81.684000	0.000000

2024-08-26	12:57:31	1724669851.495810	-43174.004432	-0.044311	-0.187380	-55.813420	146.150532	-217.566094	139.387402	249.265003	58.945900	98.052912	49.439192	-194.780633	127.586071	139.756937	142.214224	-575.670956	53.433336	388.785603	51.787507	-241.198638	0.197177	417.700000	0.132183	-195.504000	0.000000	-5.101277	6.329405	-384.624000	0.000000	-1.976000	0.000000	65.896000	0.000000	123.875000	0.000000	-195.267000	0.000000	66.843000	0.000000	-115.378000	0.000000	-98.042000	0.000000	-51.739000	0.000000	-341.974000	0.000000	-119.067000	0.000000	81.684000	0.000000

2024-08-26	12:57:32	1724669852.516220	-43172.984022	-0.044311	-0.187380	-54.506469	199.160030	-230.052975	195.137674	21.212023	151.412927	298.020493	189.479126	-188.853420	62.079395	117.965165	78.116807	-611.303796	38.233344	418.575088	37.077118	-241.564261	0.276544	417.598330	0.148031	-195.504000	0.000000	-11.848435	7.082417	-384.624000	0.000000	-1.976000	0.000000	65.896000	0.000000	123.875000	0.000000	-195.267000	0.000000	66.843000	0.000000	-115.378000	0.000000	-98.042000	0.000000	-51.739000	0.000000	-341.974000	0.000000	-119.067000	0.000000	81.684000	0.000000

2024-08-26	12:57:33	1724669853.509638	-43171.990603	-0.044311	-0.200625	-212.512377	204.728718	-56.923227	228.402328	235.400219	62.525940	97.881308	95.791946	-76.043934	160.951580	24.985979	154.036520	-597.846040	30.239643	411.126031	30.092509	-241.557134	0.317192	417.616180	0.318328	-195.504000	0.000000	-2.449523	5.635060	-384.624000	0.000000	-1.976000	0.000000	65.896000	0.000000	123.875000	0.000000	-195.267000	0.000000	66.843000	0.000000	-115.378000	0.000000	-98.042000	0.000000	-51.739000	0.000000	-341.974000	0.000000	-119.067000	0.000000	81.684000	0.000000

2024-08-26	12:57:34	1724669854.505056	-43170.995186	-0.044311	-0.200625	16.621742	149.016002	-301.723473	156.074007	160.103619	225.319643	192.900523	214.825846	-152.209715	101.835534	95.960402	99.260322	-548.153283	41.613025	356.561073	30.699265	-241.894555	0.202615	417.365997	0.213014	-195.504000	0.000000	-11.963352	10.785675	-384.624000	0.000000	-1.976000	0.000000	65.896000	0.000000	123.875000	0.000000	-195.267000	0.000000	66.843000	0.000000	-115.378000	0.000000	-98.042000	0.000000	-51.739000	0.000000	-341.974000	0.000000	-119.067000	0.000000	81.684000	0.000000

2024-08-26	12:57:35	1724669855.495476	-43170.004766	-0.044311	-0.200625	-63.486097	176.276612	-218.065253	158.048549	156.028859	273.435820	148.630358	245.294615	-102.652511	136.948760	39.757606	153.123445	-579.313419	58.935321	388.888393	60.821885	-241.601302	0.230935	417.467966	0.418143	-195.504000	0.000000	4.449754	10.067356	-384.624000	0.000000	-1.976000	0.000000	65.896000	0.000000	123.875000	0.000000	-195.267000	0.000000	66.843000	0.000000	-115.378000	0.000000	-98.042000	0.000000	-51.739000	0.000000	-341.974000	0.000000	-119.067000	0.000000	81.684000	0.000000

2024-08-26	12:57:36	1724669856.507884	-43168.992358	-0.044311	-0.200625	-212.001031	87.608867	-55.012452	113.366605	219.736421	112.175573	144.599675	113.522238	-182.438120	126.228172	132.147249	108.024267	-611.416741	81.121689	424.778234	78.510409	-241.679194	0.170203	417.488696	0.166533	-195.504000	0.000000	-10.772178	6.252722	-384.624000	0.000000	-1.976000	0.000000	65.896000	0.000000	123.875000	0.000000	-195.267000	0.000000	66.843000	0.000000	-115.378000	0.000000	-98.042000	0.000000	-51.739000	0.000000	-341.974000	0.000000	-119.067000	0.000000	81.684000	0.000000

2024-08-26	12:57:37	1724669857.497201	-43168.003041	-0.044311	-0.200625	-68.650314	204.074716	-212.154358	224.554852	199.988053	70.489368	120.320503	92.542386	-136.634630	120.827037	71.613385	136.834588	-616.475557	29.201861	425.218394	26.406447	-241.898118	0.217615	417.513575	0.115720	-195.504000	0.000000	-6.071043	6.944507	-384.624000	0.000000	-1.976000	0.000000	65.896000	0.000000	123.875000	0.000000	-195.267000	0.000000	66.843000	0.000000	-115.378000	0.000000	-98.042000	0.000000	-51.739000	0.000000	-341.974000	0.000000	-119.067000	0.000000	81.684000	0.000000

2024-08-26	12:57:38	1724669858.498615	-43167.001626	-0.044311	-0.200625	61.852889	54.521280	-347.098760	53.079559	79.800510	85.325413	239.244293	73.103579	-193.587691	128.750652	135.350888	126.451414	-580.034257	80.514805	388.485083	74.527205	-241.845075	0.200664	417.207331	0.212414	-195.504000	0.000000	-4.729485	11.226558	-384.624000	0.000000	-1.976000	0.000000	65.896000	0.000000	123.875000	0.000000	-195.267000	0.000000	66.843000	0.000000	-115.378000	0.000000	-98.042000	0.000000	-51.739000	0.000000	-341.974000	0.000000	-119.067000	0.000000	81.684000	0.000000

2024-08-26	12:57:39	1724669859.502028	-43165.998214	-0.044311	-0.207240	-171.872645	249.760361	-84.132903	234.647328	128.895833	157.667054	225.772732	159.134507	-127.613338	116.569658	76.248177	113.607481	-550.820832	83.546445	364.840222	89.676176	-241.937401	0.206380	417.504259	0.142358	-195.504000	0.000000	-14.162988	9.911937	-384.624000	0.000000	-1.976000	0.000000	65.896000	0.000000	123.875000	0.000000	-195.267000	0.000000	66.843000	0.000000	-115.378000	0.000000	-98.042000	0.000000	-51.739000	0.000000	-341.974000	0.000000	-119.067000	0.000000	81.684000	0.000000

2024-08-26	12:57:40	1724669860.495446	-43165.004796	-0.044311	-0.207240	-123.569644	200.745683	-174.549230	201.577240	212.355743	94.063252	101.629818	149.495340	-161.424039	105.921460	93.782608	101.434626	-608.847920	42.342887	416.276458	37.785396	-241.873217	0.109913	417.432920	0.168252	-195.504000	0.000000	-13.336234	6.669231	-384.624000	0.000000	-1.976000	0.000000	65.896000	0.000000	123.875000	0.000000	-195.267000	0.000000	66.843000	0.000000	-115.378000	0.000000	-98.042000	0.000000	-51.739000	0.000000	-341.974000	0.000000	-119.067000	0.000000	81.684000	0.000000

2024-08-26	12:57:41	1724669861.494861	-43164.005381	-0.044311	-0.207240	-110.657114	271.122680	-155.043239	285.698921	103.257528	264.728364	259.915524	257.894154	-119.480936	134.894680	70.411528	129.857263	-567.710983	39.573240	383.092869	33.074993	-241.697002	0.136672	417.231444	0.154176	-195.504000	0.000000	-11.622678	5.614511	-384.624000	0.000000	-1.976000	0.000000	65.896000	0.000000	123.875000	0.000000	-195.267000	0.000000	66.843000	0.000000	-115.378000	0.000000	-98.042000	0.000000	-51.739000	0.000000	-341.974000	0.000000	-119.067000	0.000000	81.684000	0.000000

2024-08-26	12:57:42	1724669862.508595	-43162.991647	-0.044311	-0.207240	-87.061864	158.440669	-191.212595	159.007920	211.532535	87.438900	116.329349	71.689767	-166.049479	85.377816	111.724075	56.374348	-625.142521	53.528582	433.242194	59.291113	-241.447724	0.164099	417.182815	0.122108	-195.504000	0.000000	-12.685292	6.558424	-384.624000	0.000000	-1.976000	0.000000	65.896000	0.000000	123.875000	0.000000	-195.267000	0.000000	66.843000	0.000000	-115.378000	0.000000	-98.042000	0.000000	-51.739000	0.000000	-341.974000	0.000000	-119.067000	0.000000	81.684000	0.000000

2024-08-26	12:57:43	1724669863.500015	-43162.000227	-0.044311	-0.207240	-64.054689	175.405687	-220.896759	177.524242	171.160122	42.302348	160.753358	41.709089	-223.804263	138.394252	160.656184	141.092469	-562.811779	29.968120	375.735231	29.483705	-241.627790	0.160624	417.183078	0.200221	-195.504000	0.000000	-7.380171	7.176580	-384.624000	0.000000	-1.976000	0.000000	65.896000	0.000000	123.875000	0.000000	-195.267000	0.000000	66.843000	0.000000	-115.378000	0.000000	-98.042000	0.000000	-51.739000	0.000000	-341.974000	0.000000	-119.067000	0.000000	81.684000	0.000000

2024-08-26	12:57:44	1724669864.501429	-43160.998813	-0.044311	-0.207240	-78.475586	227.033882	-191.046849	216.770479	214.371746	73.007187	116.750756	67.051949	-120.869473	158.510189	61.410627	147.992883	-569.555564	38.939571	383.047451	35.514579	-241.542826	0.172748	417.428938	0.215335	-195.504000	0.000000	-11.259506	8.221793	-384.624000	0.000000	-1.976000	0.000000	65.896000	0.000000	123.875000	0.000000	-195.267000	0.000000	66.843000	0.000000	-115.378000	0.000000	-98.042000	0.000000	-51.739000	0.000000	-341.974000	0.000000	-119.067000	0.000000	81.684000	0.000000

2024-08-26	12:57:45	1724669865.507840	-43159.992402	-0.044311	-0.200625	-142.687914	222.026735	-136.025601	227.138288	101.675630	152.248568	219.997235	189.561488	-139.232056	61.968206	80.903683	66.475328	-620.455198	38.204491	432.585520	39.844978	-241.930286	0.266511	417.811616	0.192550	-195.504000	0.000000	-2.667127	12.251120	-384.624000	0.000000	-1.976000	0.000000	65.896000	0.000000	123.875000	0.000000	-195.267000	0.000000	66.843000	0.000000	-115.378000	0.000000	-98.042000	0.000000	-51.739000	0.000000	-341.974000	0.000000	-119.067000	0.000000	81.684000	0.000000

2024-08-26	12:57:46	1724669866.503275	-43158.996967	-0.044311	-0.200625	32.026086	294.899977	-329.278935	308.014567	59.723388	68.270690	274.170888	145.212452	-118.910173	74.585523	56.962843	74.451419	-595.153754	56.107334	403.592000	58.325383	-241.665614	0.230836	417.590018	0.212500	-195.504000	0.000000	-15.320665	17.107334	-384.624000	0.000000	-1.976000	0.000000	65.896000	0.000000	123.875000	0.000000	-195.267000	0.000000	66.843000	0.000000	-115.378000	0.000000	-98.042000	0.000000	-51.739000	0.000000	-341.974000	0.000000	-119.067000	0.000000	81.684000	0.000000

2024-08-26	12:57:47	1724669867.498479	-43158.001763	-0.044311	-0.200625	-146.925246	329.402030	-106.752821	332.970413	284.222896	152.161034	79.089729	189.819006	-172.624444	165.267907	128.212035	140.065420	-546.140000	69.927504	361.482277	69.367587	-241.629699	0.193233	417.560199	0.199536	-195.504000	0.000000	-18.991473	8.954549	-384.624000	0.000000	-1.976000	0.000000	65.896000	0.000000	123.875000	0.000000	-195.267000	0.000000	66.843000	0.000000	-115.378000	0.000000	-98.042000	0.000000	-51.739000	0.000000	-341.974000	0.000000	-119.067000	0.000000	81.684000	0.000000

2024-08-26	12:57:48	1724669868.500893	-43156.999349	-0.044311	-0.200625	31.905519	132.333286	-327.069691	132.653745	42.932255	228.586522	287.611308	218.185341	-208.796998	179.685974	137.461286	149.900775	-599.968293	44.121859	410.337591	47.126922	-241.847780	0.277312	417.240201	0.176607	-195.504000	0.000000	-12.323718	4.902616	-384.624000	0.000000	-1.976000	0.000000	65.896000	0.000000	123.875000	0.000000	-195.267000	0.000000	66.843000	0.000000	-115.378000	0.000000	-98.042000	0.000000	-51.739000	0.000000	-341.974000	0.000000	-119.067000	0.000000	81.684000	0.000000

2024-08-26	12:57:49	1724669869.501307	-43155.998934	-0.044311	-0.200625	-200.664498	126.984391	-68.205267	99.783042	126.175350	98.304246	209.260269	99.276892	-75.229412	75.395461	24.595025	83.334899	-550.446851	51.296415	363.444872	57.420846	-242.136137	0.132090	417.381687	0.206376	-195.504000	0.000000	-3.918510	8.653123	-384.624000	0.000000	-1.976000	0.000000	65.896000	0.000000	123.875000	0.000000	-195.267000	0.000000	66.843000	0.000000	-115.378000	0.000000	-98.042000	0.000000	-51.739000	0.000000	-341.974000	0.000000	-119.067000	0.000000	81.684000	0.000000

2024-08-26	12:57:50	1724669870.504720	-43154.995522	-0.044311	-0.194003	-54.105085	133.141521	-210.925849	148.045099	177.852468	79.015454	159.438119	130.697555	-221.586914	85.456906	161.052819	66.925550	-606.033804	53.822310	416.487302	50.409036	-242.126074	0.221258	417.476084	0.151572	-195.504000	0.000000	-8.458058	7.725211	-384.624000	0.000000	-1.976000	0.000000	65.896000	0.000000	123.875000	0.000000	-195.267000	0.000000	66.843000	0.000000	-115.378000	0.000000	-98.042000	0.000000	-51.739000	0.000000	-341.974000	0.000000	-119.067000	0.000000	81.684000	0.000000

2024-08-26	12:57:51	1724669871.504150	-43153.996091	-0.044311	-0.194003	-156.976465	181.803798	-141.089833	154.065691	103.543757	131.590699	210.309350	119.617130	-170.802992	163.830637	99.249688	136.446347	-592.065222	47.996845	401.262110	48.683999	-241.913986	0.173999	417.751553	0.171281	-195.504000	0.000000	-0.280043	4.251357	-384.624000	0.000000	-1.976000	0.000000	65.896000	0.000000	123.875000	0.000000	-195.267000	0.000000	66.843000	0.000000	-115.378000	0.000000	-98.042000	0.000000	-51.739000	0.000000	-341.974000	0.000000	-119.067000	0.000000	81.684000	0.000000

2024-08-26	12:57:52	1724669872.508637	-43152.991605	-0.044311	-0.194003	-166.226302	263.832777	-98.651647	273.730154	167.714124	149.764922	177.449391	97.948999	-84.607854	119.784186	38.707880	113.003076	-569.703429	52.370274	383.825522	56.591993	-242.031515	0.260095	417.833458	0.233284	-195.504000	0.000000	-9.236299	7.508579	-384.624000	0.000000	-1.976000	0.000000	65.896000	0.000000	123.875000	0.000000	-195.267000	0.000000	66.843000	0.000000	-115.378000	0.000000	-98.042000	0.000000	-51.739000	0.000000	-341.974000	0.000000	-119.067000	0.000000	81.684000	0.000000

2024-08-26	12:57:53	1724669873.500072	-43152.000170	-0.044311	-0.194003	-55.162856	106.062284	-223.327655	82.986246	167.962952	177.726679	170.552823	172.570187	-151.007274	163.950902	88.512043	111.267419	-637.784595	52.519619	446.061946	47.551664	-241.911025	0.268766	417.745588	0.281399	-195.504000	0.000000	-12.635672	6.107490	-384.624000	0.000000	-1.976000	0.000000	65.896000	0.000000	123.875000	0.000000	-195.267000	0.000000	66.843000	0.000000	-115.378000	0.000000	-98.042000	0.000000	-51.739000	0.000000	-341.974000	0.000000	-119.067000	0.000000	81.684000	0.000000

2024-08-26	12:57:54	1724669874.495474	-43151.004768	-0.044311	-0.194003	-163.397717	289.199433	-128.562780	298.945020	233.204783	94.485035	60.776744	63.806554	-199.584077	195.259987	127.136119	190.686962	-650.176079	40.449652	453.047087	39.481528	-241.689340	0.127639	417.488826	0.300269	-195.504000	0.000000	-1.858989	9.746427	-384.624000	0.000000	-1.976000	0.000000	65.896000	0.000000	123.875000	0.000000	-195.267000	0.000000	66.843000	0.000000	-115.378000	0.000000	-98.042000	0.000000	-51.739000	0.000000	-341.974000	0.000000	-119.067000	0.000000	81.684000	0.000000

2024-08-26	12:57:55	1724669875.500886	-43149.999356	-0.044311	-0.194003	-128.593351	515.739910	-138.696861	501.692675	0.746311	327.467743	363.285116	437.916857	-125.382349	115.151367	81.666392	138.547762	-592.012862	35.509863	405.169691	40.614768	-241.843262	0.306873	417.106935	0.135193	-195.504000	0.000000	-1.908994	7.231207	-384.624000	0.000000	-1.976000	0.000000	65.896000	0.000000	123.875000	0.000000	-195.267000	0.000000	66.843000	0.000000	-115.378000	0.000000	-98.042000	0.000000	-51.739000	0.000000	-341.974000	0.000000	-119.067000	0.000000	81.684000	0.000000

2024-08-26	12:57:56	1724669876.496304	-43149.003938	-0.044311	-0.200625	104.665411	305.390428	-393.743536	347.524228	208.507274	154.431946	112.951526	151.789512	-130.162965	69.914466	81.640427	78.436340	-568.716570	47.246908	378.136313	43.428531	-241.789244	0.182974	417.337182	0.117936	-195.504000	0.000000	-5.159981	9.423655	-384.624000	0.000000	-1.976000	0.000000	65.896000	0.000000	123.875000	0.000000	-195.267000	0.000000	66.843000	0.000000	-115.378000	0.000000	-98.042000	0.000000	-51.739000	0.000000	-341.974000	0.000000	-119.067000	0.000000	81.684000	0.000000

2024-08-26	12:57:57	1724669877.501715	-43147.998527	-0.044311	-0.200625	-17.389442	100.164125	-255.632130	73.328847	118.894188	116.016671	209.785684	133.834401	-181.663947	190.096763	106.021004	180.598073	-620.235043	67.465588	430.056471	64.405332	-242.020061	0.214849	417.528132	0.184905	-195.504000	0.000000	-0.721402	7.093862	-384.624000	0.000000	-1.976000	0.000000	65.896000	0.000000	123.875000	0.000000	-195.267000	0.000000	66.843000	0.000000	-115.378000	0.000000	-98.042000	0.000000	-51.739000	0.000000	-341.974000	0.000000	-119.067000	0.000000	81.684000	0.000000

2024-08-26	12:57:58	1724669878.502470	-43146.997771	-0.044311	-0.200625	-72.068753	149.738873	-209.278079	148.234560	203.750228	200.896245	128.351306	191.317891	-201.409913	117.387645	151.465482	96.302703	-597.151462	61.199412	403.353691	67.033190	-242.362202	0.142636	417.451578	0.147340	-195.504000	0.000000	-9.829146	6.023054	-384.624000	0.000000	-1.976000	0.000000	65.896000	0.000000	123.875000	0.000000	-195.267000	0.000000	66.843000	0.000000	-115.378000	0.000000	-98.042000	0.000000	-51.739000	0.000000	-341.974000	0.000000	-119.067000	0.000000	81.684000	0.000000

2024-08-26	12:57:59	1724669879.498887	-43146.001355	-0.044311	-0.200625	-40.541352	254.810462	-237.917930	235.335265	209.820011	193.947213	132.393604	159.486576	-155.985610	93.901611	90.440097	61.027239	-587.161680	35.795200	399.650063	31.878270	-242.004477	0.174482	417.472524	0.195108	-195.504000	0.000000	-13.361324	8.093102	-384.624000	0.000000	-1.976000	0.000000	65.896000	0.000000	123.875000	0.000000	-195.267000	0.000000	66.843000	0.000000	-115.378000	0.000000	-98.042000	0.000000	-51.739000	0.000000	-341.974000	0.000000	-119.067000	0.000000	81.684000	0.000000

2024-08-26	12:58:00	1724669880.505298	-43144.994944	-0.044311	-0.200625	-150.466667	144.631600	-141.735097	155.773423	140.388600	64.955849	160.151855	69.771550	-117.439863	114.047086	49.446917	107.475390	-582.751936	76.766005	392.408825	72.342104	-241.705441	0.200270	417.592034	0.134297	-195.504000	0.000000	-13.836958	10.672167	-384.624000	0.000000	-1.976000	0.000000	65.896000	0.000000	123.875000	0.000000	-195.267000	0.000000	66.843000	0.000000	-115.378000	0.000000	-98.042000	0.000000	-51.739000	0.000000	-341.974000	0.000000	-119.067000	0.000000	81.684000	0.000000

2024-08-26	12:58:01	1724669881.499716	-43144.000525	-0.044311	-0.200625	-112.713395	205.777323	-139.209330	205.541038	156.839468	157.345615	215.228833	107.485065	-157.002123	132.139429	122.599345	152.605156	-578.287924	56.144687	391.928452	60.793795	-241.729995	0.213397	417.538007	0.112992	-195.504000	0.000000	-4.935193	10.619475	-384.624000	0.000000	-1.976000	0.000000	65.896000	0.000000	123.875000	0.000000	-195.267000	0.000000	66.843000	0.000000	-115.378000	0.000000	-98.042000	0.000000	-51.739000	0.000000	-341.974000	0.000000	-119.067000	0.000000	81.684000	0.000000

2024-08-26	12:58:02	1724669882.512124	-43142.988118	-0.044311	-0.213862	-146.908274	216.922772	-154.358040	200.335016	140.529039	117.638445	178.252223	161.838568	-165.504361	107.620487	87.018839	116.730289	-628.281741	84.906806	432.929474	77.645685	-241.939872	0.186454	417.779892	0.209820	-195.504000	0.000000	-5.486312	11.190727	-384.624000	0.000000	-1.976000	0.000000	65.896000	0.000000	123.875000	0.000000	-195.267000	0.000000	66.843000	0.000000	-115.378000	0.000000	-98.042000	0.000000	-51.739000	0.000000	-341.974000	0.000000	-119.067000	0.000000	81.684000	0.000000

2024-08-26	12:58:03	1724669883.498950	-43142.001292	-0.044311	-0.213862	-64.379892	332.551033	-202.102263	368.509400	156.745929	176.944305	183.376061	243.301247	-129.332123	129.594738	67.292385	114.448308	-594.539826	35.198127	404.634821	33.483674	-241.915222	0.124825	417.707288	0.144074	-195.504000	0.000000	-12.794804	8.571868	-384.624000	0.000000	-1.976000	0.000000	65.896000	0.000000	123.875000	0.000000	-195.267000	0.000000	66.843000	0.000000	-115.378000	0.000000	-98.042000	0.000000	-51.739000	0.000000	-341.974000	0.000000	-119.067000	0.000000	81.684000	0.000000

2024-08-26	12:58:04	1724669884.508359	-43140.991883	-0.044311	-0.213862	7.715511	300.885980	-306.337389	280.194091	207.305562	114.137911	91.143876	88.794545	-238.225314	115.712317	159.303429	134.249640	-649.262841	58.495282	453.928576	58.941904	-242.014855	0.114817	417.647271	0.123294	-195.504000	0.000000	-14.504488	12.409494	-384.624000	0.000000	-1.976000	0.000000	65.896000	0.000000	123.875000	0.000000	-195.267000	0.000000	66.843000	0.000000	-115.378000	0.000000	-98.042000	0.000000	-51.739000	0.000000	-341.974000	0.000000	-119.067000	0.000000	81.684000	0.000000

2024-08-26	12:58:05	1724669885.504776	-43139.995465	-0.044311	-0.213862	-243.378246	169.313872	-25.494885	146.270910	118.652016	179.203942	226.702266	123.716261	-159.083156	112.108728	109.240718	72.898265	-588.739346	63.154433	399.827102	65.210458	-241.653889	0.264792	417.679758	0.160142	-195.504000	0.000000	-5.772709	8.004470	-384.624000	0.000000	-1.976000	0.000000	65.896000	0.000000	123.875000	0.000000	-195.267000	0.000000	66.843000	0.000000	-115.378000	0.000000	-98.042000	0.000000	-51.739000	0.000000	-341.974000	0.000000	-119.067000	0.000000	81.684000	0.000000

2024-08-26	12:58:06	1724669886.498195	-43139.002047	-0.044311	-0.213862	-99.116288	181.991725	-188.138947	175.128304	126.956451	177.192060	214.649775	180.045562	-84.885201	170.205983	30.723483	142.215521	-588.370239	63.135172	396.498578	54.165806	-241.325519	0.150395	417.624618	0.191691	-195.504000	0.000000	-8.508586	7.473592	-384.624000	0.000000	-1.976000	0.000000	65.896000	0.000000	123.875000	0.000000	-195.267000	0.000000	66.843000	0.000000	-115.378000	0.000000	-98.042000	0.000000	-51.739000	0.000000	-341.974000	0.000000	-119.067000	0.000000	81.684000	0.000000

2024-08-26	12:58:07	1724669887.497611	-43138.002631	-0.044311	-0.200625	-62.865076	145.457242	-209.381969	151.475887	213.796021	144.081927	124.691926	117.772793	-191.928447	54.292053	135.334837	38.142980	-605.954562	42.298378	419.307080	42.502339	-241.747875	0.313605	417.626497	0.230508	-195.504000	0.000000	3.567401	7.166796	-384.624000	0.000000	-1.976000	0.000000	65.896000	0.000000	123.875000	0.000000	-195.267000	0.000000	66.843000	0.000000	-115.378000	0.000000	-98.042000	0.000000	-51.739000	0.000000	-341.974000	0.000000	-119.067000	0.000000	81.684000	0.000000

2024-08-26	12:58:08	1724669888.499091	-43137.001151	-0.044311	-0.200625	-147.464611	173.727431	-127.803051	160.493046	64.556384	54.631115	276.927178	82.453759	-174.462947	147.873834	117.822437	135.387357	-554.936279	91.473622	366.246956	76.643599	-241.774150	0.157185	417.863250	0.177283	-195.504000	0.000000	0.251775	10.775820	-384.624000	0.000000	-1.976000	0.000000	65.896000	0.000000	123.875000	0.000000	-195.267000	0.000000	66.843000	0.000000	-115.378000	0.000000	-98.042000	0.000000	-51.739000	0.000000	-341.974000	0.000000	-119.067000	0.000000	81.684000	0.000000

2024-08-26	12:58:09	1724669889.506485	-43135.993757	-0.044311	-0.200625	-116.841727	129.871045	-160.633042	142.015887	157.771010	162.976737	178.658925	103.957523	-157.414341	145.411167	94.353732	119.132377	-618.291784	44.871425	424.696190	56.430363	-241.420756	0.144536	417.968191	0.255925	-195.504000	0.000000	-14.206823	7.691134	-384.624000	0.000000	-1.976000	0.000000	65.896000	0.000000	123.875000	0.000000	-195.267000	0.000000	66.843000	0.000000	-115.378000	0.000000	-98.042000	0.000000	-51.739000	0.000000	-341.974000	0.000000	-119.067000	0.000000	81.684000	0.000000

2024-08-26	12:58:10	1724669890.506899	-43134.993342	-0.044311	-0.200625	11.674124	264.737663	-301.329333	270.333115	197.766075	154.823158	118.976071	168.593056	-122.873519	57.150801	63.548979	68.371729	-662.823304	60.000955	451.882298	43.931553	-241.550741	0.226691	417.793643	0.155785	-195.504000	0.000000	-7.346765	7.042308	-384.624000	0.000000	-1.976000	0.000000	65.896000	0.000000	123.875000	0.000000	-195.267000	0.000000	66.843000	0.000000	-115.378000	0.000000	-98.042000	0.000000	-51.739000	0.000000	-341.974000	0.000000	-119.067000	0.000000	81.684000	0.000000

2024-08-26	12:58:11	1724669891.499319	-43134.000923	-0.044311	-0.200625	-207.315948	114.824484	-54.004536	141.630774	135.285336	63.139311	212.608435	59.707746	-146.501439	169.097223	92.756341	131.274931	-587.829087	49.307730	401.120814	59.575168	-241.492433	0.169794	417.968448	0.281763	-195.504000	0.000000	-1.577156	6.276830	-384.624000	0.000000	-1.976000	0.000000	65.896000	0.000000	123.875000	0.000000	-195.267000	0.000000	66.843000	0.000000	-115.378000	0.000000	-98.042000	0.000000	-51.739000	0.000000	-341.974000	0.000000	-119.067000	0.000000	81.684000	0.000000

2024-08-26	12:58:12	1724669892.501731	-43132.998510	-0.044311	-0.200625	40.496465	298.812659	-324.711600	318.776012	187.351661	40.802362	140.685069	51.616829	-208.585727	61.101653	142.831987	54.437928	-573.995092	39.536777	381.022698	37.551959	-241.424550	0.143412	418.040852	0.136966	-195.504000	0.000000	-7.006419	6.133635	-384.624000	0.000000	-1.976000	0.000000	65.896000	0.000000	123.875000	0.000000	-195.267000	0.000000	66.843000	0.000000	-115.378000	0.000000	-98.042000	0.000000	-51.739000	0.000000	-341.974000	0.000000	-119.067000	0.000000	81.684000	0.000000

2024-08-26	12:58:13	1724669893.500576	-43131.999666	-0.044311	-0.187380	-94.324722	81.604182	-179.505045	103.563240	135.781314	86.650900	185.841553	96.682359	-75.050748	49.349131	19.631020	56.362039	-578.295141	54.852398	388.764893	53.817702	-241.378803	0.126913	418.260097	0.233194	-195.504000	0.000000	-4.747114	5.656230	-384.624000	0.000000	-1.976000	0.000000	65.896000	0.000000	123.875000	0.000000	-195.267000	0.000000	66.843000	0.000000	-115.378000	0.000000	-98.042000	0.000000	-51.739000	0.000000	-341.974000	0.000000	-119.067000	0.000000	81.684000	0.000000

2024-08-26	12:58:14	1724669894.497993	-43131.002249	-0.044311	-0.187380	-36.597965	141.168902	-230.455113	166.534809	204.189110	83.630058	164.262425	105.151076	-186.957557	108.440954	131.610093	125.169276	-616.374390	85.148844	430.023618	87.211296	-241.629566	0.159878	417.984926	0.127384	-195.504000	0.000000	1.682141	9.488052	-384.624000	0.000000	-1.976000	0.000000	65.896000	0.000000	123.875000	0.000000	-195.267000	0.000000	66.843000	0.000000	-115.378000	0.000000	-98.042000	0.000000	-51.739000	0.000000	-341.974000	0.000000	-119.067000	0.000000	81.684000	0.000000

2024-08-26	12:58:15	1724669895.508401	-43129.991841	-0.044311	-0.187380	-186.378807	167.111566	-98.683023	134.805050	80.112172	183.839915	235.313553	241.699203	-216.765234	170.025177	155.105011	177.072700	-553.096632	67.245257	364.871606	64.947661	-241.506392	0.170729	417.819954	0.160940	-195.504000	0.000000	-9.817967	7.059601	-384.624000	0.000000	-1.976000	0.000000	65.896000	0.000000	123.875000	0.000000	-195.267000	0.000000	66.843000	0.000000	-115.378000	0.000000	-98.042000	0.000000	-51.739000	0.000000	-341.974000	0.000000	-119.067000	0.000000	81.684000	0.000000

2024-08-26	12:58:16	1724669896.499821	-43129.000421	-0.044311	-0.187380	-4.063000	215.496676	-291.155999	216.500676	180.955382	103.495497	152.210764	187.038809	-80.366129	97.241358	21.562504	106.927672	-639.610014	39.231521	445.323315	45.943224	-241.819599	0.241129	418.016343	0.195769	-195.504000	0.000000	-11.411805	9.666470	-384.624000	0.000000	-1.976000	0.000000	65.896000	0.000000	123.875000	0.000000	-195.267000	0.000000	66.843000	0.000000	-115.378000	0.000000	-98.042000	0.000000	-51.739000	0.000000	-341.974000	0.000000	-119.067000	0.000000	81.684000	0.000000

2024-08-26	12:58:17	1724669897.505232	-43127.995009	-0.044311	-0.187380	-181.161561	92.923978	-86.810107	70.160614	142.169801	129.569776	202.401961	142.090026	-151.546466	126.024666	95.033403	129.581909	-556.195727	43.324108	365.549926	42.215592	-241.359169	0.167481	417.569110	0.160397	-195.504000	0.000000	-8.074830	6.218815	-384.624000	0.000000	-1.976000	0.000000	65.896000	0.000000	123.875000	0.000000	-195.267000	0.000000	66.843000	0.000000	-115.378000	0.000000	-98.042000	0.000000	-51.739000	0.000000	-341.974000	0.000000	-119.067000	0.000000	81.684000	0.000000

2024-08-26	12:58:18	1724669898.499651	-43127.000591	-0.044311	-0.187380	-50.386386	132.914247	-217.051821	134.911948	189.942187	146.358210	152.532400	119.284773	-159.553423	109.863958	105.369190	113.402562	-591.161523	15.605016	401.343970	17.291714	-241.356161	0.228007	417.660543	0.133354	-195.504000	0.000000	-13.637510	6.580327	-384.624000	0.000000	-1.976000	0.000000	65.896000	0.000000	123.875000	0.000000	-195.267000	0.000000	66.843000	0.000000	-115.378000	0.000000	-98.042000	0.000000	-51.739000	0.000000	-341.974000	0.000000	-119.067000	0.000000	81.684000	0.000000

2024-08-26	12:58:19	1724669899.501150	-43125.999092	-0.044311	-0.200625	-178.002893	188.195665	-115.987851	205.063517	55.206133	136.914179	255.321333	185.214602	-189.759201	132.560059	126.369748	82.159580	-594.613622	96.228293	402.767242	91.690631	-241.538603	0.129102	417.883239	0.203821	-195.504000	0.000000	-9.404969	5.959336	-384.624000	0.000000	-1.976000	0.000000	65.896000	0.000000	123.875000	0.000000	-195.267000	0.000000	66.843000	0.000000	-115.378000	0.000000	-98.042000	0.000000	-51.739000	0.000000	-341.974000	0.000000	-119.067000	0.000000	81.684000	0.000000

2024-08-26	12:58:20	1724669900.497567	-43125.002675	-0.044311	-0.200625	0.280901	81.497668	-280.322030	78.394478	182.375962	162.816539	150.227607	175.931834	-134.031585	134.512990	71.887728	123.974741	-595.180893	41.481718	403.261486	39.015171	-241.747257	0.198029	417.841246	0.172915	-195.504000	0.000000	-1.872597	7.844003	-384.624000	0.000000	-1.976000	0.000000	65.896000	0.000000	123.875000	0.000000	-195.267000	0.000000	66.843000	0.000000	-115.378000	0.000000	-98.042000	0.000000	-51.739000	0.000000	-341.974000	0.000000	-119.067000	0.000000	81.684000	0.000000

2024-08-26	12:58:21	1724669901.508975	-43123.991267	-0.044311	-0.200625	-16.355601	222.410785	-270.256921	224.028308	170.496552	147.087726	162.302880	174.639749	-175.078790	119.202844	112.649108	120.242350	-637.588189	52.057873	441.577556	52.676875	-241.422944	0.152987	417.746644	0.376653	-195.504000	0.000000	-11.274684	6.941482	-384.624000	0.000000	-1.976000	0.000000	65.896000	0.000000	123.875000	0.000000	-195.267000	0.000000	66.843000	0.000000	-115.378000	0.000000	-98.042000	0.000000	-51.739000	0.000000	-341.974000	0.000000	-119.067000	0.000000	81.684000	0.000000

2024-08-26	12:58:22	1724669902.494398	-43123.005844	-0.044311	-0.200625	-126.109733	78.550373	-139.519342	92.974679	250.783640	87.974557	81.790167	92.122383	-166.830264	126.470760	115.822384	146.365649	-596.453313	46.113375	408.632861	52.781143	-241.371745	0.244079	417.923829	0.307125	-195.504000	0.000000	-10.880419	7.556624	-384.624000	0.000000	-1.976000	0.000000	65.896000	0.000000	123.875000	0.000000	-195.267000	0.000000	66.843000	0.000000	-115.378000	0.000000	-98.042000	0.000000	-51.739000	0.000000	-341.974000	0.000000	-119.067000	0.000000	81.684000	0.000000

2024-08-26	12:58:23	1724669903.511803	-43121.988439	-0.044311	-0.200625	-81.412252	71.292158	-203.539550	78.995411	189.943286	151.242647	136.582401	124.878296	-141.527558	152.954756	80.266157	121.369735	-576.853623	51.295401	387.795249	47.699992	-241.240243	0.152527	417.683449	0.205223	-195.504000	0.000000	-7.483547	14.940190	-384.624000	0.000000	-1.976000	0.000000	65.896000	0.000000	123.875000	0.000000	-195.267000	0.000000	66.843000	0.000000	-115.378000	0.000000	-98.042000	0.000000	-51.739000	0.000000	-341.974000	0.000000	-119.067000	0.000000	81.684000	0.000000

2024-08-26	12:58:24	1724669904.497559	-43121.002683	-0.044311	-0.200625	-130.124726	215.837499	-149.406416	207.818169	4.833675	187.788448	341.005195	180.836303	-148.185502	113.084556	91.173213	110.174786	-584.416174	62.637010	396.238727	53.012530	-241.166717	0.238451	417.708610	0.196943	-195.504000	0.000000	-8.405725	12.928396	-384.624000	0.000000	-1.976000	0.000000	65.896000	0.000000	123.875000	0.000000	-195.267000	0.000000	66.843000	0.000000	-115.378000	0.000000	-98.042000	0.000000	-51.739000	0.000000	-341.974000	0.000000	-119.067000	0.000000	81.684000	0.000000

2024-08-26	12:58:25	1724669905.502990	-43119.997252	-0.044311	-0.227103	-206.355446	195.784622	-74.146478	189.150153	161.387577	75.207887	185.543190	100.813602	-127.841146	69.978999	69.482785	52.083903	-574.914103	24.228908	385.616902	30.097403	-241.315392	0.285704	417.769659	0.234053	-195.504000	0.000000	-7.712192	8.061501	-384.624000	0.000000	-1.976000	0.000000	65.896000	0.000000	123.875000	0.000000	-195.267000	0.000000	66.843000	0.000000	-115.378000	0.000000	-98.042000	0.000000	-51.739000	0.000000	-341.974000	0.000000	-119.067000	0.000000	81.684000	0.000000

2024-08-26	12:58:26	1724669906.523373	-43118.976869	-0.044311	-0.227103	-44.932618	185.898000	-246.213331	186.978131	252.761862	163.070930	35.625550	159.202930	-152.575022	33.455774	81.269794	32.080586	-628.411155	60.804466	431.215297	65.188154	-241.524347	0.133710	417.729981	0.192865	-195.504000	0.000000	-7.591063	7.127014	-384.624000	0.000000	-1.976000	0.000000	65.896000	0.000000	123.875000	0.000000	-195.267000	0.000000	66.843000	0.000000	-115.378000	0.000000	-98.042000	0.000000	-51.739000	0.000000	-341.974000	0.000000	-119.067000	0.000000	81.684000	0.000000

2024-08-26	12:58:27	1724669907.499802	-43118.000440	-0.044311	-0.227103	-173.938228	123.302253	-102.366287	96.605527	196.503224	106.623891	146.074829	95.066226	-177.059238	96.589733	117.844343	84.441091	-589.463292	58.733237	403.818330	55.893205	-241.154479	0.107495	417.821234	0.184461	-195.504000	0.000000	-11.886751	10.323350	-384.624000	0.000000	-1.976000	0.000000	65.896000	0.000000	123.875000	0.000000	-195.267000	0.000000	66.843000	0.000000	-115.378000	0.000000	-98.042000	0.000000	-51.739000	0.000000	-341.974000	0.000000	-119.067000	0.000000	81.684000	0.000000

2024-08-26	12:58:28	1724669908.502215	-43116.998026	-0.044311	-0.227103	-53.411818	113.633409	-215.785018	153.327406	75.407446	89.786735	268.461511	159.121751	-149.504333	115.076148	93.174808	111.738235	-585.307227	62.592718	399.458137	62.509626	-241.487618	0.151825	417.795838	0.199203	-195.504000	0.000000	-5.750538	6.669029	-384.624000	0.000000	-1.976000	0.000000	65.896000	0.000000	123.875000	0.000000	-195.267000	0.000000	66.843000	0.000000	-115.378000	0.000000	-98.042000	0.000000	-51.739000	0.000000	-341.974000	0.000000	-119.067000	0.000000	81.684000	0.000000

2024-08-26	12:58:29	1724669909.498806	-43116.001436	-0.044311	-0.227103	-43.254999	191.156139	-248.773960	191.379913	119.339589	112.261435	210.843241	131.740847	-151.626970	55.099218	85.337014	56.214018	-633.339092	20.602685	437.290925	20.506507	-241.576124	0.125378	417.568165	0.207751	-195.504000	0.000000	-10.847854	6.216552	-384.624000	0.000000	-1.976000	0.000000	65.896000	0.000000	123.875000	0.000000	-195.267000	0.000000	66.843000	0.000000	-115.378000	0.000000	-98.042000	0.000000	-51.739000	0.000000	-341.974000	0.000000	-119.067000	0.000000	81.684000	0.000000

2024-08-26	12:58:30	1724669910.498220	-43115.002021	-0.044311	-0.227103	74.465728	119.729297	-349.068031	129.034702	146.999897	170.187275	207.598505	210.615054	-255.138234	70.120488	202.547983	63.456211	-570.378418	70.671287	388.203146	72.193935	-241.644138	0.192794	417.607418	0.324299	-195.504000	0.000000	-5.643181	5.630635	-384.624000	0.000000	-1.976000	0.000000	65.896000	0.000000	123.875000	0.000000	-195.267000	0.000000	66.843000	0.000000	-115.378000	0.000000	-98.042000	0.000000	-51.739000	0.000000	-341.974000	0.000000	-119.067000	0.000000	81.684000	0.000000

2024-08-26	12:58:31	1724669911.501633	-43113.998609	-0.044311	-0.194003	-152.866844	201.581512	-129.542178	196.472075	222.793325	92.250331	91.374449	92.435193	-86.561047	73.431597	25.988687	87.471551	-585.609674	48.313906	395.350873	49.970224	-241.611856	0.156513	417.481867	0.282703	-195.504000	0.000000	0.327396	5.584524	-384.624000	0.000000	-1.976000	0.000000	65.896000	0.000000	123.875000	0.000000	-195.267000	0.000000	66.843000	0.000000	-115.378000	0.000000	-98.042000	0.000000	-51.739000	0.000000	-341.974000	0.000000	-119.067000	0.000000	81.684000	0.000000

2024-08-26	12:58:32	1724669912.497051	-43113.003191	-0.044311	-0.194003	-294.662838	236.321336	19.963449	217.242424	167.887542	146.333518	181.456183	165.962290	-128.171129	292.788807	73.095510	302.540967	-609.649535	63.113935	416.956937	56.178884	-241.555961	0.373127	417.400805	0.223580	-195.504000	0.000000	-10.225052	5.128799	-384.624000	0.000000	-1.976000	0.000000	65.896000	0.000000	123.875000	0.000000	-195.267000	0.000000	66.843000	0.000000	-115.378000	0.000000	-98.042000	0.000000	-51.739000	0.000000	-341.974000	0.000000	-119.067000	0.000000	81.684000	0.000000

2024-08-26	12:58:33	1724669913.496466	-43112.003776	-0.044311	-0.194003	-57.481495	137.064438	-223.819914	136.642737	115.784984	243.308522	222.940327	172.015739	-190.887334	192.692150	125.359324	176.421540	-605.644923	50.758469	418.242484	41.320315	-241.640472	0.229063	417.773187	0.153057	-195.504000	0.000000	-5.799859	8.006724	-384.624000	0.000000	-1.976000	0.000000	65.896000	0.000000	123.875000	0.000000	-195.267000	0.000000	66.843000	0.000000	-115.378000	0.000000	-98.042000	0.000000	-51.739000	0.000000	-341.974000	0.000000	-119.067000	0.000000	81.684000	0.000000

2024-08-26	12:58:34	1724669914.500966	-43110.999276	-0.044311	-0.194003	-155.830666	261.906490	-120.638298	284.592825	169.205165	81.151008	153.410469	73.087452	-165.648906	117.942362	114.478474	85.498233	-582.155405	66.735579	390.325211	68.579816	-242.007336	0.239678	417.870503	0.149696	-195.504000	0.000000	-9.030878	6.382701	-384.624000	0.000000	-1.976000	0.000000	65.896000	0.000000	123.875000	0.000000	-195.267000	0.000000	66.843000	0.000000	-115.378000	0.000000	-98.042000	0.000000	-51.739000	0.000000	-341.974000	0.000000	-119.067000	0.000000	81.684000	0.000000

2024-08-26	12:58:35	1724669915.497383	-43110.002859	-0.044311	-0.194003	-143.271043	221.592581	-132.485214	242.436662	111.004777	145.378144	223.788023	145.579272	-131.062042	137.382227	77.692992	113.456632	-558.306951	86.667375	370.750938	85.839583	-241.524429	0.343478	417.313125	0.265012	-195.504000	0.000000	0.977908	12.214115	-384.624000	0.000000	-1.976000	0.000000	65.896000	0.000000	123.875000	0.000000	-195.267000	0.000000	66.843000	0.000000	-115.378000	0.000000	-98.042000	0.000000	-51.739000	0.000000	-341.974000	0.000000	-119.067000	0.000000	81.684000	0.000000

2024-08-26	12:58:36	1724669916.501795	-43108.998446	-0.044311	-0.194003	-64.461320	94.824637	-213.878186	72.080164	131.546661	119.687248	197.155835	140.933292	-163.237240	164.788324	98.875069	150.631530	-604.141958	50.427157	412.980120	48.683038	-241.670436	0.164128	417.274496	0.218553	-195.504000	0.000000	-12.228238	7.378120	-384.624000	0.000000	-1.976000	0.000000	65.896000	0.000000	123.875000	0.000000	-195.267000	0.000000	66.843000	0.000000	-115.378000	0.000000	-98.042000	0.000000	-51.739000	0.000000	-341.974000	0.000000	-119.067000	0.000000	81.684000	0.000000

2024-08-26	12:58:37	1724669917.500211	-43108.000031	-0.044311	-0.207240	-249.922563	179.649618	-23.220208	168.422431	261.924863	164.550891	80.465975	127.085326	-223.172966	139.146927	166.759200	136.269348	-589.802054	59.215628	401.252099	65.757524	-241.582019	0.118123	417.465277	0.225793	-195.504000	0.000000	-8.434507	7.706387	-384.624000	0.000000	-1.976000	0.000000	65.896000	0.000000	123.875000	0.000000	-195.267000	0.000000	66.843000	0.000000	-115.378000	0.000000	-98.042000	0.000000	-51.739000	0.000000	-341.974000	0.000000	-119.067000	0.000000	81.684000	0.000000

2024-08-26	12:58:38	1724669918.508621	-43106.991621	-0.044311	-0.207240	121.899681	202.153404	-396.283417	183.524529	53.582713	158.169468	301.540777	134.786034	-133.480520	28.289507	87.623772	42.813513	-588.935824	24.184917	402.273820	16.238034	-241.288058	0.177190	417.684796	0.255026	-195.504000	0.000000	-3.664935	8.632516	-384.624000	0.000000	-1.976000	0.000000	65.896000	0.000000	123.875000	0.000000	-195.267000	0.000000	66.843000	0.000000	-115.378000	0.000000	-98.042000	0.000000	-51.739000	0.000000	-341.974000	0.000000	-119.067000	0.000000	81.684000	0.000000

2024-08-26	12:58:39	1724669919.500384	-43105.999857	-0.044311	-0.207240	-108.983364	163.168781	-176.577653	158.941761	161.462770	146.485553	153.639650	144.489708	-148.287458	84.443957	86.529092	67.741294	-565.114321	59.869193	373.727183	52.775143	-241.456174	0.221986	417.378763	0.166386	-195.504000	0.000000	-9.910205	7.678508	-384.624000	0.000000	-1.976000	0.000000	65.896000	0.000000	123.875000	0.000000	-195.267000	0.000000	66.843000	0.000000	-115.378000	0.000000	-98.042000	0.000000	-51.739000	0.000000	-341.974000	0.000000	-119.067000	0.000000	81.684000	0.000000

2024-08-26	12:58:40	1724669920.499799	-43105.000443	-0.044311	-0.207240	-103.305609	244.583371	-174.301029	257.490539	187.979651	269.626601	134.897256	242.318351	-187.425823	247.756090	112.157837	243.142302	-604.605378	63.695172	412.852960	56.404005	-241.529844	0.188183	417.247213	0.259723	-195.504000	0.000000	-11.279384	6.373086	-384.624000	0.000000	-1.976000	0.000000	65.896000	0.000000	123.875000	0.000000	-195.267000	0.000000	66.843000	0.000000	-115.378000	0.000000	-98.042000	0.000000	-51.739000	0.000000	-341.974000	0.000000	-119.067000	0.000000	81.684000	0.000000

2024-08-26	12:58:41	1724669921.497215	-43104.003026	-0.044311	-0.207240	-204.726206	241.307241	-69.718136	252.106766	194.547067	93.111972	147.190419	106.570292	-176.388354	108.264302	128.961582	89.614900	-610.841584	70.898640	418.464710	66.024466	-241.660119	0.326299	417.177716	0.173896	-195.504000	0.000000	-10.213736	6.389334	-384.624000	0.000000	-1.976000	0.000000	65.896000	0.000000	123.875000	0.000000	-195.267000	0.000000	66.843000	0.000000	-115.378000	0.000000	-98.042000	0.000000	-51.739000	0.000000	-341.974000	0.000000	-119.067000	0.000000	81.684000	0.000000

2024-08-26	12:58:42	1724669922.509623	-43102.990619	-0.044311	-0.174143	-1.373370	163.305026	-289.652191	165.789540	201.381871	117.423421	129.649215	105.860970	-103.722679	67.739627	49.581563	70.917002	-629.141891	74.063483	439.927033	70.663426	-241.723970	0.162963	417.354636	0.144850	-195.504000	0.000000	-9.592620	10.103269	-384.624000	0.000000	-1.976000	0.000000	65.896000	0.000000	123.875000	0.000000	-195.267000	0.000000	66.843000	0.000000	-115.378000	0.000000	-98.042000	0.000000	-51.739000	0.000000	-341.974000	0.000000	-119.067000	0.000000	81.684000	0.000000

2024-08-26	12:58:43	1724669923.504041	-43101.996201	-0.044311	-0.174143	-81.453426	183.117081	-209.954741	171.911883	40.664883	248.321775	267.299636	223.161633	-159.223750	176.876492	85.323584	159.952448	-612.749642	80.811450	416.455270	74.386191	-241.817863	0.420639	417.211102	0.241745	-195.504000	0.000000	-11.309164	9.507337	-384.624000	0.000000	-1.976000	0.000000	65.896000	0.000000	123.875000	0.000000	-195.267000	0.000000	66.843000	0.000000	-115.378000	0.000000	-98.042000	0.000000	-51.739000	0.000000	-341.974000	0.000000	-119.067000	0.000000	81.684000	0.000000

2024-08-26	12:58:44	1724669924.500978	-43100.999263	-0.044311	-0.174143	17.466300	135.079692	-293.253862	101.023028	55.037431	114.481106	284.944860	121.986208	-187.705759	139.981704	127.272768	107.470563	-595.117917	38.817071	406.645075	36.256504	-242.015152	0.161102	417.481148	0.142763	-195.504000	0.000000	-15.888511	6.930356	-384.624000	0.000000	-1.976000	0.000000	65.896000	0.000000	123.875000	0.000000	-195.267000	0.000000	66.843000	0.000000	-115.378000	0.000000	-98.042000	0.000000	-51.739000	0.000000	-341.974000	0.000000	-119.067000	0.000000	81.684000	0.000000

2024-08-26	12:58:45	1724669925.504573	-43099.995669	-0.044311	-0.174143	-149.999822	231.263031	-120.269573	237.648768	214.559323	103.777519	128.947322	181.168343	-197.521088	140.794751	146.930153	130.153730	-569.304539	29.093808	383.089876	25.355286	-241.979505	0.206476	417.499041	0.117980	-195.504000	0.000000	-8.560985	11.716483	-384.624000	0.000000	-1.976000	0.000000	65.896000	0.000000	123.875000	0.000000	-195.267000	0.000000	66.843000	0.000000	-115.378000	0.000000	-98.042000	0.000000	-51.739000	0.000000	-341.974000	0.000000	-119.067000	0.000000	81.684000	0.000000

2024-08-26	12:58:46	1724669926.498991	-43099.001251	-0.044311	-0.174143	-55.197376	89.807723	-221.851059	113.726130	214.816782	159.597394	128.235218	169.558068	-28.083965	144.263080	-25.651645	124.518199	-573.412584	82.319421	385.793474	78.316760	-242.486263	0.272527	417.278129	0.177740	-195.504000	0.000000	-10.376914	7.333024	-384.624000	0.000000	-1.976000	0.000000	65.896000	0.000000	123.875000	0.000000	-195.267000	0.000000	66.843000	0.000000	-115.378000	0.000000	-98.042000	0.000000	-51.739000	0.000000	-341.974000	0.000000	-119.067000	0.000000	81.684000	0.000000

2024-08-26	12:58:47	1724669927.510399	-43097.989843	-0.044311	-0.174143	-289.154290	303.918766	6.915459	329.752141	192.167242	102.031669	132.278439	126.739898	-196.175229	130.153687	132.643366	112.724033	-628.882775	34.056325	436.190689	36.189730	-241.987531	0.126765	416.905568	0.186292	-195.504000	0.000000	-10.812368	7.191447	-384.624000	0.000000	-1.976000	0.000000	65.896000	0.000000	123.875000	0.000000	-195.267000	0.000000	66.843000	0.000000	-115.378000	0.000000	-98.042000	0.000000	-51.739000	0.000000	-341.974000	0.000000	-119.067000	0.000000	81.684000	0.000000

2024-08-26	12:58:48	1724669928.498821	-43097.001421	-0.044311	-0.213862	29.164976	71.822275	-312.989709	64.938422	88.667865	169.720709	248.790066	162.519103	-127.260614	101.740040	72.405866	91.135530	-571.027358	83.616609	380.581703	85.522874	-241.995281	0.267901	416.807515	0.187207	-195.504000	0.000000	-10.582554	7.261928	-384.624000	0.000000	-1.976000	0.000000	65.896000	0.000000	123.875000	0.000000	-195.267000	0.000000	66.843000	0.000000	-115.378000	0.000000	-98.042000	0.000000	-51.739000	0.000000	-341.974000	0.000000	-119.067000	0.000000	81.684000	0.000000

2024-08-26	12:58:49	1724669929.505231	-43095.995010	-0.044311	-0.213862	-66.011118	168.919136	-213.176444	144.241036	127.793129	82.211614	196.680414	102.503683	-209.871525	70.814323	141.891617	88.338459	-610.579134	65.176081	420.940511	65.809870	-242.071296	0.141445	417.321570	0.253759	-195.504000	0.000000	-12.958799	13.352910	-384.624000	0.000000	-1.976000	0.000000	65.896000	0.000000	123.875000	0.000000	-195.267000	0.000000	66.843000	0.000000	-115.378000	0.000000	-98.042000	0.000000	-51.739000	0.000000	-341.974000	0.000000	-119.067000	0.000000	81.684000	0.000000

2024-08-26	12:58:50	1724669930.498845	-43095.001397	-0.044311	-0.213862	129.450462	87.969934	-405.745500	119.303102	182.512923	194.366500	159.388869	232.602398	-157.877698	143.315223	110.686551	137.466715	-574.121558	35.207143	386.661383	38.188247	-241.953809	0.208780	417.515803	0.150150	-195.504000	0.000000	-11.315035	6.543652	-384.624000	0.000000	-1.976000	0.000000	65.896000	0.000000	123.875000	0.000000	-195.267000	0.000000	66.843000	0.000000	-115.378000	0.000000	-98.042000	0.000000	-51.739000	0.000000	-341.974000	0.000000	-119.067000	0.000000	81.684000	0.000000

2024-08-26	12:58:51	1724669931.503257	-43093.996985	-0.044311	-0.213862	-259.587301	130.413542	-7.322589	146.579114	118.726396	175.679123	223.967854	180.247563	-175.921192	53.744958	115.142140	66.207048	-579.375168	17.819771	393.803151	15.688201	-241.799742	0.253740	417.604265	0.108238	-195.504000	0.000000	-3.135313	8.289959	-384.624000	0.000000	-1.976000	0.000000	65.896000	0.000000	123.875000	0.000000	-195.267000	0.000000	66.843000	0.000000	-115.378000	0.000000	-98.042000	0.000000	-51.739000	0.000000	-341.974000	0.000000	-119.067000	0.000000	81.684000	0.000000

2024-08-26	12:58:52	1724669932.500673	-43092.999568	-0.044311	-0.213862	-128.931219	142.335011	-163.028148	134.726268	170.858425	111.783970	137.396317	154.867097	-86.868270	43.377874	22.147024	65.105783	-595.523223	81.395382	400.515612	75.932670	-241.967389	0.166900	417.062355	0.331215	-195.504000	0.000000	-6.596572	7.984273	-384.624000	0.000000	-1.976000	0.000000	65.896000	0.000000	123.875000	0.000000	-195.267000	0.000000	66.843000	0.000000	-115.378000	0.000000	-98.042000	0.000000	-51.739000	0.000000	-341.974000	0.000000	-119.067000	0.000000	81.684000	0.000000

2024-08-26	12:58:53	1724669933.507084	-43091.993158	-0.044311	-0.200625	-107.197480	263.822819	-176.648779	284.314370	121.978535	202.986829	216.208084	168.138169	-142.010204	142.583793	82.678428	127.062786	-607.765199	67.152971	414.863477	64.554374	-241.879551	0.248415	417.022343	0.252151	-195.504000	0.000000	-1.029857	6.947149	-384.624000	0.000000	-1.976000	0.000000	65.896000	0.000000	123.875000	0.000000	-195.267000	0.000000	66.843000	0.000000	-115.378000	0.000000	-98.042000	0.000000	-51.739000	0.000000	-341.974000	0.000000	-119.067000	0.000000	81.684000	0.000000

2024-08-26	12:58:54	1724669934.506499	-43090.993742	-0.044311	-0.200625	139.255083	150.312305	-407.885178	131.662840	250.829995	143.358343	105.461434	148.251203	-182.019909	49.783768	128.783341	25.348904	-545.004835	44.497789	357.933875	35.699406	-242.324532	0.263664	416.785014	0.213145	-195.504000	0.000000	-8.278353	7.556733	-384.624000	0.000000	-1.976000	0.000000	65.896000	0.000000	123.875000	0.000000	-195.267000	0.000000	66.843000	0.000000	-115.378000	0.000000	-98.042000	0.000000	-51.739000	0.000000	-341.974000	0.000000	-119.067000	0.000000	81.684000	0.000000

2024-08-26	12:58:55	1724669935.500364	-43089.999877	-0.044311	-0.200625	-219.148906	167.505997	-62.694442	126.041908	143.530731	209.512920	170.412220	217.827387	-150.072066	160.671227	90.347077	142.958573	-617.214518	72.359799	425.795007	66.172650	-242.118678	0.235308	417.132740	0.185587	-195.504000	0.000000	1.147281	5.648702	-384.624000	0.000000	-1.976000	0.000000	65.896000	0.000000	123.875000	0.000000	-195.267000	0.000000	66.843000	0.000000	-115.378000	0.000000	-98.042000	0.000000	-51.739000	0.000000	-341.974000	0.000000	-119.067000	0.000000	81.684000	0.000000

2024-08-26	12:58:56	1724669936.495765	-43089.004477	-0.044311	-0.200625	-196.708559	169.935892	-86.177415	179.094514	139.556592	119.568062	188.079226	95.595828	-160.244019	181.479521	92.406546	180.658383	-639.587465	82.617719	435.233503	65.359900	-241.704854	0.229852	417.313122	0.335665	-195.504000	0.000000	-3.938740	12.101351	-384.624000	0.000000	-1.976000	0.000000	65.896000	0.000000	123.875000	0.000000	-195.267000	0.000000	66.843000	0.000000	-115.378000	0.000000	-98.042000	0.000000	-51.739000	0.000000	-341.974000	0.000000	-119.067000	0.000000	81.684000	0.000000

2024-08-26	12:58:57	1724669937.505174	-43087.995068	-0.044311	-0.200625	-118.459493	218.595882	-151.738690	226.038358	162.660473	84.580612	189.138540	68.484102	-86.674902	140.953045	32.739570	115.899600	-671.123962	90.700243	474.289403	89.194977	-241.782250	0.262827	417.431153	0.118442	-195.504000	0.000000	-8.060533	6.834654	-384.624000	0.000000	-1.976000	0.000000	65.896000	0.000000	123.875000	0.000000	-195.267000	0.000000	66.843000	0.000000	-115.378000	0.000000	-98.042000	0.000000	-51.739000	0.000000	-341.974000	0.000000	-119.067000	0.000000	81.684000	0.000000

2024-08-26	12:58:58	1724669938.498592	-43087.001649	-0.044311	-0.200625	-8.092130	161.515581	-291.114010	150.822769	178.711635	167.819807	137.316533	217.867186	-255.924331	79.321798	186.961690	91.826715	-600.947286	41.166385	406.839568	43.301793	-241.861142	0.185026	417.208411	0.204534	-195.504000	0.000000	-9.958683	6.888177	-384.624000	0.000000	-1.976000	0.000000	65.896000	0.000000	123.875000	0.000000	-195.267000	0.000000	66.843000	0.000000	-115.378000	0.000000	-98.042000	0.000000	-51.739000	0.000000	-341.974000	0.000000	-119.067000	0.000000	81.684000	0.000000

2024-08-26	12:58:59	1724669939.510001	-43085.990241	-0.044311	-0.213862	-179.277787	108.771416	-105.086402	118.449403	160.977739	55.100129	157.800158	88.251242	-157.681631	160.192869	92.966320	152.380129	-605.336843	61.634300	413.940514	61.333731	-242.222489	0.232481	417.158902	0.185973	-195.504000	0.000000	-18.074229	11.637966	-384.624000	0.000000	-1.976000	0.000000	65.896000	0.000000	123.875000	0.000000	-195.267000	0.000000	66.843000	0.000000	-115.378000	0.000000	-98.042000	0.000000	-51.739000	0.000000	-341.974000	0.000000	-119.067000	0.000000	81.684000	0.000000

2024-08-26	12:59:00	1724669940.502937	-43084.997305	-0.044311	-0.213862	-203.899685	186.567214	-59.539753	178.750985	176.190788	94.492698	191.707365	63.311754	-144.499767	134.632416	94.066241	88.895727	-605.180698	31.142981	417.143364	40.105656	-241.764214	0.298042	417.131110	0.191114	-195.504000	0.000000	-13.135520	10.458527	-384.624000	0.000000	-1.976000	0.000000	65.896000	0.000000	123.875000	0.000000	-195.267000	0.000000	66.843000	0.000000	-115.378000	0.000000	-98.042000	0.000000	-51.739000	0.000000	-341.974000	0.000000	-119.067000	0.000000	81.684000	0.000000

2024-08-26	12:59:01	1724669941.500353	-43083.999889	-0.044311	-0.213862	-110.201328	191.139023	-162.704466	175.725971	112.295545	83.769147	219.030653	114.435922	-203.531483	70.424257	138.132217	50.746012	-588.377530	52.489592	400.195069	51.630099	-242.288049	0.203441	417.172660	0.308944	-195.504000	0.000000	-6.919825	7.889012	-384.624000	0.000000	-1.976000	0.000000	65.896000	0.000000	123.875000	0.000000	-195.267000	0.000000	66.843000	0.000000	-115.378000	0.000000	-98.042000	0.000000	-51.739000	0.000000	-341.974000	0.000000	-119.067000	0.000000	81.684000	0.000000

2024-08-26	12:59:02	1724669942.508763	-43082.991479	-0.044311	-0.213862	-59.737833	151.849237	-230.650387	162.583131	125.052968	161.745657	205.657330	146.783927	-150.134573	45.348156	93.103570	34.699555	-560.318212	65.228791	373.048894	57.908885	-242.061475	0.167396	417.459110	0.143775	-195.504000	0.000000	-13.183132	9.743754	-384.624000	0.000000	-1.976000	0.000000	65.896000	0.000000	123.875000	0.000000	-195.267000	0.000000	66.843000	0.000000	-115.378000	0.000000	-98.042000	0.000000	-51.739000	0.000000	-341.974000	0.000000	-119.067000	0.000000	81.684000	0.000000

