Date/C:Time:TimeStamp/D:time:VMeas:IMeas:I_00:DI_00:I_01:DI_01:I_02:DI_02:I_03:DI_03:I_04:DI_04:I_05:DI_05:I_06:DI_06:I_07:DI_07:I_08:DI_08:I_09:DI_09:I_10:DI_10:I_11:DI_11:I_12:DI_12:I_13:DI_13:I_14:DI_14:I_15:DI_15:I_16:DI_16:I_17:DI_17:I_18:DI_18:I_19:DI_19:I_20:DI_20:I_21:DI_21:I_22:DI_22:I_23:DI_23
2024-08-26	13:18:21	1724671101.547616	-43200.000000	-0.044311	-0.194003	117.486583	135.542135	-329.657728	173.333813	265.072809	148.433465	223.312263	134.712834	-110.244903	115.848164	101.915457	98.185429	-324.746994	72.745904	138.799560	65.616206	-242.160003	0.306000	417.606830	0.177012	-195.504000	0.000000	36.033957	3.739013	-384.624000	0.000000	-1.976000	0.000000	65.896000	0.000000	123.875000	0.000000	-195.267000	0.000000	66.843000	0.000000	-115.378000	0.000000	-98.042000	0.000000	-51.739000	0.000000	-341.974000	0.000000	-119.067000	0.000000	81.684000	0.000000

2024-08-26	13:18:22	1724671102.551033	-43198.996583	-0.044311	-0.194003	-12.325143	202.945510	-207.477346	174.493105	239.314232	138.087277	235.135213	144.912088	-131.621946	103.196437	111.922064	69.881612	-278.310230	55.678354	86.200670	51.449990	-242.194543	0.196862	417.460239	0.210641	-195.504000	0.000000	36.313412	3.819941	-384.624000	0.000000	-1.976000	0.000000	65.896000	0.000000	123.875000	0.000000	-195.267000	0.000000	66.843000	0.000000	-115.378000	0.000000	-98.042000	0.000000	-51.739000	0.000000	-341.974000	0.000000	-119.067000	0.000000	81.684000	0.000000

2024-08-26	13:18:23	1724671103.554451	-43197.993165	-0.044311	-0.187380	-2.772644	224.898844	-205.920728	224.667304	297.079292	30.333656	182.579328	42.672666	-47.189935	78.875482	35.377939	75.642161	-336.903271	32.203114	149.538705	28.947311	-242.000115	0.272529	417.625535	0.132759	-195.504000	0.000000	40.126451	4.178162	-384.624000	0.000000	-1.976000	0.000000	65.896000	0.000000	123.875000	0.000000	-195.267000	0.000000	66.843000	0.000000	-115.378000	0.000000	-98.042000	0.000000	-51.739000	0.000000	-341.974000	0.000000	-119.067000	0.000000	81.684000	0.000000

2024-08-26	13:18:24	1724671104.546875	-43197.000741	-0.044311	-0.187380	-33.000284	133.143047	-177.406454	171.141405	364.956373	157.758366	115.908895	168.174478	-156.640094	33.407032	143.767616	32.783590	-334.164473	49.553140	147.073842	49.772585	-242.040329	0.385320	417.016855	0.213227	-195.504000	0.000000	39.443108	2.667065	-384.624000	0.000000	-1.976000	0.000000	65.896000	0.000000	123.875000	0.000000	-195.267000	0.000000	66.843000	0.000000	-115.378000	0.000000	-98.042000	0.000000	-51.739000	0.000000	-341.974000	0.000000	-119.067000	0.000000	81.684000	0.000000

2024-08-26	13:18:25	1724671105.544645	-43196.002972	-0.044311	-0.187380	-106.118703	184.018168	-102.482953	196.673301	274.891427	125.226045	196.117817	160.232908	-111.445976	85.807123	102.208934	58.999267	-316.248219	66.064566	126.011961	60.761118	-241.715927	0.217180	417.461158	0.217015	-195.504000	0.000000	40.566554	3.345347	-384.624000	0.000000	-1.976000	0.000000	65.896000	0.000000	123.875000	0.000000	-195.267000	0.000000	66.843000	0.000000	-115.378000	0.000000	-98.042000	0.000000	-51.739000	0.000000	-341.974000	0.000000	-119.067000	0.000000	81.684000	0.000000

2024-08-26	13:18:26	1724671106.553363	-43194.994254	-0.044311	-0.187380	6.590574	118.967165	-217.440626	129.405969	259.589293	89.176160	230.184684	98.892188	-172.946713	132.883969	154.980975	105.180226	-294.367584	53.598402	108.449994	54.095976	-241.603430	0.144346	417.277708	0.166470	-195.504000	0.000000	36.701697	2.496966	-384.624000	0.000000	-1.976000	0.000000	65.896000	0.000000	123.875000	0.000000	-195.267000	0.000000	66.843000	0.000000	-115.378000	0.000000	-98.042000	0.000000	-51.739000	0.000000	-341.974000	0.000000	-119.067000	0.000000	81.684000	0.000000

2024-08-26	13:18:27	1724671107.553799	-43193.993817	-0.044311	-0.187380	-58.944283	261.929303	-159.086592	259.160739	277.171845	131.601927	211.306438	113.678468	-49.101632	132.293697	41.459310	112.274509	-320.263851	48.812268	132.433072	55.441219	-241.958252	0.140700	417.191312	0.155419	-195.504000	0.000000	36.027449	3.488606	-384.624000	0.000000	-1.976000	0.000000	65.896000	0.000000	123.875000	0.000000	-195.267000	0.000000	66.843000	0.000000	-115.378000	0.000000	-98.042000	0.000000	-51.739000	0.000000	-341.974000	0.000000	-119.067000	0.000000	81.684000	0.000000

2024-08-26	13:18:28	1724671108.547223	-43193.000394	-0.044311	-0.187380	-130.126276	74.777294	-66.585746	82.028829	294.359235	133.425738	175.639078	142.440263	-138.339246	94.170711	125.920307	85.205507	-293.023699	44.736013	102.890448	40.089115	-242.039992	0.157069	417.709560	0.170497	-195.504000	0.000000	36.329507	4.263776	-384.624000	0.000000	-1.976000	0.000000	65.896000	0.000000	123.875000	0.000000	-195.267000	0.000000	66.843000	0.000000	-115.378000	0.000000	-98.042000	0.000000	-51.739000	0.000000	-341.974000	0.000000	-119.067000	0.000000	81.684000	0.000000

2024-08-26	13:18:29	1724671109.546643	-43192.000974	-0.044311	-0.200625	-8.776435	161.800305	-214.992764	160.832790	263.260093	85.761834	213.971797	61.276631	-151.480293	37.268669	128.320826	30.448937	-384.331670	57.822997	196.147188	59.949977	-241.818555	0.174371	417.683149	0.220324	-195.504000	0.000000	37.859904	6.625349	-384.624000	0.000000	-1.976000	0.000000	65.896000	0.000000	123.875000	0.000000	-195.267000	0.000000	66.843000	0.000000	-115.378000	0.000000	-98.042000	0.000000	-51.739000	0.000000	-341.974000	0.000000	-119.067000	0.000000	81.684000	0.000000

2024-08-26	13:18:30	1724671110.554072	-43190.993544	-0.044311	-0.200625	-67.976279	133.539740	-137.293926	141.638404	353.202823	86.941314	146.031875	65.070933	-88.274459	108.349527	85.063553	88.615307	-306.357832	43.335074	118.318696	46.527444	-241.902748	0.167334	417.416937	0.139912	-195.504000	0.000000	37.821196	5.316155	-384.624000	0.000000	-1.976000	0.000000	65.896000	0.000000	123.875000	0.000000	-195.267000	0.000000	66.843000	0.000000	-115.378000	0.000000	-98.042000	0.000000	-51.739000	0.000000	-341.974000	0.000000	-119.067000	0.000000	81.684000	0.000000

2024-08-26	13:18:31	1724671111.554477	-43189.993139	-0.044311	-0.200625	-75.193697	81.555263	-136.323852	80.945279	316.638798	215.480413	157.364914	160.582294	-108.456961	88.669999	97.716336	60.378875	-301.115911	33.732796	116.544400	32.156400	-241.848970	0.137737	417.227307	0.316040	-195.504000	0.000000	39.213025	3.874802	-384.624000	0.000000	-1.976000	0.000000	65.896000	0.000000	123.875000	0.000000	-195.267000	0.000000	66.843000	0.000000	-115.378000	0.000000	-98.042000	0.000000	-51.739000	0.000000	-341.974000	0.000000	-119.067000	0.000000	81.684000	0.000000

2024-08-26	13:18:32	1724671112.548957	-43188.998660	-0.044311	-0.200625	-9.234146	164.349887	-207.865070	163.542706	201.413048	106.420196	276.786302	129.108444	-100.860730	102.930710	87.989296	97.997128	-316.825451	89.958877	126.725809	81.486231	-241.983464	0.202924	417.422478	0.193803	-195.504000	0.000000	35.359446	8.076984	-384.624000	0.000000	-1.976000	0.000000	65.896000	0.000000	123.875000	0.000000	-195.267000	0.000000	66.843000	0.000000	-115.378000	0.000000	-98.042000	0.000000	-51.739000	0.000000	-341.974000	0.000000	-119.067000	0.000000	81.684000	0.000000

2024-08-26	13:18:33	1724671113.546378	-43188.001239	-0.044311	-0.200625	119.793334	172.497638	-321.151892	141.133454	274.936333	151.943434	219.472657	114.566790	-70.464259	124.814416	61.798871	108.458069	-286.730586	53.548309	103.456907	53.033713	-241.659064	0.157247	417.337696	0.217573	-195.504000	0.000000	36.884117	2.837267	-384.624000	0.000000	-1.976000	0.000000	65.896000	0.000000	123.875000	0.000000	-195.267000	0.000000	66.843000	0.000000	-115.378000	0.000000	-98.042000	0.000000	-51.739000	0.000000	-341.974000	0.000000	-119.067000	0.000000	81.684000	0.000000

2024-08-26	13:18:34	1724671114.548796	-43186.998821	-0.044311	-0.200625	-61.882256	139.296312	-150.637320	139.916412	243.704994	150.610274	235.633983	107.430438	-88.313513	122.355471	73.642584	109.001929	-358.680794	66.329949	172.154527	59.462163	-242.118880	0.119021	417.630369	0.210873	-195.504000	0.000000	36.717995	4.630612	-384.624000	0.000000	-1.976000	0.000000	65.896000	0.000000	123.875000	0.000000	-195.267000	0.000000	66.843000	0.000000	-115.378000	0.000000	-98.042000	0.000000	-51.739000	0.000000	-341.974000	0.000000	-119.067000	0.000000	81.684000	0.000000

2024-08-26	13:18:35	1724671115.544219	-43186.003398	-0.044311	-0.200625	-38.851438	240.436191	-165.248093	254.897707	278.039594	161.670453	209.011610	149.663500	-157.398351	161.528444	154.822307	142.295781	-329.964047	73.637030	139.641390	66.577423	-241.995256	0.165689	417.730751	0.254820	-195.504000	0.000000	32.209175	4.705627	-384.624000	0.000000	-1.976000	0.000000	65.896000	0.000000	123.875000	0.000000	-195.267000	0.000000	66.843000	0.000000	-115.378000	0.000000	-98.042000	0.000000	-51.739000	0.000000	-341.974000	0.000000	-119.067000	0.000000	81.684000	0.000000

2024-08-26	13:18:36	1724671116.554631	-43184.992985	-0.044311	-0.200625	92.201861	142.846851	-311.220759	140.411184	339.802537	176.871008	140.674617	199.303634	-80.602944	30.824951	65.752876	43.148448	-311.242369	38.750469	128.972217	40.271304	-242.135835	0.221307	417.609864	0.155167	-195.504000	0.000000	35.884045	5.507864	-384.624000	0.000000	-1.976000	0.000000	65.896000	0.000000	123.875000	0.000000	-195.267000	0.000000	66.843000	0.000000	-115.378000	0.000000	-98.042000	0.000000	-51.739000	0.000000	-341.974000	0.000000	-119.067000	0.000000	81.684000	0.000000

2024-08-26	13:18:37	1724671117.549612	-43183.998004	-0.044311	-0.200625	-26.764467	176.577971	-187.080826	163.961435	266.560786	57.861045	208.482135	66.738685	-110.850834	35.474124	92.857783	32.290788	-302.219175	38.319508	115.077959	35.076514	-242.131665	0.107375	417.770233	0.228322	-195.504000	0.000000	41.948551	2.519474	-384.624000	0.000000	-1.976000	0.000000	65.896000	0.000000	123.875000	0.000000	-195.267000	0.000000	66.843000	0.000000	-115.378000	0.000000	-98.042000	0.000000	-51.739000	0.000000	-341.974000	0.000000	-119.067000	0.000000	81.684000	0.000000

2024-08-26	13:18:38	1724671118.546033	-43183.001583	-0.044311	-0.200625	-214.934897	171.016103	13.034861	154.533752	257.598821	154.471034	230.572835	159.479684	-128.549645	98.612877	112.146575	109.145902	-326.861094	34.665510	141.526649	33.654306	-242.127792	0.253661	417.233788	0.230408	-195.504000	0.000000	36.320799	2.829303	-384.624000	0.000000	-1.976000	0.000000	65.896000	0.000000	123.875000	0.000000	-195.267000	0.000000	66.843000	0.000000	-115.378000	0.000000	-98.042000	0.000000	-51.739000	0.000000	-341.974000	0.000000	-119.067000	0.000000	81.684000	0.000000

2024-08-26	13:18:39	1724671119.556448	-43181.991169	-0.044311	-0.200625	174.744670	212.842927	-396.505388	216.054744	308.578023	138.782795	162.120671	131.102313	-130.655616	105.279800	120.289125	85.822599	-323.064524	60.217735	135.912297	52.238914	-242.231558	0.137200	417.604343	0.233703	-195.504000	0.000000	37.604439	2.526848	-384.624000	0.000000	-1.976000	0.000000	65.896000	0.000000	123.875000	0.000000	-195.267000	0.000000	66.843000	0.000000	-115.378000	0.000000	-98.042000	0.000000	-51.739000	0.000000	-341.974000	0.000000	-119.067000	0.000000	81.684000	0.000000

2024-08-26	13:18:40	1724671120.549870	-43180.997746	-0.044311	-0.200625	55.184816	96.227032	-276.750642	74.519394	178.588170	153.207067	288.266616	108.634744	-49.287560	144.201118	26.849442	128.719066	-296.697152	90.102658	108.216281	86.139695	-242.061125	0.202616	417.664738	0.213497	-195.504000	0.000000	38.516905	4.810660	-384.624000	0.000000	-1.976000	0.000000	65.896000	0.000000	123.875000	0.000000	-195.267000	0.000000	66.843000	0.000000	-115.378000	0.000000	-98.042000	0.000000	-51.739000	0.000000	-341.974000	0.000000	-119.067000	0.000000	81.684000	0.000000

2024-08-26	13:18:41	1724671121.545308	-43180.002309	-0.044311	-0.200625	28.372347	128.297131	-222.372642	116.154461	360.622227	73.204282	156.892415	124.005083	-99.915776	72.966203	105.454371	80.750341	-304.452544	60.785008	121.995790	54.960607	-241.798919	0.140532	417.880259	0.126981	-195.504000	0.000000	34.238682	3.403834	-384.624000	0.000000	-1.976000	0.000000	65.896000	0.000000	123.875000	0.000000	-195.267000	0.000000	66.843000	0.000000	-115.378000	0.000000	-98.042000	0.000000	-51.739000	0.000000	-341.974000	0.000000	-119.067000	0.000000	81.684000	0.000000

2024-08-26	13:18:42	1724671122.555735	-43178.991881	-0.044311	-0.200625	-48.717286	183.422377	-179.337896	190.225220	351.952856	81.374839	113.453288	69.840056	-141.706097	85.838286	121.414663	98.255060	-335.360616	45.950682	143.403083	39.813399	-242.037698	0.246347	417.935673	0.178348	-195.504000	0.000000	34.771332	3.759901	-384.624000	0.000000	-1.976000	0.000000	65.896000	0.000000	123.875000	0.000000	-195.267000	0.000000	66.843000	0.000000	-115.378000	0.000000	-98.042000	0.000000	-51.739000	0.000000	-341.974000	0.000000	-119.067000	0.000000	81.684000	0.000000

2024-08-26	13:18:43	1724671123.554157	-43177.993460	-0.044311	-0.200625	-90.431424	85.349085	-112.776858	79.120158	246.597103	123.932539	233.906959	135.495425	-102.208507	112.216661	87.593553	121.581640	-311.502323	51.515235	127.550571	44.629397	-241.809802	0.362331	417.973890	0.251939	-195.504000	0.000000	36.776253	3.770637	-384.624000	0.000000	-1.976000	0.000000	65.896000	0.000000	123.875000	0.000000	-195.267000	0.000000	66.843000	0.000000	-115.378000	0.000000	-98.042000	0.000000	-51.739000	0.000000	-341.974000	0.000000	-119.067000	0.000000	81.684000	0.000000

2024-08-26	13:18:44	1724671124.548578	-43176.999038	-0.044311	-0.200625	-49.945903	228.878863	-159.023605	187.698425	359.098490	94.659724	120.228873	91.395018	-91.592355	121.369248	90.008908	70.309282	-353.749673	65.153300	168.333832	67.660207	-242.030709	0.150091	418.179955	0.310613	-195.504000	0.000000	35.912046	4.523368	-384.624000	0.000000	-1.976000	0.000000	65.896000	0.000000	123.875000	0.000000	-195.267000	0.000000	66.843000	0.000000	-115.378000	0.000000	-98.042000	0.000000	-51.739000	0.000000	-341.974000	0.000000	-119.067000	0.000000	81.684000	0.000000

2024-08-26	13:18:45	1724671125.547999	-43175.999618	-0.044311	-0.200625	-63.041919	100.124458	-146.879017	67.540615	260.977097	122.594850	213.937950	148.548546	-121.396979	119.840287	104.567092	65.375307	-320.895469	67.271241	130.821738	74.093937	-241.992911	0.159267	417.901264	0.341821	-195.504000	0.000000	35.647035	4.122219	-384.624000	0.000000	-1.976000	0.000000	65.896000	0.000000	123.875000	0.000000	-195.267000	0.000000	66.843000	0.000000	-115.378000	0.000000	-98.042000	0.000000	-51.739000	0.000000	-341.974000	0.000000	-119.067000	0.000000	81.684000	0.000000

2024-08-26	13:18:46	1724671126.557427	-43174.990189	-0.044311	-0.194003	-118.509438	120.651186	-104.003449	118.269158	227.415593	119.523212	228.676447	153.436350	-100.254079	80.281519	76.624240	59.301696	-321.424257	37.121503	134.107821	42.224085	-241.815112	0.169799	417.625048	0.246634	-195.504000	0.000000	40.919265	4.247354	-384.624000	0.000000	-1.976000	0.000000	65.896000	0.000000	123.875000	0.000000	-195.267000	0.000000	66.843000	0.000000	-115.378000	0.000000	-98.042000	0.000000	-51.739000	0.000000	-341.974000	0.000000	-119.067000	0.000000	81.684000	0.000000

2024-08-26	13:18:47	1724671127.554293	-43173.993323	-0.044311	-0.194003	18.725047	247.718500	-221.742480	216.279497	222.708948	126.917344	286.205496	118.003538	-84.841569	46.899737	89.073656	33.721058	-305.191467	90.778427	120.456320	83.102424	-241.797667	0.182621	417.846367	0.185924	-195.504000	0.000000	34.105941	7.115019	-384.624000	0.000000	-1.976000	0.000000	65.896000	0.000000	123.875000	0.000000	-195.267000	0.000000	66.843000	0.000000	-115.378000	0.000000	-98.042000	0.000000	-51.739000	0.000000	-341.974000	0.000000	-119.067000	0.000000	81.684000	0.000000

2024-08-26	13:18:48	1724671128.545717	-43173.001899	-0.044311	-0.194003	53.538866	175.669827	-276.658477	188.594898	389.111132	143.472162	72.861354	150.935035	-151.035507	105.860061	122.485407	78.289854	-353.763635	71.331581	163.246917	75.216825	-241.945781	0.241749	417.434488	0.192764	-195.504000	0.000000	34.881479	3.472600	-384.624000	0.000000	-1.976000	0.000000	65.896000	0.000000	123.875000	0.000000	-195.267000	0.000000	66.843000	0.000000	-115.378000	0.000000	-98.042000	0.000000	-51.739000	0.000000	-341.974000	0.000000	-119.067000	0.000000	81.684000	0.000000

2024-08-26	13:18:49	1724671129.555131	-43171.992485	-0.044311	-0.194003	48.121712	121.996009	-257.680176	99.235877	185.419490	112.627034	315.956910	152.952711	-122.471116	90.269717	110.833401	66.200110	-302.722019	37.520195	115.353414	28.596310	-241.752590	0.279154	417.766720	0.148844	-195.504000	0.000000	33.738050	2.461815	-384.624000	0.000000	-1.976000	0.000000	65.896000	0.000000	123.875000	0.000000	-195.267000	0.000000	66.843000	0.000000	-115.378000	0.000000	-98.042000	0.000000	-51.739000	0.000000	-341.974000	0.000000	-119.067000	0.000000	81.684000	0.000000

2024-08-26	13:18:50	1724671130.545574	-43171.002042	-0.044311	-0.194003	-43.464722	196.958109	-162.102061	198.354179	278.291809	104.544503	214.130479	137.698897	-130.622931	63.976553	127.430697	84.337741	-295.139915	29.144270	105.621153	29.623550	-242.074439	0.165971	417.779787	0.141032	-195.504000	0.000000	34.201733	4.292095	-384.624000	0.000000	-1.976000	0.000000	65.896000	0.000000	123.875000	0.000000	-195.267000	0.000000	66.843000	0.000000	-115.378000	0.000000	-98.042000	0.000000	-51.739000	0.000000	-341.974000	0.000000	-119.067000	0.000000	81.684000	0.000000

2024-08-26	13:18:51	1724671131.550973	-43169.996644	-0.044311	-0.194003	-65.415249	240.176145	-155.566569	279.783281	325.093261	166.875818	154.818496	146.970943	-34.256654	107.549914	12.231975	108.011370	-322.686642	38.566182	132.904501	34.023414	-241.980370	0.187117	417.957554	0.118180	-195.504000	0.000000	34.492775	3.175186	-384.624000	0.000000	-1.976000	0.000000	65.896000	0.000000	123.875000	0.000000	-195.267000	0.000000	66.843000	0.000000	-115.378000	0.000000	-98.042000	0.000000	-51.739000	0.000000	-341.974000	0.000000	-119.067000	0.000000	81.684000	0.000000

2024-08-26	13:18:52	1724671132.546395	-43169.001221	-0.044311	-0.200625	117.028459	13.261488	-316.979041	37.597854	269.269745	137.811282	208.154061	151.843556	-108.871731	74.022931	102.237360	64.047683	-353.125436	60.665227	168.259526	61.162885	-242.069094	0.107661	418.053428	0.194063	-195.504000	0.000000	37.946699	4.235862	-384.624000	0.000000	-1.976000	0.000000	65.896000	0.000000	123.875000	0.000000	-195.267000	0.000000	66.843000	0.000000	-115.378000	0.000000	-98.042000	0.000000	-51.739000	0.000000	-341.974000	0.000000	-119.067000	0.000000	81.684000	0.000000

2024-08-26	13:18:53	1724671133.552835	-43167.994782	-0.044311	-0.200625	-46.064446	109.622755	-170.145429	128.423274	154.959442	95.539990	315.330918	138.009185	-171.646771	117.945406	148.512939	86.650424	-304.122797	34.305798	114.294040	36.931467	-242.104744	0.204672	417.844895	0.207459	-195.504000	0.000000	32.715390	3.607702	-384.624000	0.000000	-1.976000	0.000000	65.896000	0.000000	123.875000	0.000000	-195.267000	0.000000	66.843000	0.000000	-115.378000	0.000000	-98.042000	0.000000	-51.739000	0.000000	-341.974000	0.000000	-119.067000	0.000000	81.684000	0.000000

2024-08-26	13:18:54	1724671134.564262	-43166.983354	-0.044311	-0.200625	-140.342319	145.533113	-57.572094	165.287888	360.188173	95.543168	134.860068	115.984963	-65.343581	66.156722	62.334174	71.228347	-353.209927	66.976301	172.274096	56.365557	-241.815334	0.198783	418.002481	0.121778	-195.504000	0.000000	39.531592	3.859891	-384.624000	0.000000	-1.976000	0.000000	65.896000	0.000000	123.875000	0.000000	-195.267000	0.000000	66.843000	0.000000	-115.378000	0.000000	-98.042000	0.000000	-51.739000	0.000000	-341.974000	0.000000	-119.067000	0.000000	81.684000	0.000000

2024-08-26	13:18:55	1724671135.546677	-43166.000939	-0.044311	-0.200625	-9.869431	179.074230	-191.823904	162.749418	382.412913	88.589186	112.145477	105.063150	-75.283734	175.781852	70.395693	138.999059	-265.145101	44.756920	81.339292	36.353173	-241.506952	0.131554	417.715424	0.206618	-195.504000	0.000000	39.189976	2.853063	-384.624000	0.000000	-1.976000	0.000000	65.896000	0.000000	123.875000	0.000000	-195.267000	0.000000	66.843000	0.000000	-115.378000	0.000000	-98.042000	0.000000	-51.739000	0.000000	-341.974000	0.000000	-119.067000	0.000000	81.684000	0.000000

2024-08-26	13:18:56	1724671136.558090	-43164.989527	-0.044311	-0.200625	-86.501811	149.270374	-139.046067	138.662752	238.181558	95.205442	213.938059	90.962501	-131.698911	63.965163	105.686454	71.220592	-300.984535	45.156296	114.896511	48.941332	-241.745136	0.200405	417.529607	0.175894	-195.504000	0.000000	39.426119	3.374749	-384.624000	0.000000	-1.976000	0.000000	65.896000	0.000000	123.875000	0.000000	-195.267000	0.000000	66.843000	0.000000	-115.378000	0.000000	-98.042000	0.000000	-51.739000	0.000000	-341.974000	0.000000	-119.067000	0.000000	81.684000	0.000000

2024-08-26	13:18:57	1724671137.563507	-43163.984110	-0.044311	-0.200625	20.985659	170.646703	-208.610740	146.121550	255.686549	156.872129	256.946414	145.211232	-125.060696	59.164881	129.334180	51.205855	-285.812783	49.174992	106.595440	48.818729	-241.987346	0.128121	417.564042	0.176390	-195.504000	0.000000	37.840760	3.935102	-384.624000	0.000000	-1.976000	0.000000	65.896000	0.000000	123.875000	0.000000	-195.267000	0.000000	66.843000	0.000000	-115.378000	0.000000	-98.042000	0.000000	-51.739000	0.000000	-341.974000	0.000000	-119.067000	0.000000	81.684000	0.000000

2024-08-26	13:18:58	1724671138.545670	-43163.001947	-0.044311	-0.200625	-115.486711	166.462186	-111.116136	141.062292	267.091994	104.263877	211.352672	64.560142	-139.651805	79.773082	126.394223	64.496850	-319.507368	45.303608	127.540739	49.281109	-241.932405	0.228676	417.380158	0.280924	-195.504000	0.000000	38.077749	4.049049	-384.624000	0.000000	-1.976000	0.000000	65.896000	0.000000	123.875000	0.000000	-195.267000	0.000000	66.843000	0.000000	-115.378000	0.000000	-98.042000	0.000000	-51.739000	0.000000	-341.974000	0.000000	-119.067000	0.000000	81.684000	0.000000

2024-08-26	13:18:59	1724671139.556083	-43161.991533	-0.044311	-0.200625	-63.825422	166.501525	-140.810338	161.966542	351.212105	96.497249	123.897047	139.578214	-68.216703	107.631225	53.401713	114.513953	-332.013233	34.654453	145.435224	38.679780	-241.854868	0.276372	417.943332	0.144324	-195.504000	0.000000	39.554073	2.931099	-384.624000	0.000000	-1.976000	0.000000	65.896000	0.000000	123.875000	0.000000	-195.267000	0.000000	66.843000	0.000000	-115.378000	0.000000	-98.042000	0.000000	-51.739000	0.000000	-341.974000	0.000000	-119.067000	0.000000	81.684000	0.000000

2024-08-26	13:19:00	1724671140.546508	-43161.001109	-0.044311	-0.200625	-84.194708	204.528797	-128.848284	225.231022	257.746982	124.271173	214.111690	143.355649	-141.217513	70.955662	114.483593	64.413901	-335.765402	19.368088	143.131015	22.700711	-242.019816	0.171874	418.133213	0.245445	-195.504000	0.000000	33.599352	5.292326	-384.624000	0.000000	-1.976000	0.000000	65.896000	0.000000	123.875000	0.000000	-195.267000	0.000000	66.843000	0.000000	-115.378000	0.000000	-98.042000	0.000000	-51.739000	0.000000	-341.974000	0.000000	-119.067000	0.000000	81.684000	0.000000

2024-08-26	13:19:01	1724671141.566916	-43159.980701	-0.044311	-0.200625	77.114009	160.682754	-287.453644	170.140735	310.662872	64.718901	174.233032	71.102929	-151.520525	81.686805	142.886587	85.352775	-314.984894	21.206999	128.904001	19.731717	-241.699013	0.127001	417.548501	0.138063	-195.504000	0.000000	34.097637	3.471125	-384.624000	0.000000	-1.976000	0.000000	65.896000	0.000000	123.875000	0.000000	-195.267000	0.000000	66.843000	0.000000	-115.378000	0.000000	-98.042000	0.000000	-51.739000	0.000000	-341.974000	0.000000	-119.067000	0.000000	81.684000	0.000000

2024-08-26	13:19:02	1724671142.557341	-43158.990275	-0.044311	-0.200625	63.955947	103.906391	-283.187277	126.322461	256.970326	99.057709	223.599269	92.523899	-92.575550	74.967157	75.565666	85.579803	-353.391292	71.489175	162.647245	66.826006	-241.879999	0.259025	417.381236	0.175344	-195.504000	0.000000	36.588517	3.500058	-384.624000	0.000000	-1.976000	0.000000	65.896000	0.000000	123.875000	0.000000	-195.267000	0.000000	66.843000	0.000000	-115.378000	0.000000	-98.042000	0.000000	-51.739000	0.000000	-341.974000	0.000000	-119.067000	0.000000	81.684000	0.000000

2024-08-26	13:19:03	1724671143.557392	-43157.990224	-0.044311	-0.200625	-31.967329	96.133167	-174.164276	114.076463	296.555999	125.168308	188.199926	148.614534	-78.713360	75.761904	71.263771	46.460577	-292.749920	24.578656	108.355576	34.694015	-241.951624	0.238995	417.547925	0.178002	-195.504000	0.000000	34.330474	4.677673	-384.624000	0.000000	-1.976000	0.000000	65.896000	0.000000	123.875000	0.000000	-195.267000	0.000000	66.843000	0.000000	-115.378000	0.000000	-98.042000	0.000000	-51.739000	0.000000	-341.974000	0.000000	-119.067000	0.000000	81.684000	0.000000

2024-08-26	13:19:04	1724671144.556829	-43156.990787	-0.044311	-0.200625	10.455523	55.724286	-226.531839	61.504741	246.126565	199.331108	243.516647	179.415870	-107.470916	138.261027	103.035966	140.789552	-318.534621	34.230097	131.622586	30.975523	-241.802330	0.142022	417.645705	0.204169	-195.504000	0.000000	35.852345	2.989178	-384.624000	0.000000	-1.976000	0.000000	65.896000	0.000000	123.875000	0.000000	-195.267000	0.000000	66.843000	0.000000	-115.378000	0.000000	-98.042000	0.000000	-51.739000	0.000000	-341.974000	0.000000	-119.067000	0.000000	81.684000	0.000000

2024-08-26	13:19:05	1724671145.557231	-43155.990386	-0.044311	-0.200625	-169.466403	68.365211	-45.185665	93.823648	299.665535	87.280039	161.664996	112.863253	-132.457368	72.944358	109.331045	62.437174	-307.097420	59.367923	116.020990	60.225113	-242.010746	0.126439	417.745511	0.197205	-195.504000	0.000000	37.771051	3.642965	-384.624000	0.000000	-1.976000	0.000000	65.896000	0.000000	123.875000	0.000000	-195.267000	0.000000	66.843000	0.000000	-115.378000	0.000000	-98.042000	0.000000	-51.739000	0.000000	-341.974000	0.000000	-119.067000	0.000000	81.684000	0.000000

2024-08-26	13:19:06	1724671146.546674	-43155.000943	-0.044311	-0.200625	-8.130620	202.262068	-191.335647	210.939501	294.444647	41.167702	201.394050	50.669547	-84.221003	154.614793	83.819993	125.270270	-340.289119	50.793590	155.036829	51.299951	-241.981066	0.112355	417.479783	0.254499	-195.504000	0.000000	41.768147	2.780562	-384.624000	0.000000	-1.976000	0.000000	65.896000	0.000000	123.875000	0.000000	-195.267000	0.000000	66.843000	0.000000	-115.378000	0.000000	-98.042000	0.000000	-51.739000	0.000000	-341.974000	0.000000	-119.067000	0.000000	81.684000	0.000000

2024-08-26	13:19:07	1724671147.560068	-43153.987548	-0.044311	-0.200625	-26.286788	349.560967	-186.585219	321.414701	249.360806	143.793424	221.178741	185.450940	-184.002580	123.985301	163.647864	103.178183	-289.139452	26.196427	103.651475	29.977592	-241.944833	0.133355	417.760296	0.350990	-195.504000	0.000000	37.738967	6.453822	-384.624000	0.000000	-1.976000	0.000000	65.896000	0.000000	123.875000	0.000000	-195.267000	0.000000	66.843000	0.000000	-115.378000	0.000000	-98.042000	0.000000	-51.739000	0.000000	-341.974000	0.000000	-119.067000	0.000000	81.684000	0.000000

2024-08-26	13:19:08	1724671148.552522	-43152.995095	-0.044311	-0.200625	107.672343	146.043827	-314.103313	149.453663	293.063192	75.966860	190.064550	87.844054	-99.047599	92.190568	91.736517	99.213222	-292.450294	59.689316	111.207650	52.956593	-241.935763	0.128458	417.652659	0.189192	-195.504000	0.000000	38.305096	5.063844	-384.624000	0.000000	-1.976000	0.000000	65.896000	0.000000	123.875000	0.000000	-195.267000	0.000000	66.843000	0.000000	-115.378000	0.000000	-98.042000	0.000000	-51.739000	0.000000	-341.974000	0.000000	-119.067000	0.000000	81.684000	0.000000

2024-08-26	13:19:09	1724671149.561936	-43151.985681	-0.044311	-0.200625	-206.559372	178.200376	-21.341765	163.566906	312.841688	53.238825	148.898821	48.063770	-65.656228	102.485028	36.951280	97.402557	-335.312900	47.909454	141.328734	46.614688	-242.000945	0.357024	417.564569	0.211499	-195.504000	0.000000	33.975797	4.514938	-384.624000	0.000000	-1.976000	0.000000	65.896000	0.000000	123.875000	0.000000	-195.267000	0.000000	66.843000	0.000000	-115.378000	0.000000	-98.042000	0.000000	-51.739000	0.000000	-341.974000	0.000000	-119.067000	0.000000	81.684000	0.000000

2024-08-26	13:19:10	1724671150.548378	-43150.999238	-0.044311	-0.200625	183.576123	236.900798	-387.574995	212.583253	321.896290	135.298402	183.329658	143.538636	-74.390187	128.162650	79.163181	131.013220	-307.290822	40.569740	125.424192	44.592892	-241.790220	0.215667	417.487014	0.243881	-195.504000	0.000000	39.685312	2.726822	-384.624000	0.000000	-1.976000	0.000000	65.896000	0.000000	123.875000	0.000000	-195.267000	0.000000	66.843000	0.000000	-115.378000	0.000000	-98.042000	0.000000	-51.739000	0.000000	-341.974000	0.000000	-119.067000	0.000000	81.684000	0.000000

2024-08-26	13:19:11	1724671151.556777	-43149.990839	-0.044311	-0.200625	-207.155093	141.462705	-0.395686	172.681375	322.338433	83.080841	144.021960	124.474738	-142.309498	55.558362	125.550181	36.825431	-334.746100	68.841033	144.567841	72.423685	-241.867030	0.145555	417.801091	0.308407	-195.504000	0.000000	36.768797	3.594305	-384.624000	0.000000	-1.976000	0.000000	65.896000	0.000000	123.875000	0.000000	-195.267000	0.000000	66.843000	0.000000	-115.378000	0.000000	-98.042000	0.000000	-51.739000	0.000000	-341.974000	0.000000	-119.067000	0.000000	81.684000	0.000000

2024-08-26	13:19:12	1724671152.556197	-43148.991420	-0.044311	-0.200625	-26.636418	241.199431	-195.545458	254.849238	217.731924	88.416659	258.096767	88.031963	-138.960850	108.104022	108.675087	90.416633	-364.670396	44.416172	168.903601	47.131374	-242.084958	0.314045	417.781299	0.246869	-195.504000	0.000000	32.120557	4.170775	-384.624000	0.000000	-1.976000	0.000000	65.896000	0.000000	123.875000	0.000000	-195.267000	0.000000	66.843000	0.000000	-115.378000	0.000000	-98.042000	0.000000	-51.739000	0.000000	-341.974000	0.000000	-119.067000	0.000000	81.684000	0.000000

2024-08-26	13:19:13	1724671153.553639	-43147.993977	-0.044311	-0.200625	53.246635	167.319553	-254.084961	165.178590	264.066406	97.609151	231.994434	136.332457	-79.212679	101.273662	69.579883	116.761911	-270.609466	35.926967	87.486754	39.439840	-241.912282	0.167654	418.210166	0.130596	-195.504000	0.000000	38.149883	3.986435	-384.624000	0.000000	-1.976000	0.000000	65.896000	0.000000	123.875000	0.000000	-195.267000	0.000000	66.843000	0.000000	-115.378000	0.000000	-98.042000	0.000000	-51.739000	0.000000	-341.974000	0.000000	-119.067000	0.000000	81.684000	0.000000

2024-08-26	13:19:14	1724671154.548061	-43146.999555	-0.044311	-0.200625	-2.146327	195.134181	-218.507443	207.464903	275.686218	133.422108	212.341951	127.294541	-167.916782	55.991571	159.042291	73.752272	-349.599924	90.867946	162.657444	89.532885	-241.886083	0.193037	418.145309	0.142047	-195.504000	0.000000	36.560909	5.113905	-384.624000	0.000000	-1.976000	0.000000	65.896000	0.000000	123.875000	0.000000	-195.267000	0.000000	66.843000	0.000000	-115.378000	0.000000	-98.042000	0.000000	-51.739000	0.000000	-341.974000	0.000000	-119.067000	0.000000	81.684000	0.000000

2024-08-26	13:19:15	1724671155.555477	-43145.992140	-0.044311	-0.194003	-15.916128	150.719642	-181.009565	141.275083	291.381368	87.775276	194.574848	127.661308	-52.929360	98.977383	51.537281	82.728479	-296.701403	56.397666	113.142908	54.844246	-241.588493	0.113374	417.917411	0.239363	-195.504000	0.000000	39.861978	5.160987	-384.624000	0.000000	-1.976000	0.000000	65.896000	0.000000	123.875000	0.000000	-195.267000	0.000000	66.843000	0.000000	-115.378000	0.000000	-98.042000	0.000000	-51.739000	0.000000	-341.974000	0.000000	-119.067000	0.000000	81.684000	0.000000

2024-08-26	13:19:16	1724671156.548900	-43144.998717	-0.044311	-0.194003	-73.934489	205.494345	-142.961618	244.688948	323.403796	104.096813	147.957553	100.136000	-100.640099	98.409279	82.964151	67.446485	-321.370788	41.127100	129.801066	26.476328	-241.675710	0.171760	417.603859	0.245649	-195.504000	0.000000	37.630553	3.936265	-384.624000	0.000000	-1.976000	0.000000	65.896000	0.000000	123.875000	0.000000	-195.267000	0.000000	66.843000	0.000000	-115.378000	0.000000	-98.042000	0.000000	-51.739000	0.000000	-341.974000	0.000000	-119.067000	0.000000	81.684000	0.000000

2024-08-26	13:19:17	1724671157.567309	-43143.980308	-0.044311	-0.194003	106.375431	114.921719	-324.604759	109.002150	247.174706	88.556177	235.964446	90.698989	-202.160559	120.060427	181.222487	104.461887	-339.133852	26.497608	153.032124	26.370334	-241.518573	0.161944	417.756541	0.255105	-195.504000	0.000000	38.561128	4.439329	-384.624000	0.000000	-1.976000	0.000000	65.896000	0.000000	123.875000	0.000000	-195.267000	0.000000	66.843000	0.000000	-115.378000	0.000000	-98.042000	0.000000	-51.739000	0.000000	-341.974000	0.000000	-119.067000	0.000000	81.684000	0.000000

2024-08-26	13:19:18	1724671158.555750	-43142.991867	-0.044311	-0.194003	-8.449162	195.688707	-207.245454	172.628561	331.301576	176.678703	145.400533	115.353066	-103.158865	83.791613	88.361487	88.045390	-326.345148	63.432877	141.249284	60.789847	-241.638465	0.139393	417.781205	0.303735	-195.504000	0.000000	39.787843	4.944418	-384.624000	0.000000	-1.976000	0.000000	65.896000	0.000000	123.875000	0.000000	-195.267000	0.000000	66.843000	0.000000	-115.378000	0.000000	-98.042000	0.000000	-51.739000	0.000000	-341.974000	0.000000	-119.067000	0.000000	81.684000	0.000000

2024-08-26	13:19:19	1724671159.555394	-43141.992223	-0.044311	-0.194003	-73.037818	183.900968	-123.037326	195.204073	242.587645	116.676030	241.819325	99.623193	-119.912500	127.954940	114.900707	97.305538	-286.568091	52.142015	100.803453	45.905893	-241.870159	0.197306	417.764719	0.447709	-195.504000	0.000000	41.814301	3.289603	-384.624000	0.000000	-1.976000	0.000000	65.896000	0.000000	123.875000	0.000000	-195.267000	0.000000	66.843000	0.000000	-115.378000	0.000000	-98.042000	0.000000	-51.739000	0.000000	-341.974000	0.000000	-119.067000	0.000000	81.684000	0.000000

2024-08-26	13:19:20	1724671160.547818	-43140.999798	-0.044311	-0.194003	-110.632447	240.422373	-104.559201	251.190030	357.324432	177.322536	108.927476	240.473621	-74.367737	87.885192	65.575759	75.321381	-345.781057	91.639457	157.995225	83.256872	-241.905404	0.352379	417.282778	0.163060	-195.504000	0.000000	40.378492	5.789472	-384.624000	0.000000	-1.976000	0.000000	65.896000	0.000000	123.875000	0.000000	-195.267000	0.000000	66.843000	0.000000	-115.378000	0.000000	-98.042000	0.000000	-51.739000	0.000000	-341.974000	0.000000	-119.067000	0.000000	81.684000	0.000000

2024-08-26	13:19:21	1724671161.552235	-43139.995381	-0.044311	-0.194003	-13.158756	73.992782	-193.981641	60.538826	207.100694	107.068156	294.552221	138.315096	-85.219830	91.210550	71.780010	103.911828	-309.528603	57.475337	116.536980	51.141345	-241.598748	0.341011	417.699107	0.224338	-195.504000	0.000000	33.500025	3.188510	-384.624000	0.000000	-1.976000	0.000000	65.896000	0.000000	123.875000	0.000000	-195.267000	0.000000	66.843000	0.000000	-115.378000	0.000000	-98.042000	0.000000	-51.739000	0.000000	-341.974000	0.000000	-119.067000	0.000000	81.684000	0.000000

2024-08-26	13:19:22	1724671162.551655	-43138.995961	-0.044311	-0.194003	-194.033235	119.392548	-31.248828	121.195112	281.954904	149.550367	177.184781	154.711243	-100.606313	80.140264	71.491646	100.068785	-354.128074	67.263056	158.557941	61.865301	-241.906113	0.202912	418.076558	0.119576	-195.504000	0.000000	36.637692	4.785151	-384.624000	0.000000	-1.976000	0.000000	65.896000	0.000000	123.875000	0.000000	-195.267000	0.000000	66.843000	0.000000	-115.378000	0.000000	-98.042000	0.000000	-51.739000	0.000000	-341.974000	0.000000	-119.067000	0.000000	81.684000	0.000000

2024-08-26	13:19:23	1724671163.548076	-43137.999540	-0.044311	-0.194003	167.796055	314.905773	-379.394769	261.373908	311.648045	195.205434	180.340188	111.325857	-70.253202	94.912999	62.265653	61.124890	-324.950846	93.124796	138.106779	96.524130	-241.752990	0.280401	417.831628	0.174042	-195.504000	0.000000	36.515114	5.142636	-384.624000	0.000000	-1.976000	0.000000	65.896000	0.000000	123.875000	0.000000	-195.267000	0.000000	66.843000	0.000000	-115.378000	0.000000	-98.042000	0.000000	-51.739000	0.000000	-341.974000	0.000000	-119.067000	0.000000	81.684000	0.000000

2024-08-26	13:19:24	1724671164.550001	-43136.997615	-0.044311	-0.194003	-89.336564	182.965113	-102.172366	179.583746	308.716906	130.860263	181.190045	152.472155	-149.410972	84.411435	146.071330	78.145205	-274.919536	55.545453	86.432008	50.836207	-242.082801	0.348057	417.689969	0.169146	-195.504000	0.000000	35.145642	3.833058	-384.624000	0.000000	-1.976000	0.000000	65.896000	0.000000	123.875000	0.000000	-195.267000	0.000000	66.843000	0.000000	-115.378000	0.000000	-98.042000	0.000000	-51.739000	0.000000	-341.974000	0.000000	-119.067000	0.000000	81.684000	0.000000

2024-08-26	13:19:25	1724671165.550421	-43135.997195	-0.044311	-0.194003	-34.407595	426.152397	-192.983221	402.300667	289.441348	118.841149	164.309973	163.078644	-118.607289	81.755868	100.060512	111.642043	-313.745236	52.720789	125.642345	46.632143	-241.983119	0.295521	417.976584	0.210160	-195.504000	0.000000	39.384699	3.097383	-384.624000	0.000000	-1.976000	0.000000	65.896000	0.000000	123.875000	0.000000	-195.267000	0.000000	66.843000	0.000000	-115.378000	0.000000	-98.042000	0.000000	-51.739000	0.000000	-341.974000	0.000000	-119.067000	0.000000	81.684000	0.000000

2024-08-26	13:19:26	1724671166.551839	-43134.995777	-0.044311	-0.194003	16.698928	217.740712	-220.036866	239.907527	294.669426	82.692486	221.424814	103.381791	-107.630353	121.551043	98.265159	105.376191	-309.160878	73.372853	126.500625	62.871465	-241.748954	0.177335	417.928156	0.192035	-195.504000	0.000000	38.887254	2.879387	-384.624000	0.000000	-1.976000	0.000000	65.896000	0.000000	123.875000	0.000000	-195.267000	0.000000	66.843000	0.000000	-115.378000	0.000000	-98.042000	0.000000	-51.739000	0.000000	-341.974000	0.000000	-119.067000	0.000000	81.684000	0.000000

2024-08-26	13:19:27	1724671167.561254	-43133.986363	-0.044311	-0.207240	-29.085308	176.242608	-196.249736	221.389141	232.176446	103.821783	240.585028	83.739219	-118.092140	73.761320	95.996997	62.664306	-361.762176	48.752468	170.198910	49.254685	-241.917481	0.204820	418.036044	0.241145	-195.504000	0.000000	34.952405	3.249893	-384.624000	0.000000	-1.976000	0.000000	65.896000	0.000000	123.875000	0.000000	-195.267000	0.000000	66.843000	0.000000	-115.378000	0.000000	-98.042000	0.000000	-51.739000	0.000000	-341.974000	0.000000	-119.067000	0.000000	81.684000	0.000000

2024-08-26	13:19:28	1724671168.591655	-43132.955961	-0.044311	-0.207240	-0.230285	45.740597	-207.422641	57.700625	230.702509	216.570618	242.648951	252.151493	-98.289078	94.395719	76.103003	90.096893	-336.564709	62.677610	148.326360	65.330037	-241.876884	0.131868	418.043040	0.291800	-195.504000	0.000000	35.944365	2.808172	-384.624000	0.000000	-1.976000	0.000000	65.896000	0.000000	123.875000	0.000000	-195.267000	0.000000	66.843000	0.000000	-115.378000	0.000000	-98.042000	0.000000	-51.739000	0.000000	-341.974000	0.000000	-119.067000	0.000000	81.684000	0.000000

2024-08-26	13:19:29	1724671169.548828	-43131.998789	-0.044311	-0.207240	58.281935	83.443922	-277.005654	96.448775	308.954262	51.279998	160.619019	83.702095	-43.509708	67.415696	37.587258	63.979434	-301.749096	35.654367	110.892788	28.966972	-241.716140	0.255298	418.233723	0.129791	-195.504000	0.000000	32.860152	3.260416	-384.624000	0.000000	-1.976000	0.000000	65.896000	0.000000	123.875000	0.000000	-195.267000	0.000000	66.843000	0.000000	-115.378000	0.000000	-98.042000	0.000000	-51.739000	0.000000	-341.974000	0.000000	-119.067000	0.000000	81.684000	0.000000

2024-08-26	13:19:30	1724671170.554244	-43130.993373	-0.044311	-0.207240	-20.526262	183.381914	-187.528040	183.763374	328.686279	46.751468	149.305152	75.540602	-154.640275	117.109616	143.181771	102.454773	-334.879256	42.800151	145.575699	39.412962	-241.812969	0.305284	418.139479	0.177057	-195.504000	0.000000	37.956981	4.817907	-384.624000	0.000000	-1.976000	0.000000	65.896000	0.000000	123.875000	0.000000	-195.267000	0.000000	66.843000	0.000000	-115.378000	0.000000	-98.042000	0.000000	-51.739000	0.000000	-341.974000	0.000000	-119.067000	0.000000	81.684000	0.000000

2024-08-26	13:19:31	1724671171.553663	-43129.993953	-0.044311	-0.207240	-104.197371	334.622925	-109.761379	348.676302	274.900160	186.085691	203.366544	194.958786	-129.242872	69.495799	111.924834	50.757691	-347.121237	71.260501	159.548007	71.228549	-241.804188	0.212154	417.513241	0.356311	-195.504000	0.000000	36.418567	3.951670	-384.624000	0.000000	-1.976000	0.000000	65.896000	0.000000	123.875000	0.000000	-195.267000	0.000000	66.843000	0.000000	-115.378000	0.000000	-98.042000	0.000000	-51.739000	0.000000	-341.974000	0.000000	-119.067000	0.000000	81.684000	0.000000

2024-08-26	13:19:32	1724671172.555082	-43128.992535	-0.044311	-0.207240	124.287317	207.603718	-323.779671	234.754715	235.529511	92.174004	273.848531	84.613050	-101.417001	78.035831	97.880786	72.797929	-312.046897	48.035000	126.985912	47.688753	-241.551493	0.128460	417.411514	0.145181	-195.504000	0.000000	35.039016	5.104249	-384.624000	0.000000	-1.976000	0.000000	65.896000	0.000000	123.875000	0.000000	-195.267000	0.000000	66.843000	0.000000	-115.378000	0.000000	-98.042000	0.000000	-51.739000	0.000000	-341.974000	0.000000	-119.067000	0.000000	81.684000	0.000000

2024-08-26	13:19:33	1724671173.551503	-43127.996113	-0.044311	-0.187380	-55.351776	234.364118	-168.367679	251.772091	336.590122	85.281442	144.648798	83.472931	-83.256365	104.050817	68.946658	85.374836	-317.337514	32.642998	129.455296	34.946231	-241.534003	0.220996	417.545914	0.241726	-195.504000	0.000000	39.929228	3.347189	-384.624000	0.000000	-1.976000	0.000000	65.896000	0.000000	123.875000	0.000000	-195.267000	0.000000	66.843000	0.000000	-115.378000	0.000000	-98.042000	0.000000	-51.739000	0.000000	-341.974000	0.000000	-119.067000	0.000000	81.684000	0.000000

2024-08-26	13:19:34	1724671174.552043	-43126.995573	-0.044311	-0.187380	-89.950847	277.546454	-116.552045	279.496815	217.486558	95.300910	252.344053	117.687508	-153.715490	59.218608	137.601926	52.931802	-313.901152	63.743457	123.203538	59.653217	-241.724880	0.200904	417.704489	0.186325	-195.504000	0.000000	38.759878	3.491776	-384.624000	0.000000	-1.976000	0.000000	65.896000	0.000000	123.875000	0.000000	-195.267000	0.000000	66.843000	0.000000	-115.378000	0.000000	-98.042000	0.000000	-51.739000	0.000000	-341.974000	0.000000	-119.067000	0.000000	81.684000	0.000000

2024-08-26	13:19:35	1724671175.570452	-43125.977164	-0.044311	-0.187380	61.747963	259.093261	-279.902572	251.676705	274.204809	101.112474	197.448851	115.064148	-106.929844	58.917831	93.265975	57.072870	-303.627100	97.062385	115.820539	85.271760	-241.775342	0.219352	418.014512	0.200181	-195.504000	0.000000	35.647203	2.801986	-384.624000	0.000000	-1.976000	0.000000	65.896000	0.000000	123.875000	0.000000	-195.267000	0.000000	66.843000	0.000000	-115.378000	0.000000	-98.042000	0.000000	-51.739000	0.000000	-341.974000	0.000000	-119.067000	0.000000	81.684000	0.000000

2024-08-26	13:19:36	1724671176.549883	-43124.997733	-0.044311	-0.187380	-21.866298	188.044315	-198.968605	176.348181	300.170084	168.359520	166.246348	162.429619	-104.307721	118.576731	89.210208	105.516413	-324.791198	74.945536	138.029808	71.208140	-241.971892	0.243448	418.051272	0.143267	-195.504000	0.000000	36.390145	3.770238	-384.624000	0.000000	-1.976000	0.000000	65.896000	0.000000	123.875000	0.000000	-195.267000	0.000000	66.843000	0.000000	-115.378000	0.000000	-98.042000	0.000000	-51.739000	0.000000	-341.974000	0.000000	-119.067000	0.000000	81.684000	0.000000

2024-08-26	13:19:37	1724671177.554300	-43123.993316	-0.044311	-0.187380	20.645684	194.754810	-219.940782	187.392028	410.827962	188.273624	93.683700	137.274606	-113.210623	118.337231	117.357812	97.368437	-312.455846	82.954819	129.884386	71.690296	-242.223042	0.142539	417.844278	0.188788	-195.504000	0.000000	35.475362	4.136962	-384.624000	0.000000	-1.976000	0.000000	65.896000	0.000000	123.875000	0.000000	-195.267000	0.000000	66.843000	0.000000	-115.378000	0.000000	-98.042000	0.000000	-51.739000	0.000000	-341.974000	0.000000	-119.067000	0.000000	81.684000	0.000000

2024-08-26	13:19:38	1724671178.551721	-43122.995895	-0.044311	-0.200625	-78.213034	168.772338	-149.804559	178.176691	216.391541	180.961149	229.708672	190.223943	-69.535390	67.028682	36.320998	79.776312	-332.767062	100.960188	142.714379	95.335687	-241.828656	0.328286	417.859758	0.257512	-195.504000	0.000000	37.310252	5.250992	-384.624000	0.000000	-1.976000	0.000000	65.896000	0.000000	123.875000	0.000000	-195.267000	0.000000	66.843000	0.000000	-115.378000	0.000000	-98.042000	0.000000	-51.739000	0.000000	-341.974000	0.000000	-119.067000	0.000000	81.684000	0.000000

2024-08-26	13:19:39	1724671179.554149	-43121.993468	-0.044311	-0.200625	-36.349717	90.700308	-168.672827	112.302442	295.617779	81.126034	194.793733	40.503270	-154.395278	79.915670	150.444880	89.752188	-301.892856	41.822969	118.081173	44.707274	-241.974205	0.156776	417.637372	0.204204	-195.504000	0.000000	39.155425	6.829308	-384.624000	0.000000	-1.976000	0.000000	65.896000	0.000000	123.875000	0.000000	-195.267000	0.000000	66.843000	0.000000	-115.378000	0.000000	-98.042000	0.000000	-51.739000	0.000000	-341.974000	0.000000	-119.067000	0.000000	81.684000	0.000000

2024-08-26	13:19:40	1724671180.559580	-43120.988036	-0.044311	-0.200625	-26.659060	93.437894	-175.487902	92.505545	384.742616	156.431813	108.817400	123.072307	-112.922864	160.903114	103.171053	161.987729	-334.175175	60.897578	147.023262	65.470018	-242.097038	0.247305	417.681153	0.129355	-195.504000	0.000000	33.466901	5.239030	-384.624000	0.000000	-1.976000	0.000000	65.896000	0.000000	123.875000	0.000000	-195.267000	0.000000	66.843000	0.000000	-115.378000	0.000000	-98.042000	0.000000	-51.739000	0.000000	-341.974000	0.000000	-119.067000	0.000000	81.684000	0.000000

2024-08-26	13:19:41	1724671181.561000	-43119.986616	-0.044311	-0.200625	-134.877958	35.609347	-83.268611	55.068233	213.733617	115.707118	269.402243	139.452328	-82.759649	115.461532	64.479476	95.520613	-339.198745	13.331826	148.371927	15.801649	-242.112749	0.235287	417.635250	0.187296	-195.504000	0.000000	34.427248	3.954206	-384.624000	0.000000	-1.976000	0.000000	65.896000	0.000000	123.875000	0.000000	-195.267000	0.000000	66.843000	0.000000	-115.378000	0.000000	-98.042000	0.000000	-51.739000	0.000000	-341.974000	0.000000	-119.067000	0.000000	81.684000	0.000000

2024-08-26	13:19:42	1724671182.551424	-43118.996192	-0.044311	-0.200625	90.592449	85.124746	-302.372138	83.001018	375.025639	81.369530	95.438248	81.175427	-89.265869	101.604754	72.772853	113.278972	-320.720203	74.975702	137.319350	75.759569	-241.679475	0.197587	417.631200	0.224805	-195.504000	0.000000	38.989951	4.470418	-384.624000	0.000000	-1.976000	0.000000	65.896000	0.000000	123.875000	0.000000	-195.267000	0.000000	66.843000	0.000000	-115.378000	0.000000	-98.042000	0.000000	-51.739000	0.000000	-341.974000	0.000000	-119.067000	0.000000	81.684000	0.000000

2024-08-26	13:19:43	1724671183.567834	-43117.979783	-0.044311	-0.200625	-109.459036	236.332269	-89.447890	261.034505	219.780143	115.659601	281.330541	146.883607	-85.566720	96.241839	91.505359	81.319249	-280.613429	67.496238	97.674772	68.591157	-242.280386	0.306638	417.701654	0.292049	-195.504000	0.000000	34.156253	4.582520	-384.624000	0.000000	-1.976000	0.000000	65.896000	0.000000	123.875000	0.000000	-195.267000	0.000000	66.843000	0.000000	-115.378000	0.000000	-98.042000	0.000000	-51.739000	0.000000	-341.974000	0.000000	-119.067000	0.000000	81.684000	0.000000

2024-08-26	13:19:44	1724671184.553263	-43116.994354	-0.044311	-0.194003	21.270165	227.979288	-251.813866	210.365202	281.141424	122.949141	175.847311	130.154583	-134.722976	61.315338	111.025767	59.684912	-328.508913	89.036583	136.991042	82.574854	-242.127306	0.181923	417.652440	0.222756	-195.504000	0.000000	32.416948	3.843908	-384.624000	0.000000	-1.976000	0.000000	65.896000	0.000000	123.875000	0.000000	-195.267000	0.000000	66.843000	0.000000	-115.378000	0.000000	-98.042000	0.000000	-51.739000	0.000000	-341.974000	0.000000	-119.067000	0.000000	81.684000	0.000000

2024-08-26	13:19:45	1724671185.553551	-43115.994066	-0.044311	-0.194003	86.272876	54.587972	-288.275021	23.607188	164.511063	101.996763	319.589938	96.152947	-179.022445	64.031710	166.908449	73.474376	-323.465725	73.012458	135.194763	71.656827	-242.425214	0.158639	417.552681	0.164086	-195.504000	0.000000	38.606365	4.131771	-384.624000	0.000000	-1.976000	0.000000	65.896000	0.000000	123.875000	0.000000	-195.267000	0.000000	66.843000	0.000000	-115.378000	0.000000	-98.042000	0.000000	-51.739000	0.000000	-341.974000	0.000000	-119.067000	0.000000	81.684000	0.000000

2024-08-26	13:19:46	1724671186.551986	-43114.995631	-0.044311	-0.194003	-6.318637	238.937704	-192.554107	262.639877	350.082112	80.667970	159.424524	77.223944	-44.541363	115.393659	46.499730	102.910859	-301.359953	26.954787	124.353726	25.138516	-241.802170	0.144646	417.400930	0.237808	-195.504000	0.000000	38.854170	2.707253	-384.624000	0.000000	-1.976000	0.000000	65.896000	0.000000	123.875000	0.000000	-195.267000	0.000000	66.843000	0.000000	-115.378000	0.000000	-98.042000	0.000000	-51.739000	0.000000	-341.974000	0.000000	-119.067000	0.000000	81.684000	0.000000

2024-08-26	13:19:47	1724671187.575377	-43113.972239	-0.044311	-0.194003	-83.710360	109.462052	-151.043459	100.526378	288.502977	149.567902	154.529506	110.697232	-202.823264	104.235334	166.205643	85.464971	-301.228156	49.851529	104.826911	61.233446	-241.652634	0.223822	417.534906	0.346379	-195.504000	0.000000	35.989134	2.849774	-384.624000	0.000000	-1.976000	0.000000	65.896000	0.000000	123.875000	0.000000	-195.267000	0.000000	66.843000	0.000000	-115.378000	0.000000	-98.042000	0.000000	-51.739000	0.000000	-341.974000	0.000000	-119.067000	0.000000	81.684000	0.000000

2024-08-26	13:19:48	1724671188.551810	-43112.995806	-0.044311	-0.194003	-104.456377	181.526555	-88.355103	180.887072	188.903588	91.228140	312.087355	95.033840	-12.581484	77.235848	16.572559	88.940969	-328.014303	45.803687	142.876819	45.511722	-241.856826	0.128743	418.232600	0.234916	-195.504000	0.000000	37.190369	3.406607	-384.624000	0.000000	-1.976000	0.000000	65.896000	0.000000	123.875000	0.000000	-195.267000	0.000000	66.843000	0.000000	-115.378000	0.000000	-98.042000	0.000000	-51.739000	0.000000	-341.974000	0.000000	-119.067000	0.000000	81.684000	0.000000

2024-08-26	13:19:49	1724671189.558226	-43111.989391	-0.044311	-0.194003	1.534112	155.428298	-231.713946	137.912168	320.379412	137.003824	130.223789	167.594944	-193.332462	143.487984	161.056324	132.860880	-343.523598	64.925901	153.652889	56.151088	-241.755189	0.174410	417.984814	0.207898	-195.504000	0.000000	37.341377	3.743887	-384.624000	0.000000	-1.976000	0.000000	65.896000	0.000000	123.875000	0.000000	-195.267000	0.000000	66.843000	0.000000	-115.378000	0.000000	-98.042000	0.000000	-51.739000	0.000000	-341.974000	0.000000	-119.067000	0.000000	81.684000	0.000000

2024-08-26	13:19:50	1724671190.560174	-43110.987442	-0.044311	-0.200625	-88.680173	100.510022	-116.246593	160.092679	272.595987	108.642877	225.318018	142.122948	-56.936410	151.039357	51.406414	118.858552	-310.108901	94.679419	121.069912	88.061768	-241.764969	0.168081	418.185523	0.210798	-195.504000	0.000000	34.154549	2.549169	-384.624000	0.000000	-1.976000	0.000000	65.896000	0.000000	123.875000	0.000000	-195.267000	0.000000	66.843000	0.000000	-115.378000	0.000000	-98.042000	0.000000	-51.739000	0.000000	-341.974000	0.000000	-119.067000	0.000000	81.684000	0.000000

2024-08-26	13:19:51	1724671191.560576	-43109.987040	-0.044311	-0.200625	-54.880850	176.297396	-158.395631	209.161158	359.698638	106.814480	120.989552	102.055978	-154.135344	73.705279	144.632377	50.751098	-277.320516	42.579395	91.762185	39.041730	-241.849053	0.185094	418.249607	0.153185	-195.504000	0.000000	37.523489	2.444764	-384.624000	0.000000	-1.976000	0.000000	65.896000	0.000000	123.875000	0.000000	-195.267000	0.000000	66.843000	0.000000	-115.378000	0.000000	-98.042000	0.000000	-51.739000	0.000000	-341.974000	0.000000	-119.067000	0.000000	81.684000	0.000000

2024-08-26	13:19:52	1724671192.559996	-43108.987621	-0.044311	-0.200625	-25.263695	187.456789	-184.134642	195.640042	211.986186	44.111385	255.523553	72.289592	-134.816312	78.107131	117.196281	73.142978	-357.913282	56.925669	166.396240	59.268630	-241.684445	0.135829	417.929224	0.195811	-195.504000	0.000000	38.145257	4.036367	-384.624000	0.000000	-1.976000	0.000000	65.896000	0.000000	123.875000	0.000000	-195.267000	0.000000	66.843000	0.000000	-115.378000	0.000000	-98.042000	0.000000	-51.739000	0.000000	-341.974000	0.000000	-119.067000	0.000000	81.684000	0.000000

2024-08-26	13:19:53	1724671193.554419	-43107.993198	-0.044311	-0.200625	-27.268399	152.272670	-189.144568	153.211696	298.510080	96.733564	189.196941	142.165089	-83.228042	85.756830	75.006646	105.031062	-314.253065	37.060440	129.011449	26.761038	-242.028560	0.220316	417.981547	0.120817	-195.504000	0.000000	39.345635	3.254425	-384.624000	0.000000	-1.976000	0.000000	65.896000	0.000000	123.875000	0.000000	-195.267000	0.000000	66.843000	0.000000	-115.378000	0.000000	-98.042000	0.000000	-51.739000	0.000000	-341.974000	0.000000	-119.067000	0.000000	81.684000	0.000000

2024-08-26	13:19:54	1724671194.555837	-43106.991779	-0.044311	-0.200625	71.141953	201.894764	-275.642007	194.774240	336.404398	48.494259	144.048381	56.319940	-90.487118	53.324954	80.496921	51.539121	-321.020340	107.595283	135.591472	97.041634	-241.862639	0.264107	417.970627	0.193633	-195.504000	0.000000	38.218197	4.882086	-384.624000	0.000000	-1.976000	0.000000	65.896000	0.000000	123.875000	0.000000	-195.267000	0.000000	66.843000	0.000000	-115.378000	0.000000	-98.042000	0.000000	-51.739000	0.000000	-341.974000	0.000000	-119.067000	0.000000	81.684000	0.000000

2024-08-26	13:19:55	1724671195.566840	-43105.980777	-0.044311	-0.200625	-55.262568	113.371644	-151.576320	115.598072	251.852345	80.811869	238.405204	97.971614	-83.227862	61.565112	72.502647	76.885724	-308.244889	37.499139	120.378530	34.742513	-241.703000	0.246954	417.785201	0.161698	-195.504000	0.000000	38.186479	3.500727	-384.624000	0.000000	-1.976000	0.000000	65.896000	0.000000	123.875000	0.000000	-195.267000	0.000000	66.843000	0.000000	-115.378000	0.000000	-98.042000	0.000000	-51.739000	0.000000	-341.974000	0.000000	-119.067000	0.000000	81.684000	0.000000

2024-08-26	13:19:56	1724671196.562263	-43104.985354	-0.044311	-0.194003	-74.266284	246.152241	-145.907165	258.968456	300.312883	212.870279	168.688452	187.821820	-153.988981	117.144065	138.602274	106.984528	-317.507130	49.419334	130.271333	42.930188	-241.971062	0.227207	417.844457	0.167592	-195.504000	0.000000	36.499311	5.289052	-384.624000	0.000000	-1.976000	0.000000	65.896000	0.000000	123.875000	0.000000	-195.267000	0.000000	66.843000	0.000000	-115.378000	0.000000	-98.042000	0.000000	-51.739000	0.000000	-341.974000	0.000000	-119.067000	0.000000	81.684000	0.000000

2024-08-26	13:19:57	1724671197.551687	-43103.995929	-0.044311	-0.194003	-45.930464	149.319732	-154.090765	140.961089	250.814357	160.203286	246.164363	174.779763	-86.747324	62.940907	81.540839	63.392200	-340.012665	23.162996	155.134840	18.766922	-241.954558	0.205564	417.540876	0.193303	-195.504000	0.000000	40.971838	3.542457	-384.624000	0.000000	-1.976000	0.000000	65.896000	0.000000	123.875000	0.000000	-195.267000	0.000000	66.843000	0.000000	-115.378000	0.000000	-98.042000	0.000000	-51.739000	0.000000	-341.974000	0.000000	-119.067000	0.000000	81.684000	0.000000

2024-08-26	13:19:58	1724671198.557104	-43102.990512	-0.044311	-0.194003	-38.094733	213.723926	-185.098852	196.288085	273.959028	142.404865	197.444000	135.151869	-118.118233	116.221291	101.479140	100.063017	-311.722751	69.352682	119.318175	65.538644	-241.957924	0.150709	417.531516	0.226596	-195.504000	0.000000	37.318680	3.487033	-384.624000	0.000000	-1.976000	0.000000	65.896000	0.000000	123.875000	0.000000	-195.267000	0.000000	66.843000	0.000000	-115.378000	0.000000	-98.042000	0.000000	-51.739000	0.000000	-341.974000	0.000000	-119.067000	0.000000	81.684000	0.000000

2024-08-26	13:19:59	1724671199.552526	-43101.995091	-0.044311	-0.194003	82.629008	119.689500	-290.730673	93.525006	271.086469	55.690057	226.412018	81.350258	-105.914573	116.558282	99.377464	117.457605	-309.150529	27.573208	125.265417	25.356007	-242.005043	0.155220	417.705200	0.251047	-195.504000	0.000000	33.718132	3.917244	-384.624000	0.000000	-1.976000	0.000000	65.896000	0.000000	123.875000	0.000000	-195.267000	0.000000	66.843000	0.000000	-115.378000	0.000000	-98.042000	0.000000	-51.739000	0.000000	-341.974000	0.000000	-119.067000	0.000000	81.684000	0.000000

