Date/C:Time:TimeStamp/D:time:VMeas:IMeas:I_00:DI_00:I_01:DI_01:I_02:DI_02:I_03:DI_03:I_04:DI_04:I_05:DI_05:I_06:DI_06:I_07:DI_07:I_08:DI_08:I_09:DI_09:I_10:DI_10:I_11:DI_11:I_12:DI_12:I_13:DI_13:I_14:DI_14:I_15:DI_15:I_16:DI_16:I_17:DI_17:I_18:DI_18:I_19:DI_19:I_20:DI_20:I_21:DI_21:I_22:DI_22:I_23:DI_23
2024-08-26	13:06:12	1724670372.510026	-43200.000000	-0.044311	-0.200625	-62.094316	149.496416	-166.116644	137.158324	291.760148	238.957911	203.870769	268.758834	-83.062809	67.615605	71.864676	75.038221	-349.815877	54.670521	154.429651	54.437250	-242.657558	0.250281	416.815402	0.171066	-195.504000	0.000000	38.058670	2.979789	-384.624000	0.000000	-1.976000	0.000000	65.896000	0.000000	123.875000	0.000000	-195.267000	0.000000	66.843000	0.000000	-115.378000	0.000000	-98.042000	0.000000	-51.739000	0.000000	-341.974000	0.000000	-119.067000	0.000000	81.684000	0.000000

2024-08-26	13:06:13	1724670373.515437	-43198.994589	-0.044311	-0.200625	-37.409228	259.383283	-175.048918	211.528349	263.809907	185.473298	234.112785	207.446249	-102.287170	107.405786	92.754412	92.877860	-330.411668	27.021634	138.541705	28.525956	-242.516635	0.205566	416.447266	0.294932	-195.504000	0.000000	36.650265	3.685375	-384.624000	0.000000	-1.976000	0.000000	65.896000	0.000000	123.875000	0.000000	-195.267000	0.000000	66.843000	0.000000	-115.378000	0.000000	-98.042000	0.000000	-51.739000	0.000000	-341.974000	0.000000	-119.067000	0.000000	81.684000	0.000000

2024-08-26	13:06:14	1724670374.510855	-43197.999171	-0.044311	-0.200625	-24.683179	76.093606	-195.248704	74.468084	337.608206	101.786420	143.019045	69.159534	-105.271018	65.764043	84.087384	53.717145	-348.235253	51.083257	151.481660	52.261249	-242.399926	0.174340	416.551648	0.237535	-195.504000	0.000000	36.701118	2.634852	-384.624000	0.000000	-1.976000	0.000000	65.896000	0.000000	123.875000	0.000000	-195.267000	0.000000	66.843000	0.000000	-115.378000	0.000000	-98.042000	0.000000	-51.739000	0.000000	-341.974000	0.000000	-119.067000	0.000000	81.684000	0.000000

2024-08-26	13:06:15	1724670375.515267	-43196.994759	-0.044311	-0.200625	2.736107	101.454489	-223.057426	104.059672	286.074267	97.638467	190.083762	86.357940	-142.043992	66.832649	131.156572	81.357803	-346.377119	82.767638	148.969542	77.402707	-242.748332	0.295871	416.443853	0.086453	-195.504000	0.000000	35.042894	6.536882	-384.624000	0.000000	-1.976000	0.000000	65.896000	0.000000	123.875000	0.000000	-195.267000	0.000000	66.843000	0.000000	-115.378000	0.000000	-98.042000	0.000000	-51.739000	0.000000	-341.974000	0.000000	-119.067000	0.000000	81.684000	0.000000

2024-08-26	13:06:16	1724670376.516008	-43195.994018	-0.044311	-0.200625	-100.507616	115.710038	-118.770746	113.160674	226.239647	122.115803	255.956348	133.211203	-103.519340	99.470790	81.564790	104.630060	-348.269591	41.771055	150.485166	35.702384	-242.801991	0.193532	416.280827	0.151555	-195.504000	0.000000	34.318782	5.094030	-384.624000	0.000000	-1.976000	0.000000	65.896000	0.000000	123.875000	0.000000	-195.267000	0.000000	66.843000	0.000000	-115.378000	0.000000	-98.042000	0.000000	-51.739000	0.000000	-341.974000	0.000000	-119.067000	0.000000	81.684000	0.000000

2024-08-26	13:06:17	1724670377.515438	-43194.994588	-0.044311	-0.200625	-42.099728	153.049408	-171.226308	137.697128	300.872401	93.926514	192.804305	115.012868	-100.964096	45.594834	91.182998	32.611265	-335.219199	40.051297	139.344902	25.689945	-242.582379	0.139655	416.188650	0.184040	-195.504000	0.000000	36.873483	2.506422	-384.624000	0.000000	-1.976000	0.000000	65.896000	0.000000	123.875000	0.000000	-195.267000	0.000000	66.843000	0.000000	-115.378000	0.000000	-98.042000	0.000000	-51.739000	0.000000	-341.974000	0.000000	-119.067000	0.000000	81.684000	0.000000

2024-08-26	13:06:18	1724670378.510841	-43193.999185	-0.044311	-0.200625	-13.939299	156.861915	-190.128408	192.665902	219.671341	61.142773	288.950408	65.391717	-141.233698	58.714686	139.292504	66.594652	-327.464375	61.491515	133.785423	52.788665	-242.426525	0.127043	416.121023	0.165367	-195.504000	0.000000	34.048305	2.738771	-384.624000	0.000000	-1.976000	0.000000	65.896000	0.000000	123.875000	0.000000	-195.267000	0.000000	66.843000	0.000000	-115.378000	0.000000	-98.042000	0.000000	-51.739000	0.000000	-341.974000	0.000000	-119.067000	0.000000	81.684000	0.000000

2024-08-26	13:06:19	1724670379.509256	-43193.000770	-0.044311	-0.200625	54.439495	211.907416	-292.736946	214.116660	333.690653	109.725640	136.349173	127.932218	-133.397808	87.576110	110.831833	80.798723	-375.528551	69.353098	176.052426	70.981014	-242.528276	0.191948	416.565312	0.145803	-195.504000	0.000000	37.701186	5.374585	-384.624000	0.000000	-1.976000	0.000000	65.896000	0.000000	123.875000	0.000000	-195.267000	0.000000	66.843000	0.000000	-115.378000	0.000000	-98.042000	0.000000	-51.739000	0.000000	-341.974000	0.000000	-119.067000	0.000000	81.684000	0.000000

2024-08-26	13:06:20	1724670380.507672	-43192.002354	-0.044311	-0.187380	-76.640708	257.748638	-137.887176	273.277287	251.570905	36.390681	236.879694	45.905253	-91.808035	126.766772	72.937141	112.080339	-311.973369	27.888699	118.468887	32.044599	-242.507820	0.205540	416.888805	0.147069	-195.504000	0.000000	37.784648	3.875768	-384.624000	0.000000	-1.976000	0.000000	65.896000	0.000000	123.875000	0.000000	-195.267000	0.000000	66.843000	0.000000	-115.378000	0.000000	-98.042000	0.000000	-51.739000	0.000000	-341.974000	0.000000	-119.067000	0.000000	81.684000	0.000000

2024-08-26	13:06:21	1724670381.515325	-43190.994701	-0.044311	-0.187380	-173.670025	175.200644	-44.483972	171.507352	223.994101	37.795157	275.122465	70.469818	-96.532327	103.614907	88.267149	113.446124	-357.526158	38.905565	158.562509	38.202603	-242.463478	0.249638	416.631589	0.244170	-195.504000	0.000000	36.664378	3.878535	-384.624000	0.000000	-1.976000	0.000000	65.896000	0.000000	123.875000	0.000000	-195.267000	0.000000	66.843000	0.000000	-115.378000	0.000000	-98.042000	0.000000	-51.739000	0.000000	-341.974000	0.000000	-119.067000	0.000000	81.684000	0.000000

2024-08-26	13:06:22	1724670382.508744	-43190.001282	-0.044311	-0.187380	7.061924	202.896677	-238.378953	177.462391	264.442829	157.799761	219.788530	141.874860	-144.407891	85.351349	118.921240	52.427348	-358.420806	70.623203	159.043542	76.282338	-242.418774	0.143526	416.680997	0.167462	-195.504000	0.000000	35.328833	3.595439	-384.624000	0.000000	-1.976000	0.000000	65.896000	0.000000	123.875000	0.000000	-195.267000	0.000000	66.843000	0.000000	-115.378000	0.000000	-98.042000	0.000000	-51.739000	0.000000	-341.974000	0.000000	-119.067000	0.000000	81.684000	0.000000

2024-08-26	13:06:23	1724670383.521152	-43188.988874	-0.044311	-0.187380	22.952708	174.020535	-239.651520	155.492869	369.830199	145.972276	119.556828	150.612428	-80.147171	101.479924	73.289509	81.252692	-331.941745	51.691241	138.518509	48.205796	-242.419879	0.264525	416.330394	0.258376	-195.504000	0.000000	37.401142	4.065488	-384.624000	0.000000	-1.976000	0.000000	65.896000	0.000000	123.875000	0.000000	-195.267000	0.000000	66.843000	0.000000	-115.378000	0.000000	-98.042000	0.000000	-51.739000	0.000000	-341.974000	0.000000	-119.067000	0.000000	81.684000	0.000000

2024-08-26	13:06:24	1724670384.512571	-43187.997455	-0.044311	-0.187380	0.355049	83.983717	-238.617479	91.118087	278.532273	142.584139	195.991071	106.255044	-166.049003	150.058124	136.014624	113.912651	-367.567728	69.273666	166.788228	63.203238	-242.433129	0.243682	416.397535	0.167293	-195.504000	0.000000	39.013306	2.108013	-384.624000	0.000000	-1.976000	0.000000	65.896000	0.000000	123.875000	0.000000	-195.267000	0.000000	66.843000	0.000000	-115.378000	0.000000	-98.042000	0.000000	-51.739000	0.000000	-341.974000	0.000000	-119.067000	0.000000	81.684000	0.000000

2024-08-26	13:06:25	1724670385.519982	-43186.990044	-0.044311	-0.187380	-145.304186	164.107042	-51.175918	134.002591	273.662679	154.396132	244.544089	80.393793	-162.739197	111.664691	160.244874	74.689070	-302.553871	76.010295	113.360009	65.392613	-242.532818	0.149592	416.368291	0.167093	-195.504000	0.000000	37.001034	2.712904	-384.624000	0.000000	-1.976000	0.000000	65.896000	0.000000	123.875000	0.000000	-195.267000	0.000000	66.843000	0.000000	-115.378000	0.000000	-98.042000	0.000000	-51.739000	0.000000	-341.974000	0.000000	-119.067000	0.000000	81.684000	0.000000

2024-08-26	13:06:26	1724670386.521605	-43185.988421	-0.044311	-0.187380	100.145311	161.780683	-328.815541	145.940282	257.313847	70.709624	201.707568	98.664730	-86.730718	116.898232	65.509431	101.688013	-334.957319	41.463058	138.238024	33.595760	-242.761239	0.190779	416.323212	0.238751	-195.504000	0.000000	40.074559	4.666379	-384.624000	0.000000	-1.976000	0.000000	65.896000	0.000000	123.875000	0.000000	-195.267000	0.000000	66.843000	0.000000	-115.378000	0.000000	-98.042000	0.000000	-51.739000	0.000000	-341.974000	0.000000	-119.067000	0.000000	81.684000	0.000000

2024-08-26	13:06:27	1724670387.519021	-43184.991005	-0.044311	-0.187380	-209.703684	54.909630	14.418643	68.088807	294.206952	65.468124	209.392368	92.055716	-74.757763	64.631562	70.463118	67.420283	-295.374100	48.537382	107.622162	40.944380	-242.746416	0.242894	416.755311	0.185259	-195.504000	0.000000	38.326222	4.938073	-384.624000	0.000000	-1.976000	0.000000	65.896000	0.000000	123.875000	0.000000	-195.267000	0.000000	66.843000	0.000000	-115.378000	0.000000	-98.042000	0.000000	-51.739000	0.000000	-341.974000	0.000000	-119.067000	0.000000	81.684000	0.000000

2024-08-26	13:06:28	1724670388.507460	-43184.002566	-0.044311	-0.187380	-66.275390	215.720775	-161.584819	188.369675	232.179522	185.575016	249.798464	170.728647	-139.918176	50.483447	118.269438	70.571248	-396.358480	40.069039	200.180481	41.706387	-242.481802	0.265232	416.593740	0.159362	-195.504000	0.000000	38.379511	2.615533	-384.624000	0.000000	-1.976000	0.000000	65.896000	0.000000	123.875000	0.000000	-195.267000	0.000000	66.843000	0.000000	-115.378000	0.000000	-98.042000	0.000000	-51.739000	0.000000	-341.974000	0.000000	-119.067000	0.000000	81.684000	0.000000

2024-08-26	13:06:29	1724670389.515852	-43182.994174	-0.044311	-0.187380	93.084488	240.581931	-302.502002	235.520957	309.321495	150.419337	183.100238	201.542600	-91.238176	70.059613	91.633172	89.263539	-297.643400	49.650185	105.588506	49.726186	-242.370932	0.266286	416.581928	0.171134	-195.504000	0.000000	35.845838	3.321790	-384.624000	0.000000	-1.976000	0.000000	65.896000	0.000000	123.875000	0.000000	-195.267000	0.000000	66.843000	0.000000	-115.378000	0.000000	-98.042000	0.000000	-51.739000	0.000000	-341.974000	0.000000	-119.067000	0.000000	81.684000	0.000000

2024-08-26	13:06:30	1724670390.509271	-43182.000755	-0.044311	-0.187380	-136.399465	318.493895	-96.271840	296.704796	305.234088	131.304829	165.851148	106.610690	-102.073828	91.645591	70.641088	120.180154	-367.940645	66.002230	165.517753	58.560396	-242.357574	0.260645	416.795095	0.176598	-195.504000	0.000000	37.420656	3.725297	-384.624000	0.000000	-1.976000	0.000000	65.896000	0.000000	123.875000	0.000000	-195.267000	0.000000	66.843000	0.000000	-115.378000	0.000000	-98.042000	0.000000	-51.739000	0.000000	-341.974000	0.000000	-119.067000	0.000000	81.684000	0.000000

2024-08-26	13:06:31	1724670391.516333	-43180.993693	-0.044311	-0.187380	-16.148374	95.293086	-209.303177	61.470760	272.732716	152.664967	218.729005	190.678633	-121.461660	118.040116	106.925374	109.420497	-316.931923	26.361875	124.205665	28.454192	-242.507720	0.277445	416.765637	0.238935	-195.504000	0.000000	36.756142	2.918402	-384.624000	0.000000	-1.976000	0.000000	65.896000	0.000000	123.875000	0.000000	-195.267000	0.000000	66.843000	0.000000	-115.378000	0.000000	-98.042000	0.000000	-51.739000	0.000000	-341.974000	0.000000	-119.067000	0.000000	81.684000	0.000000

2024-08-26	13:06:32	1724670392.513755	-43179.996271	-0.044311	-0.187380	64.678257	165.994350	-274.638514	166.494394	287.863357	95.945454	196.894151	75.164579	-148.211737	85.067757	141.272383	72.431104	-386.305545	43.728960	189.167593	49.997602	-242.346463	0.228571	416.981759	0.184718	-195.504000	0.000000	34.096351	4.423198	-384.624000	0.000000	-1.976000	0.000000	65.896000	0.000000	123.875000	0.000000	-195.267000	0.000000	66.843000	0.000000	-115.378000	0.000000	-98.042000	0.000000	-51.739000	0.000000	-341.974000	0.000000	-119.067000	0.000000	81.684000	0.000000

2024-08-26	13:06:33	1724670393.507174	-43179.002852	-0.044311	-0.187380	95.526867	170.317494	-319.088116	146.002370	304.440532	55.170906	188.130395	65.755425	-116.141332	88.930886	103.457973	93.546249	-307.570496	59.139416	113.424555	54.879848	-242.050125	0.178858	416.904022	0.190649	-195.504000	0.000000	35.128642	3.896336	-384.624000	0.000000	-1.976000	0.000000	65.896000	0.000000	123.875000	0.000000	-195.267000	0.000000	66.843000	0.000000	-115.378000	0.000000	-98.042000	0.000000	-51.739000	0.000000	-341.974000	0.000000	-119.067000	0.000000	81.684000	0.000000

2024-08-26	13:06:34	1724670394.521581	-43177.988445	-0.044311	-0.187380	-81.726117	145.000835	-137.083072	141.194335	240.191429	85.498391	248.160911	91.956869	-113.850067	92.838023	104.240100	72.562386	-331.802209	46.554060	138.603701	50.175507	-242.261662	0.263963	416.387761	0.181381	-195.504000	0.000000	37.366629	2.968777	-384.624000	0.000000	-1.976000	0.000000	65.896000	0.000000	123.875000	0.000000	-195.267000	0.000000	66.843000	0.000000	-115.378000	0.000000	-98.042000	0.000000	-51.739000	0.000000	-341.974000	0.000000	-119.067000	0.000000	81.684000	0.000000

2024-08-26	13:06:35	1724670395.507004	-43177.003022	-0.044311	-0.187380	-113.425694	151.197689	-100.155863	180.774047	326.155968	121.887996	150.757546	168.245468	-63.998077	105.044760	48.453896	75.747482	-347.232325	70.702695	149.867873	66.662906	-242.220719	0.213568	416.799549	0.196029	-195.504000	0.000000	37.683929	3.272239	-384.624000	0.000000	-1.976000	0.000000	65.896000	0.000000	123.875000	0.000000	-195.267000	0.000000	66.843000	0.000000	-115.378000	0.000000	-98.042000	0.000000	-51.739000	0.000000	-341.974000	0.000000	-119.067000	0.000000	81.684000	0.000000

2024-08-26	13:06:36	1724670396.508418	-43176.001608	-0.044311	-0.187380	-137.910323	189.763553	-76.007417	166.666001	315.474549	84.747219	173.316813	127.420814	-141.158538	55.146963	127.706954	21.917600	-335.985418	113.530781	139.033506	115.002387	-242.169225	0.220972	416.654236	0.129575	-195.504000	0.000000	34.969460	3.258042	-384.624000	0.000000	-1.976000	0.000000	65.896000	0.000000	123.875000	0.000000	-195.267000	0.000000	66.843000	0.000000	-115.378000	0.000000	-98.042000	0.000000	-51.739000	0.000000	-341.974000	0.000000	-119.067000	0.000000	81.684000	0.000000

2024-08-26	13:06:37	1724670397.518742	-43174.991284	-0.044311	-0.187380	-140.035116	224.838848	-76.872478	213.031809	319.029697	56.654126	159.892312	72.437597	-67.261082	71.401665	54.596624	86.876940	-344.314458	24.419371	153.474216	40.027525	-242.445289	0.230846	416.747177	0.157986	-195.504000	0.000000	36.703063	4.527975	-384.624000	0.000000	-1.976000	0.000000	65.896000	0.000000	123.875000	0.000000	-195.267000	0.000000	66.843000	0.000000	-115.378000	0.000000	-98.042000	0.000000	-51.739000	0.000000	-341.974000	0.000000	-119.067000	0.000000	81.684000	0.000000

2024-08-26	13:06:38	1724670398.517158	-43173.992868	-0.044311	-0.200625	-76.093026	229.506691	-142.757612	258.138500	241.657998	182.423912	252.118826	89.521249	-158.442755	149.175074	152.109517	91.749093	-317.897438	58.063872	116.394518	53.634558	-241.908989	0.193479	416.661211	0.133863	-195.504000	0.000000	36.895590	3.761459	-384.624000	0.000000	-1.976000	0.000000	65.896000	0.000000	123.875000	0.000000	-195.267000	0.000000	66.843000	0.000000	-115.378000	0.000000	-98.042000	0.000000	-51.739000	0.000000	-341.974000	0.000000	-119.067000	0.000000	81.684000	0.000000

2024-08-26	13:06:39	1724670399.506579	-43173.003447	-0.044311	-0.200625	90.645303	328.246746	-328.615098	351.958149	336.332475	195.604778	137.924889	166.818552	-145.525988	123.982520	117.140879	124.604637	-370.771206	75.988853	173.420572	68.562839	-242.373997	0.220344	416.716338	0.193819	-195.504000	0.000000	39.448739	4.582690	-384.624000	0.000000	-1.976000	0.000000	65.896000	0.000000	123.875000	0.000000	-195.267000	0.000000	66.843000	0.000000	-115.378000	0.000000	-98.042000	0.000000	-51.739000	0.000000	-341.974000	0.000000	-119.067000	0.000000	81.684000	0.000000

2024-08-26	13:06:40	1724670400.522984	-43171.987042	-0.044311	-0.200625	9.946268	141.532283	-214.572597	162.358761	300.887248	95.241406	206.692105	131.042782	-100.174681	94.457858	95.331829	86.562782	-326.794846	55.134871	134.990279	53.973480	-242.394722	0.248727	416.458210	0.177804	-195.504000	0.000000	36.648183	5.573066	-384.624000	0.000000	-1.976000	0.000000	65.896000	0.000000	123.875000	0.000000	-195.267000	0.000000	66.843000	0.000000	-115.378000	0.000000	-98.042000	0.000000	-51.739000	0.000000	-341.974000	0.000000	-119.067000	0.000000	81.684000	0.000000

2024-08-26	13:06:41	1724670401.518401	-43170.991625	-0.044311	-0.200625	-44.816569	173.739861	-184.963419	175.945841	266.633129	125.322449	207.777142	117.349736	-110.800304	43.867470	95.312665	56.658239	-364.698048	55.980990	162.190747	52.987520	-242.057197	0.139039	416.495187	0.184075	-195.504000	0.000000	36.624857	4.017775	-384.624000	0.000000	-1.976000	0.000000	65.896000	0.000000	123.875000	0.000000	-195.267000	0.000000	66.843000	0.000000	-115.378000	0.000000	-98.042000	0.000000	-51.739000	0.000000	-341.974000	0.000000	-119.067000	0.000000	81.684000	0.000000

2024-08-26	13:06:42	1724670402.509058	-43170.000968	-0.044311	-0.200625	25.344347	329.682579	-236.319224	322.021943	269.479633	121.290123	227.518790	124.367382	-112.573951	53.144247	100.870173	46.352487	-348.877243	41.117830	153.071802	37.388778	-242.121394	0.185926	416.736691	0.211617	-195.504000	0.000000	37.680532	3.689540	-384.624000	0.000000	-1.976000	0.000000	65.896000	0.000000	123.875000	0.000000	-195.267000	0.000000	66.843000	0.000000	-115.378000	0.000000	-98.042000	0.000000	-51.739000	0.000000	-341.974000	0.000000	-119.067000	0.000000	81.684000	0.000000

2024-08-26	13:06:43	1724670403.521466	-43168.988560	-0.044311	-0.200625	3.104770	65.017441	-235.150836	46.263815	302.613182	88.918776	176.651685	107.941386	-182.283225	88.214401	156.417294	86.548358	-329.894574	62.800076	133.986884	58.529798	-242.373876	0.141173	416.322782	0.302457	-195.504000	0.000000	37.445517	3.802153	-384.624000	0.000000	-1.976000	0.000000	65.896000	0.000000	123.875000	0.000000	-195.267000	0.000000	66.843000	0.000000	-115.378000	0.000000	-98.042000	0.000000	-51.739000	0.000000	-341.974000	0.000000	-119.067000	0.000000	81.684000	0.000000

2024-08-26	13:06:44	1724670404.519882	-43167.990144	-0.044311	-0.207240	-17.734363	203.283092	-201.639036	215.147499	251.226765	139.539839	222.241333	111.934678	-54.823836	110.318477	47.835178	79.928213	-335.466423	86.007175	141.528404	80.101945	-242.056320	0.224957	416.278292	0.207603	-195.504000	0.000000	34.680076	3.405200	-384.624000	0.000000	-1.976000	0.000000	65.896000	0.000000	123.875000	0.000000	-195.267000	0.000000	66.843000	0.000000	-115.378000	0.000000	-98.042000	0.000000	-51.739000	0.000000	-341.974000	0.000000	-119.067000	0.000000	81.684000	0.000000

2024-08-26	13:06:45	1724670405.517298	-43166.992728	-0.044311	-0.207240	-83.513925	115.382270	-119.354382	114.882033	201.506717	95.684423	297.454635	99.626721	-142.977140	70.894602	127.711291	50.186201	-341.312620	60.511939	148.594309	61.888500	-242.189901	0.201816	416.680824	0.337963	-195.504000	0.000000	37.383962	5.881874	-384.624000	0.000000	-1.976000	0.000000	65.896000	0.000000	123.875000	0.000000	-195.267000	0.000000	66.843000	0.000000	-115.378000	0.000000	-98.042000	0.000000	-51.739000	0.000000	-341.974000	0.000000	-119.067000	0.000000	81.684000	0.000000

2024-08-26	13:06:46	1724670406.515714	-43165.994312	-0.044311	-0.207240	5.303200	140.539070	-220.783157	82.644533	342.643288	159.261491	155.738260	176.506934	-42.592033	72.886386	41.532925	117.313153	-340.948452	28.121686	146.644760	26.267974	-242.346492	0.158749	416.725085	0.344939	-195.504000	0.000000	40.307389	3.960893	-384.624000	0.000000	-1.976000	0.000000	65.896000	0.000000	123.875000	0.000000	-195.267000	0.000000	66.843000	0.000000	-115.378000	0.000000	-98.042000	0.000000	-51.739000	0.000000	-341.974000	0.000000	-119.067000	0.000000	81.684000	0.000000

2024-08-26	13:06:47	1724670407.521478	-43164.988548	-0.044311	-0.207240	-28.600659	159.580037	-189.845538	149.623678	231.384080	140.516116	250.976666	157.099816	-122.807614	61.550998	104.223397	57.904811	-319.528675	21.290954	130.387690	18.259140	-242.416853	0.155598	416.894315	0.181836	-195.504000	0.000000	43.913621	3.035373	-384.624000	0.000000	-1.976000	0.000000	65.896000	0.000000	123.875000	0.000000	-195.267000	0.000000	66.843000	0.000000	-115.378000	0.000000	-98.042000	0.000000	-51.739000	0.000000	-341.974000	0.000000	-119.067000	0.000000	81.684000	0.000000

2024-08-26	13:06:48	1724670408.507900	-43164.002126	-0.044311	-0.207240	-34.410967	184.776089	-190.680893	188.193466	221.074320	32.264150	265.214681	43.339434	-63.181870	77.516533	51.042511	68.585231	-325.305973	48.855297	132.582756	49.500320	-242.223031	0.220430	416.954409	0.165752	-195.504000	0.000000	40.012897	3.909844	-384.624000	0.000000	-1.976000	0.000000	65.896000	0.000000	123.875000	0.000000	-195.267000	0.000000	66.843000	0.000000	-115.378000	0.000000	-98.042000	0.000000	-51.739000	0.000000	-341.974000	0.000000	-119.067000	0.000000	81.684000	0.000000

2024-08-26	13:06:49	1724670409.509314	-43163.000712	-0.044311	-0.207240	7.598660	280.429855	-218.804299	236.218820	373.215481	88.117137	114.139912	91.654907	-80.440945	123.042041	69.284690	115.929155	-360.397252	96.386889	165.034534	85.368406	-242.042282	0.201609	416.788523	0.156731	-195.504000	0.000000	32.432153	3.135556	-384.624000	0.000000	-1.976000	0.000000	65.896000	0.000000	123.875000	0.000000	-195.267000	0.000000	66.843000	0.000000	-115.378000	0.000000	-98.042000	0.000000	-51.739000	0.000000	-341.974000	0.000000	-119.067000	0.000000	81.684000	0.000000

2024-08-26	13:06:50	1724670410.520722	-43161.989304	-0.044311	-0.187380	-56.844906	323.505161	-157.541471	323.040037	278.719825	98.824661	200.894490	93.494855	-83.585417	119.631768	73.838582	139.314460	-345.012808	19.384830	147.232667	15.971960	-242.309747	0.219374	416.848317	0.287729	-195.504000	0.000000	37.476201	4.211253	-384.624000	0.000000	-1.976000	0.000000	65.896000	0.000000	123.875000	0.000000	-195.267000	0.000000	66.843000	0.000000	-115.378000	0.000000	-98.042000	0.000000	-51.739000	0.000000	-341.974000	0.000000	-119.067000	0.000000	81.684000	0.000000

2024-08-26	13:06:51	1724670411.508160	-43161.001866	-0.044311	-0.187380	-116.890957	127.817904	-99.297692	100.608126	216.781812	124.358719	274.391391	102.344238	-157.075470	64.617908	137.471109	84.906439	-300.682935	66.063623	109.630858	59.896696	-242.345176	0.209193	417.360722	0.165703	-195.504000	0.000000	35.562574	3.743807	-384.624000	0.000000	-1.976000	0.000000	65.896000	0.000000	123.875000	0.000000	-195.267000	0.000000	66.843000	0.000000	-115.378000	0.000000	-98.042000	0.000000	-51.739000	0.000000	-341.974000	0.000000	-119.067000	0.000000	81.684000	0.000000

2024-08-26	13:06:52	1724670412.520504	-43159.989522	-0.044311	-0.187380	7.465564	211.221774	-227.591096	208.233809	319.750151	167.593141	172.358184	174.602904	-142.047732	102.176539	135.565644	98.792757	-364.584065	71.239745	166.079305	64.524092	-242.487994	0.304002	417.435920	0.167163	-195.504000	0.000000	34.399273	4.087756	-384.624000	0.000000	-1.976000	0.000000	65.896000	0.000000	123.875000	0.000000	-195.267000	0.000000	66.843000	0.000000	-115.378000	0.000000	-98.042000	0.000000	-51.739000	0.000000	-341.974000	0.000000	-119.067000	0.000000	81.684000	0.000000

2024-08-26	13:06:53	1724670413.509924	-43159.000102	-0.044311	-0.187380	189.606529	154.850929	-418.443286	130.815436	342.054577	226.765061	120.134555	233.195446	-142.362273	89.402848	119.456791	59.664196	-343.143508	33.153418	144.521295	19.251462	-242.027029	0.148593	417.333752	0.220836	-195.504000	0.000000	36.074478	3.746974	-384.624000	0.000000	-1.976000	0.000000	65.896000	0.000000	123.875000	0.000000	-195.267000	0.000000	66.843000	0.000000	-115.378000	0.000000	-98.042000	0.000000	-51.739000	0.000000	-341.974000	0.000000	-119.067000	0.000000	81.684000	0.000000

2024-08-26	13:06:54	1724670414.506342	-43158.003684	-0.044311	-0.187380	-93.327947	196.063547	-107.067573	184.278992	180.007443	167.228485	336.713028	136.107161	-89.142346	135.429242	95.758563	100.157578	-351.819218	34.704720	159.171217	36.463756	-242.165605	0.256535	417.249511	0.345654	-195.504000	0.000000	37.891402	3.133374	-384.624000	0.000000	-1.976000	0.000000	65.896000	0.000000	123.875000	0.000000	-195.267000	0.000000	66.843000	0.000000	-115.378000	0.000000	-98.042000	0.000000	-51.739000	0.000000	-341.974000	0.000000	-119.067000	0.000000	81.684000	0.000000

2024-08-26	13:06:55	1724670415.507756	-43157.002270	-0.044311	-0.187380	-272.418002	73.186936	38.014972	82.740555	261.365112	160.392838	216.075333	225.220422	-142.499334	59.572958	119.392522	45.517025	-337.277659	54.979497	140.270261	53.744175	-241.745491	0.244267	417.412999	0.265180	-195.504000	0.000000	33.854866	3.674670	-384.624000	0.000000	-1.976000	0.000000	65.896000	0.000000	123.875000	0.000000	-195.267000	0.000000	66.843000	0.000000	-115.378000	0.000000	-98.042000	0.000000	-51.739000	0.000000	-341.974000	0.000000	-119.067000	0.000000	81.684000	0.000000

2024-08-26	13:06:56	1724670416.520181	-43155.989845	-0.044311	-0.180762	-21.065844	199.422865	-203.256736	195.007633	388.701120	116.711115	95.594676	132.244350	-137.491105	67.567345	122.618604	57.972718	-352.245186	23.304196	154.963243	23.131114	-242.336192	0.127710	417.521045	0.224690	-195.504000	0.000000	35.573903	3.941146	-384.624000	0.000000	-1.976000	0.000000	65.896000	0.000000	123.875000	0.000000	-195.267000	0.000000	66.843000	0.000000	-115.378000	0.000000	-98.042000	0.000000	-51.739000	0.000000	-341.974000	0.000000	-119.067000	0.000000	81.684000	0.000000

2024-08-26	13:06:57	1724670417.520616	-43154.989410	-0.044311	-0.180762	24.342091	198.434087	-232.564889	209.128199	315.913759	112.782090	178.347164	97.271895	-57.384853	77.770541	49.029077	72.830644	-364.876860	61.924557	171.862623	71.329408	-242.187859	0.151733	417.502766	0.200034	-195.504000	0.000000	39.138303	3.392504	-384.624000	0.000000	-1.976000	0.000000	65.896000	0.000000	123.875000	0.000000	-195.267000	0.000000	66.843000	0.000000	-115.378000	0.000000	-98.042000	0.000000	-51.739000	0.000000	-341.974000	0.000000	-119.067000	0.000000	81.684000	0.000000

2024-08-26	13:06:58	1724670418.510044	-43153.999982	-0.044311	-0.180762	-7.413288	180.094737	-207.797362	166.887014	219.341416	78.060022	275.607503	87.856501	-193.343583	53.222855	177.538479	54.238608	-321.345567	27.017112	129.578035	34.067917	-242.297821	0.233877	417.544881	0.209371	-195.504000	0.000000	31.262749	3.428081	-384.624000	0.000000	-1.976000	0.000000	65.896000	0.000000	123.875000	0.000000	-195.267000	0.000000	66.843000	0.000000	-115.378000	0.000000	-98.042000	0.000000	-51.739000	0.000000	-341.974000	0.000000	-119.067000	0.000000	81.684000	0.000000

2024-08-26	13:06:59	1724670419.508461	-43153.001565	-0.044311	-0.180762	-192.030501	146.807846	-33.333661	147.577915	285.453948	124.582622	194.031347	153.580452	-86.592229	74.723035	71.559709	81.074415	-345.474818	59.454070	146.805202	57.750817	-242.210403	0.281769	417.385816	0.240396	-195.504000	0.000000	34.622806	3.807563	-384.624000	0.000000	-1.976000	0.000000	65.896000	0.000000	123.875000	0.000000	-195.267000	0.000000	66.843000	0.000000	-115.378000	0.000000	-98.042000	0.000000	-51.739000	0.000000	-341.974000	0.000000	-119.067000	0.000000	81.684000	0.000000

2024-08-26	13:07:00	1724670420.508875	-43152.001151	-0.044311	-0.180762	55.620882	198.505478	-268.631236	209.230840	299.112673	138.100719	194.102746	184.634999	-108.219486	98.037449	95.271337	86.137119	-325.518435	52.459035	131.963929	52.268331	-242.038254	0.290319	417.226554	0.207037	-195.504000	0.000000	36.872996	5.107792	-384.624000	0.000000	-1.976000	0.000000	65.896000	0.000000	123.875000	0.000000	-195.267000	0.000000	66.843000	0.000000	-115.378000	0.000000	-98.042000	0.000000	-51.739000	0.000000	-341.974000	0.000000	-119.067000	0.000000	81.684000	0.000000

2024-08-26	13:07:01	1724670421.511288	-43150.998738	-0.044311	-0.180762	-97.483332	205.088228	-128.863019	201.058608	185.944464	148.528676	291.883010	109.001287	-142.425923	63.211173	125.758462	89.978485	-355.651660	43.581260	162.120888	54.235672	-242.376481	0.184028	417.311833	0.292338	-195.504000	0.000000	36.062091	4.555679	-384.624000	0.000000	-1.976000	0.000000	65.896000	0.000000	123.875000	0.000000	-195.267000	0.000000	66.843000	0.000000	-115.378000	0.000000	-98.042000	0.000000	-51.739000	0.000000	-341.974000	0.000000	-119.067000	0.000000	81.684000	0.000000

2024-08-26	13:07:02	1724670422.508704	-43150.001322	-0.044311	-0.187380	-46.014879	120.835656	-164.902902	121.037282	275.282063	63.582445	213.473379	84.596477	-127.531564	167.125317	123.780555	145.442227	-300.738301	71.060304	109.621526	72.376068	-242.278022	0.244989	417.367915	0.223190	-195.504000	0.000000	35.820362	2.986671	-384.624000	0.000000	-1.976000	0.000000	65.896000	0.000000	123.875000	0.000000	-195.267000	0.000000	66.843000	0.000000	-115.378000	0.000000	-98.042000	0.000000	-51.739000	0.000000	-341.974000	0.000000	-119.067000	0.000000	81.684000	0.000000

2024-08-26	13:07:03	1724670423.513922	-43148.996104	-0.044311	-0.187380	-28.309069	176.057541	-191.646452	199.593796	412.149057	96.710098	78.344243	119.261465	-110.837358	55.598778	89.377410	60.750372	-315.215966	60.093844	119.888454	58.078109	-242.630778	0.196077	417.213365	0.171061	-195.504000	0.000000	34.590287	3.030237	-384.624000	0.000000	-1.976000	0.000000	65.896000	0.000000	123.875000	0.000000	-195.267000	0.000000	66.843000	0.000000	-115.378000	0.000000	-98.042000	0.000000	-51.739000	0.000000	-341.974000	0.000000	-119.067000	0.000000	81.684000	0.000000

2024-08-26	13:07:04	1724670424.521333	-43147.988693	-0.044311	-0.187380	-28.723093	244.059959	-191.528018	252.736409	244.318480	191.944544	230.001860	331.010571	-116.483303	125.359390	105.405245	123.042631	-355.291278	69.616469	162.305869	61.091064	-242.480466	0.224740	417.259974	0.197624	-195.504000	0.000000	38.609169	4.354710	-384.624000	0.000000	-1.976000	0.000000	65.896000	0.000000	123.875000	0.000000	-195.267000	0.000000	66.843000	0.000000	-115.378000	0.000000	-98.042000	0.000000	-51.739000	0.000000	-341.974000	0.000000	-119.067000	0.000000	81.684000	0.000000

2024-08-26	13:07:05	1724670425.518748	-43146.991278	-0.044311	-0.187380	13.881362	97.664299	-220.802725	120.241003	195.520740	125.799494	296.273940	156.932305	-60.786602	120.754707	54.719919	84.940880	-354.604987	58.019982	162.516543	48.641132	-242.287857	0.211946	417.221395	0.280404	-195.504000	0.000000	35.677533	4.109955	-384.624000	0.000000	-1.976000	0.000000	65.896000	0.000000	123.875000	0.000000	-195.267000	0.000000	66.843000	0.000000	-115.378000	0.000000	-98.042000	0.000000	-51.739000	0.000000	-341.974000	0.000000	-119.067000	0.000000	81.684000	0.000000

2024-08-26	13:07:06	1724670426.520163	-43145.989863	-0.044311	-0.187380	26.357982	316.874295	-246.883490	336.637770	342.546661	115.666427	136.395841	112.562047	-119.812431	43.670959	110.991409	23.676356	-297.555571	43.918430	102.440165	40.492775	-242.434128	0.189912	416.908815	0.231899	-195.504000	0.000000	32.772467	5.545162	-384.624000	0.000000	-1.976000	0.000000	65.896000	0.000000	123.875000	0.000000	-195.267000	0.000000	66.843000	0.000000	-115.378000	0.000000	-98.042000	0.000000	-51.739000	0.000000	-341.974000	0.000000	-119.067000	0.000000	81.684000	0.000000

2024-08-26	13:07:07	1724670427.515580	-43144.994446	-0.044311	-0.194003	168.813214	125.843866	-389.894324	117.394245	278.346095	74.343855	219.681999	72.388757	-124.793739	136.478154	127.083988	113.117879	-387.081735	100.337624	191.127655	93.075885	-242.800276	0.166412	416.712902	0.156585	-195.504000	0.000000	34.795697	5.146276	-384.624000	0.000000	-1.976000	0.000000	65.896000	0.000000	123.875000	0.000000	-195.267000	0.000000	66.843000	0.000000	-115.378000	0.000000	-98.042000	0.000000	-51.739000	0.000000	-341.974000	0.000000	-119.067000	0.000000	81.684000	0.000000

2024-08-26	13:07:08	1724670428.508096	-43144.001930	-0.044311	-0.194003	-89.273330	74.805593	-137.136174	74.988976	197.131280	167.908270	269.334170	225.235717	-93.999629	88.098962	65.175928	91.814483	-323.819963	40.352564	126.496216	40.466392	-242.179478	0.203729	416.579249	0.235375	-195.504000	0.000000	39.067793	2.988855	-384.624000	0.000000	-1.976000	0.000000	65.896000	0.000000	123.875000	0.000000	-195.267000	0.000000	66.843000	0.000000	-115.378000	0.000000	-98.042000	0.000000	-51.739000	0.000000	-341.974000	0.000000	-119.067000	0.000000	81.684000	0.000000

2024-08-26	13:07:09	1724670429.511490	-43142.998536	-0.044311	-0.194003	-13.058482	74.980482	-203.982798	66.241247	287.807947	124.974593	203.968184	161.194992	-82.708844	90.353291	77.535974	85.399467	-313.459251	35.637458	122.357934	40.838294	-242.455308	0.284617	416.559824	0.214112	-195.504000	0.000000	39.913735	3.735536	-384.624000	0.000000	-1.976000	0.000000	65.896000	0.000000	123.875000	0.000000	-195.267000	0.000000	66.843000	0.000000	-115.378000	0.000000	-98.042000	0.000000	-51.739000	0.000000	-341.974000	0.000000	-119.067000	0.000000	81.684000	0.000000

2024-08-26	13:07:10	1724670430.510905	-43141.999121	-0.044311	-0.194003	-127.457448	215.089533	-81.114306	203.886036	326.311762	80.615689	157.022579	61.516487	-176.924340	64.132262	159.456825	66.649117	-338.947839	46.092698	146.178107	42.803922	-242.301671	0.224591	417.079596	0.184031	-195.504000	0.000000	37.513580	4.198605	-384.624000	0.000000	-1.976000	0.000000	65.896000	0.000000	123.875000	0.000000	-195.267000	0.000000	66.843000	0.000000	-115.378000	0.000000	-98.042000	0.000000	-51.739000	0.000000	-341.974000	0.000000	-119.067000	0.000000	81.684000	0.000000

2024-08-26	13:07:11	1724670431.508322	-43141.001704	-0.044311	-0.194003	-169.969121	219.195655	-52.293106	206.098900	288.825164	110.361546	188.595499	144.198747	-79.533838	70.562274	63.603716	53.868159	-303.672280	36.972242	110.999702	47.182547	-242.273600	0.121560	416.917313	0.199476	-195.504000	0.000000	38.248792	5.377818	-384.624000	0.000000	-1.976000	0.000000	65.896000	0.000000	123.875000	0.000000	-195.267000	0.000000	66.843000	0.000000	-115.378000	0.000000	-98.042000	0.000000	-51.739000	0.000000	-341.974000	0.000000	-119.067000	0.000000	81.684000	0.000000

2024-08-26	13:07:12	1724670432.509737	-43140.000289	-0.044311	-0.194003	-37.566173	199.482157	-180.652194	159.766831	300.700939	188.895545	188.992248	170.884695	-115.547110	55.285643	104.721811	38.720351	-375.526101	33.900524	180.939981	36.724167	-242.274932	0.186277	417.133629	0.130174	-195.504000	0.000000	34.103806	6.682108	-384.624000	0.000000	-1.976000	0.000000	65.896000	0.000000	123.875000	0.000000	-195.267000	0.000000	66.843000	0.000000	-115.378000	0.000000	-98.042000	0.000000	-51.739000	0.000000	-341.974000	0.000000	-119.067000	0.000000	81.684000	0.000000

2024-08-26	13:07:13	1724670433.519677	-43138.990349	-0.044311	-0.194003	-41.517902	161.720968	-165.553036	143.570135	232.531803	209.541407	263.926895	216.337743	-123.742344	96.346619	116.784335	76.757288	-325.400348	48.470705	132.979670	46.827249	-242.394168	0.146530	416.915989	0.308561	-195.504000	0.000000	39.886225	4.219240	-384.624000	0.000000	-1.976000	0.000000	65.896000	0.000000	123.875000	0.000000	-195.267000	0.000000	66.843000	0.000000	-115.378000	0.000000	-98.042000	0.000000	-51.739000	0.000000	-341.974000	0.000000	-119.067000	0.000000	81.684000	0.000000

2024-08-26	13:07:14	1724670434.515094	-43137.994932	-0.044311	-0.194003	38.034121	137.567340	-247.067221	131.052436	367.205693	178.219180	122.578394	155.707418	-126.764828	49.184251	122.452233	59.411599	-350.032795	25.279165	158.510139	25.038920	-242.826275	0.276115	416.802943	0.263223	-195.504000	0.000000	34.096887	5.330069	-384.624000	0.000000	-1.976000	0.000000	65.896000	0.000000	123.875000	0.000000	-195.267000	0.000000	66.843000	0.000000	-115.378000	0.000000	-98.042000	0.000000	-51.739000	0.000000	-341.974000	0.000000	-119.067000	0.000000	81.684000	0.000000

2024-08-26	13:07:15	1724670435.506514	-43137.003512	-0.044311	-0.194003	116.421699	112.293451	-336.033458	71.443613	224.977358	179.211502	244.374710	146.265415	-113.079072	152.779353	98.239901	115.246489	-326.715979	49.500884	129.990929	60.666980	-242.927735	0.125981	416.890791	0.142612	-195.504000	0.000000	36.242485	4.710305	-384.624000	0.000000	-1.976000	0.000000	65.896000	0.000000	123.875000	0.000000	-195.267000	0.000000	66.843000	0.000000	-115.378000	0.000000	-98.042000	0.000000	-51.739000	0.000000	-341.974000	0.000000	-119.067000	0.000000	81.684000	0.000000

2024-08-26	13:07:16	1724670436.509926	-43136.000100	-0.044311	-0.194003	-203.638747	101.819019	-9.760724	118.536936	281.274200	126.804324	210.014461	140.594285	-88.924136	63.067431	81.261097	43.673744	-339.784387	72.414008	145.816774	83.705971	-242.718298	0.158878	416.850562	0.135803	-195.504000	0.000000	37.417015	2.837351	-384.624000	0.000000	-1.976000	0.000000	65.896000	0.000000	123.875000	0.000000	-195.267000	0.000000	66.843000	0.000000	-115.378000	0.000000	-98.042000	0.000000	-51.739000	0.000000	-341.974000	0.000000	-119.067000	0.000000	81.684000	0.000000

2024-08-26	13:07:17	1724670437.520335	-43134.989691	-0.044311	-0.194003	116.298494	118.614729	-355.245616	130.945749	335.860690	118.715845	123.180156	119.926205	-143.066726	85.847362	112.160390	66.136981	-341.708875	49.397684	143.507289	53.738140	-242.528041	0.183037	416.882031	0.138540	-195.504000	0.000000	39.198953	4.657551	-384.624000	0.000000	-1.976000	0.000000	65.896000	0.000000	123.875000	0.000000	-195.267000	0.000000	66.843000	0.000000	-115.378000	0.000000	-98.042000	0.000000	-51.739000	0.000000	-341.974000	0.000000	-119.067000	0.000000	81.684000	0.000000

2024-08-26	13:07:18	1724670438.521596	-43133.988430	-0.044311	-0.194003	-144.381456	124.307752	-71.736676	139.724891	281.265914	173.864417	202.305886	136.294723	-102.881535	86.087101	92.711295	55.176984	-349.813532	51.327541	156.078446	44.196488	-242.345280	0.170966	416.569767	0.206750	-195.504000	0.000000	37.675732	3.176429	-384.624000	0.000000	-1.976000	0.000000	65.896000	0.000000	123.875000	0.000000	-195.267000	0.000000	66.843000	0.000000	-115.378000	0.000000	-98.042000	0.000000	-51.739000	0.000000	-341.974000	0.000000	-119.067000	0.000000	81.684000	0.000000

2024-08-26	13:07:19	1724670439.515015	-43132.995011	-0.044311	-0.220485	59.880133	192.921227	-276.995844	204.632401	160.832822	107.016638	346.607549	84.323235	-92.644881	165.536741	83.617586	149.712919	-366.485498	24.101406	169.690271	27.851516	-242.403188	0.150628	416.322536	0.221032	-195.504000	0.000000	33.436917	3.734727	-384.624000	0.000000	-1.976000	0.000000	65.896000	0.000000	123.875000	0.000000	-195.267000	0.000000	66.843000	0.000000	-115.378000	0.000000	-98.042000	0.000000	-51.739000	0.000000	-341.974000	0.000000	-119.067000	0.000000	81.684000	0.000000

2024-08-26	13:07:20	1724670440.519427	-43131.990599	-0.044311	-0.220485	-214.950639	236.666268	-14.109508	222.722937	281.818249	163.424657	187.686968	212.914860	-113.989497	87.260268	99.532983	56.760672	-344.115026	60.228526	144.907512	49.772041	-242.373561	0.145002	416.545522	0.189352	-195.504000	0.000000	35.583774	4.375663	-384.624000	0.000000	-1.976000	0.000000	65.896000	0.000000	123.875000	0.000000	-195.267000	0.000000	66.843000	0.000000	-115.378000	0.000000	-98.042000	0.000000	-51.739000	0.000000	-341.974000	0.000000	-119.067000	0.000000	81.684000	0.000000

2024-08-26	13:07:21	1724670441.508849	-43131.001177	-0.044311	-0.220485	-21.970432	169.252638	-199.464652	170.568277	335.661378	112.214099	135.625914	178.818989	-119.588622	106.767806	95.963415	74.855404	-389.521358	40.137158	193.614208	29.567275	-242.349193	0.194395	416.905481	0.151194	-195.504000	0.000000	38.738194	3.846802	-384.624000	0.000000	-1.976000	0.000000	65.896000	0.000000	123.875000	0.000000	-195.267000	0.000000	66.843000	0.000000	-115.378000	0.000000	-98.042000	0.000000	-51.739000	0.000000	-341.974000	0.000000	-119.067000	0.000000	81.684000	0.000000

2024-08-26	13:07:22	1724670442.517258	-43129.992768	-0.044311	-0.220485	54.133546	121.303862	-277.705123	131.398470	270.367100	116.623911	223.990179	154.220195	-75.478289	47.829594	75.708071	41.216456	-302.561259	81.406784	108.934724	73.143657	-242.618030	0.188453	416.787450	0.114986	-195.504000	0.000000	34.108591	7.602071	-384.624000	0.000000	-1.976000	0.000000	65.896000	0.000000	123.875000	0.000000	-195.267000	0.000000	66.843000	0.000000	-115.378000	0.000000	-98.042000	0.000000	-51.739000	0.000000	-341.974000	0.000000	-119.067000	0.000000	81.684000	0.000000

2024-08-26	13:07:23	1724670443.514675	-43128.995351	-0.044311	-0.220485	-52.944788	94.983234	-160.648315	89.425632	341.487722	120.429566	137.368179	79.426680	-125.600704	185.650005	116.416168	164.871817	-327.431856	58.234997	139.322185	63.442135	-242.542936	0.167985	416.881192	0.190295	-195.504000	0.000000	35.703793	3.332195	-384.624000	0.000000	-1.976000	0.000000	65.896000	0.000000	123.875000	0.000000	-195.267000	0.000000	66.843000	0.000000	-115.378000	0.000000	-98.042000	0.000000	-51.739000	0.000000	-341.974000	0.000000	-119.067000	0.000000	81.684000	0.000000

2024-08-26	13:07:24	1724670444.507473	-43128.002553	-0.044311	-0.220485	20.089951	85.456539	-241.760224	62.624752	246.464083	61.230027	230.004527	33.488885	-100.316585	67.623424	85.224818	58.678966	-353.698308	87.183261	153.483555	82.675105	-242.307900	0.283606	417.184361	0.206223	-195.504000	0.000000	36.131856	4.528473	-384.624000	0.000000	-1.976000	0.000000	65.896000	0.000000	123.875000	0.000000	-195.267000	0.000000	66.843000	0.000000	-115.378000	0.000000	-98.042000	0.000000	-51.739000	0.000000	-341.974000	0.000000	-119.067000	0.000000	81.684000	0.000000

2024-08-26	13:07:25	1724670445.522878	-43126.987148	-0.044311	-0.200625	-81.814338	121.715752	-139.060782	116.157961	304.806929	171.011564	184.684690	164.951535	-123.289665	86.708185	107.934408	70.337153	-321.304541	62.953987	129.346666	70.299499	-242.520954	0.212804	416.846556	0.229180	-195.504000	0.000000	37.605852	4.311389	-384.624000	0.000000	-1.976000	0.000000	65.896000	0.000000	123.875000	0.000000	-195.267000	0.000000	66.843000	0.000000	-115.378000	0.000000	-98.042000	0.000000	-51.739000	0.000000	-341.974000	0.000000	-119.067000	0.000000	81.684000	0.000000

2024-08-26	13:07:26	1724670446.516297	-43125.993729	-0.044311	-0.200625	-83.304702	180.391064	-119.598800	183.936441	217.115599	191.928594	288.489926	206.209631	-142.608247	47.941358	140.520682	50.454982	-330.625987	50.678831	141.171854	46.977429	-242.810230	0.364136	416.929630	0.130951	-195.504000	0.000000	31.435543	3.983087	-384.624000	0.000000	-1.976000	0.000000	65.896000	0.000000	123.875000	0.000000	-195.267000	0.000000	66.843000	0.000000	-115.378000	0.000000	-98.042000	0.000000	-51.739000	0.000000	-341.974000	0.000000	-119.067000	0.000000	81.684000	0.000000

2024-08-26	13:07:27	1724670447.513713	-43124.996313	-0.044311	-0.200625	-58.201047	215.949837	-164.752880	179.288705	290.453252	75.418289	203.367196	45.751375	-96.807413	46.081684	85.170598	73.271324	-347.604535	88.769403	153.345202	88.157347	-242.811133	0.141880	416.822801	0.197142	-195.504000	0.000000	37.354838	4.316550	-384.624000	0.000000	-1.976000	0.000000	65.896000	0.000000	123.875000	0.000000	-195.267000	0.000000	66.843000	0.000000	-115.378000	0.000000	-98.042000	0.000000	-51.739000	0.000000	-341.974000	0.000000	-119.067000	0.000000	81.684000	0.000000

2024-08-26	13:07:28	1724670448.508132	-43124.001894	-0.044311	-0.200625	41.261785	132.924310	-268.988133	107.820774	195.971357	131.741106	267.772869	151.552947	-161.901875	174.587036	145.201728	135.205119	-341.468502	56.496720	145.614643	55.052141	-242.753373	0.164419	416.960863	0.162966	-195.504000	0.000000	35.746976	3.039910	-384.624000	0.000000	-1.976000	0.000000	65.896000	0.000000	123.875000	0.000000	-195.267000	0.000000	66.843000	0.000000	-115.378000	0.000000	-98.042000	0.000000	-51.739000	0.000000	-341.974000	0.000000	-119.067000	0.000000	81.684000	0.000000

2024-08-26	13:07:29	1724670449.513198	-43122.996828	-0.044311	-0.200625	-65.020059	134.650189	-149.504636	111.934450	304.646716	51.645730	183.137282	53.895117	-128.200194	133.621128	112.398397	138.673495	-326.664979	32.701662	130.653037	31.783103	-242.673330	0.208666	416.881332	0.247088	-195.504000	0.000000	33.175414	3.924710	-384.624000	0.000000	-1.976000	0.000000	65.896000	0.000000	123.875000	0.000000	-195.267000	0.000000	66.843000	0.000000	-115.378000	0.000000	-98.042000	0.000000	-51.739000	0.000000	-341.974000	0.000000	-119.067000	0.000000	81.684000	0.000000

2024-08-26	13:07:30	1724670450.516611	-43121.993415	-0.044311	-0.200625	46.687005	104.784638	-270.428078	100.645815	320.053407	133.406643	155.292245	96.246896	-71.418876	129.075598	61.749735	126.174039	-358.021573	39.917900	161.046600	44.098123	-242.687079	0.222566	416.565465	0.225715	-195.504000	0.000000	36.944210	5.352573	-384.624000	0.000000	-1.976000	0.000000	65.896000	0.000000	123.875000	0.000000	-195.267000	0.000000	66.843000	0.000000	-115.378000	0.000000	-98.042000	0.000000	-51.739000	0.000000	-341.974000	0.000000	-119.067000	0.000000	81.684000	0.000000

2024-08-26	13:07:31	1724670451.512028	-43120.997998	-0.044311	-0.200625	11.239048	148.822478	-235.150869	98.173158	272.449079	246.349868	212.780255	280.710989	-117.042588	43.242036	102.299548	42.021935	-318.201303	36.854812	119.384422	24.217410	-242.729422	0.160976	416.797422	0.165864	-195.504000	0.000000	37.695155	2.814504	-384.624000	0.000000	-1.976000	0.000000	65.896000	0.000000	123.875000	0.000000	-195.267000	0.000000	66.843000	0.000000	-115.378000	0.000000	-98.042000	0.000000	-51.739000	0.000000	-341.974000	0.000000	-119.067000	0.000000	81.684000	0.000000

2024-08-26	13:07:32	1724670452.526434	-43119.983592	-0.044311	-0.200625	-123.070583	242.535282	-78.368297	205.739267	384.473713	170.313152	107.239412	175.664608	-83.872946	161.625574	77.659549	167.084026	-333.273000	54.570905	143.456949	48.189238	-242.784284	0.112100	417.170166	0.230922	-195.504000	0.000000	34.699809	5.688771	-384.624000	0.000000	-1.976000	0.000000	65.896000	0.000000	123.875000	0.000000	-195.267000	0.000000	66.843000	0.000000	-115.378000	0.000000	-98.042000	0.000000	-51.739000	0.000000	-341.974000	0.000000	-119.067000	0.000000	81.684000	0.000000

2024-08-26	13:07:33	1724670453.515855	-43118.994171	-0.044311	-0.200625	-165.681219	245.474483	-70.362251	219.123227	240.282770	172.401791	233.202084	183.667393	-146.803984	33.258315	130.666260	51.592127	-327.683346	54.397387	128.591922	55.075401	-242.739213	0.229841	417.136211	0.585951	-195.504000	0.000000	36.057050	2.483402	-384.624000	0.000000	-1.976000	0.000000	65.896000	0.000000	123.875000	0.000000	-195.267000	0.000000	66.843000	0.000000	-115.378000	0.000000	-98.042000	0.000000	-51.739000	0.000000	-341.974000	0.000000	-119.067000	0.000000	81.684000	0.000000

2024-08-26	13:07:34	1724670454.510063	-43117.999963	-0.044311	-0.200625	150.176076	267.862271	-381.492669	238.405141	225.759203	126.896561	263.978180	120.998166	-100.399918	87.023468	77.664378	90.038194	-342.498979	31.811567	148.284397	41.899083	-242.447666	0.184194	416.546555	0.174098	-195.504000	0.000000	35.205593	3.660246	-384.624000	0.000000	-1.976000	0.000000	65.896000	0.000000	123.875000	0.000000	-195.267000	0.000000	66.843000	0.000000	-115.378000	0.000000	-98.042000	0.000000	-51.739000	0.000000	-341.974000	0.000000	-119.067000	0.000000	81.684000	0.000000

2024-08-26	13:07:35	1724670455.512476	-43116.997550	-0.044311	-0.200625	-86.544762	246.875013	-122.073291	259.840143	263.869522	135.806095	232.973021	186.672741	-121.336048	130.490618	109.297034	105.509431	-349.035087	69.968588	158.671557	60.661805	-242.304504	0.312287	416.827330	0.276349	-195.504000	0.000000	39.855591	4.050613	-384.624000	0.000000	-1.976000	0.000000	65.896000	0.000000	123.875000	0.000000	-195.267000	0.000000	66.843000	0.000000	-115.378000	0.000000	-98.042000	0.000000	-51.739000	0.000000	-341.974000	0.000000	-119.067000	0.000000	81.684000	0.000000

2024-08-26	13:07:36	1724670456.509893	-43116.000133	-0.044311	-0.200625	-59.984085	133.126163	-150.172787	147.190691	297.555544	109.250063	209.583636	125.056285	-68.375714	122.807522	68.901916	114.316455	-314.951040	52.883014	122.814699	47.245582	-242.303178	0.223821	416.993619	0.190374	-195.504000	0.000000	30.785259	3.834944	-384.624000	0.000000	-1.976000	0.000000	65.896000	0.000000	123.875000	0.000000	-195.267000	0.000000	66.843000	0.000000	-115.378000	0.000000	-98.042000	0.000000	-51.739000	0.000000	-341.974000	0.000000	-119.067000	0.000000	81.684000	0.000000

2024-08-26	13:07:37	1724670457.515320	-43114.994706	-0.044311	-0.194003	53.183398	100.340120	-273.050304	85.342923	208.111389	119.632933	268.913375	110.713441	-137.567901	145.455184	116.130698	139.082664	-367.625287	34.544973	171.250642	38.386001	-242.271845	0.152130	417.213481	0.168939	-195.504000	0.000000	34.833831	4.444144	-384.624000	0.000000	-1.976000	0.000000	65.896000	0.000000	123.875000	0.000000	-195.267000	0.000000	66.843000	0.000000	-115.378000	0.000000	-98.042000	0.000000	-51.739000	0.000000	-341.974000	0.000000	-119.067000	0.000000	81.684000	0.000000

2024-08-26	13:07:38	1724670458.507724	-43114.002302	-0.044311	-0.194003	-45.490537	151.700611	-179.067437	127.572641	327.705925	107.158399	154.867093	91.445436	-71.718257	92.700025	68.623175	89.034804	-361.308595	60.144650	166.953975	54.872899	-242.314571	0.209582	416.898476	0.195373	-195.504000	0.000000	34.767312	5.634910	-384.624000	0.000000	-1.976000	0.000000	65.896000	0.000000	123.875000	0.000000	-195.267000	0.000000	66.843000	0.000000	-115.378000	0.000000	-98.042000	0.000000	-51.739000	0.000000	-341.974000	0.000000	-119.067000	0.000000	81.684000	0.000000

2024-08-26	13:07:39	1724670459.514081	-43112.995945	-0.044311	-0.194003	-30.780680	263.825425	-176.601813	249.526070	258.985233	83.695365	235.126152	89.757737	-153.392657	119.311481	142.466728	113.630117	-325.075188	61.760731	134.783310	60.013085	-242.455384	0.133806	416.729928	0.177317	-195.504000	0.000000	38.873322	4.497297	-384.624000	0.000000	-1.976000	0.000000	65.896000	0.000000	123.875000	0.000000	-195.267000	0.000000	66.843000	0.000000	-115.378000	0.000000	-98.042000	0.000000	-51.739000	0.000000	-341.974000	0.000000	-119.067000	0.000000	81.684000	0.000000

2024-08-26	13:07:40	1724670460.516494	-43111.993532	-0.044311	-0.194003	-45.728097	246.422423	-176.749729	238.505516	273.621083	145.596704	191.780400	168.232371	-122.566545	141.552945	105.737287	133.791378	-368.770891	45.226997	172.205917	44.429705	-242.218980	0.312575	417.071641	0.166244	-195.504000	0.000000	36.922069	4.519300	-384.624000	0.000000	-1.976000	0.000000	65.896000	0.000000	123.875000	0.000000	-195.267000	0.000000	66.843000	0.000000	-115.378000	0.000000	-98.042000	0.000000	-51.739000	0.000000	-341.974000	0.000000	-119.067000	0.000000	81.684000	0.000000

2024-08-26	13:07:41	1724670461.511912	-43110.998114	-0.044311	-0.194003	-40.280433	176.252955	-189.383309	134.998030	246.590419	122.382456	237.142676	127.542692	-169.126242	92.653533	158.349761	112.570871	-360.792557	123.578107	167.778835	117.390877	-242.162769	0.144288	417.163956	0.183817	-195.504000	0.000000	36.630482	4.327845	-384.624000	0.000000	-1.976000	0.000000	65.896000	0.000000	123.875000	0.000000	-195.267000	0.000000	66.843000	0.000000	-115.378000	0.000000	-98.042000	0.000000	-51.739000	0.000000	-341.974000	0.000000	-119.067000	0.000000	81.684000	0.000000

2024-08-26	13:07:42	1724670462.511327	-43109.998699	-0.044311	-0.194003	-49.171345	172.472149	-169.561172	206.840863	363.985511	138.818891	138.888003	125.133126	-49.666252	102.089372	35.783789	93.687154	-313.440958	53.313149	118.042816	45.280636	-241.997841	0.151798	416.978462	0.207752	-195.504000	0.000000	38.818235	3.696445	-384.624000	0.000000	-1.976000	0.000000	65.896000	0.000000	123.875000	0.000000	-195.267000	0.000000	66.843000	0.000000	-115.378000	0.000000	-98.042000	0.000000	-51.739000	0.000000	-341.974000	0.000000	-119.067000	0.000000	81.684000	0.000000

2024-08-26	13:07:43	1724670463.518737	-43108.991289	-0.044311	-0.200625	4.170442	150.773103	-226.306234	126.804158	308.071131	67.424954	144.847119	88.528798	-131.147975	115.715937	120.092257	104.441984	-322.605687	51.507870	127.295008	56.620013	-242.535168	0.270987	417.207987	0.188978	-195.504000	0.000000	35.981784	3.272889	-384.624000	0.000000	-1.976000	0.000000	65.896000	0.000000	123.875000	0.000000	-195.267000	0.000000	66.843000	0.000000	-115.378000	0.000000	-98.042000	0.000000	-51.739000	0.000000	-341.974000	0.000000	-119.067000	0.000000	81.684000	0.000000

2024-08-26	13:07:44	1724670464.514174	-43107.995852	-0.044311	-0.200625	-69.504549	114.230608	-136.830926	123.377004	282.582008	180.219546	223.980219	187.377860	-58.144750	107.090624	51.216776	106.199194	-308.080313	36.639590	117.664700	41.879025	-242.321803	0.152120	416.939219	0.178016	-195.504000	0.000000	35.482304	3.843157	-384.624000	0.000000	-1.976000	0.000000	65.896000	0.000000	123.875000	0.000000	-195.267000	0.000000	66.843000	0.000000	-115.378000	0.000000	-98.042000	0.000000	-51.739000	0.000000	-341.974000	0.000000	-119.067000	0.000000	81.684000	0.000000

2024-08-26	13:07:45	1724670465.508601	-43107.001425	-0.044311	-0.200625	-41.542266	153.065315	-178.242348	120.106012	194.451170	266.453934	279.248108	256.817750	-125.019275	57.482342	103.246891	84.321382	-372.239048	67.977461	177.899710	61.032767	-242.300500	0.172491	417.070913	0.172121	-195.504000	0.000000	35.178457	3.876081	-384.624000	0.000000	-1.976000	0.000000	65.896000	0.000000	123.875000	0.000000	-195.267000	0.000000	66.843000	0.000000	-115.378000	0.000000	-98.042000	0.000000	-51.739000	0.000000	-341.974000	0.000000	-119.067000	0.000000	81.684000	0.000000

2024-08-26	13:07:46	1724670466.508016	-43106.002010	-0.044311	-0.200625	78.653579	84.711399	-295.819732	129.343362	330.897324	187.771764	154.565327	174.999732	-122.015844	85.997252	115.096622	90.552968	-333.594214	47.389216	140.811513	48.941242	-242.025445	0.176746	417.064462	0.178176	-195.504000	0.000000	36.073885	3.120586	-384.624000	0.000000	-1.976000	0.000000	65.896000	0.000000	123.875000	0.000000	-195.267000	0.000000	66.843000	0.000000	-115.378000	0.000000	-98.042000	0.000000	-51.739000	0.000000	-341.974000	0.000000	-119.067000	0.000000	81.684000	0.000000

2024-08-26	13:07:47	1724670467.514427	-43104.995599	-0.044311	-0.200625	-63.719427	140.937639	-156.680629	137.582331	254.112661	95.989716	212.401020	100.053010	-144.544908	141.439821	126.472641	117.425546	-338.302046	57.824959	144.030337	56.219557	-242.670531	0.318505	417.267395	0.191186	-195.504000	0.000000	34.173668	2.992223	-384.624000	0.000000	-1.976000	0.000000	65.896000	0.000000	123.875000	0.000000	-195.267000	0.000000	66.843000	0.000000	-115.378000	0.000000	-98.042000	0.000000	-51.739000	0.000000	-341.974000	0.000000	-119.067000	0.000000	81.684000	0.000000

2024-08-26	13:07:48	1724670468.509844	-43104.000182	-0.044311	-0.200625	62.101720	142.208638	-285.261769	107.113239	293.270330	148.054998	190.226180	129.740392	-35.235509	76.261681	26.956218	69.944707	-368.037181	30.882464	173.054928	29.762888	-242.289334	0.131178	417.581726	0.241897	-195.504000	0.000000	36.056785	3.958849	-384.624000	0.000000	-1.976000	0.000000	65.896000	0.000000	123.875000	0.000000	-195.267000	0.000000	66.843000	0.000000	-115.378000	0.000000	-98.042000	0.000000	-51.739000	0.000000	-341.974000	0.000000	-119.067000	0.000000	81.684000	0.000000

2024-08-26	13:07:49	1724670469.509259	-43103.000767	-0.044311	-0.194003	-90.002434	138.026675	-121.326609	158.980657	315.880633	101.538099	181.600327	100.590808	-90.440180	54.144716	88.004783	44.214647	-334.406294	29.079972	138.300688	28.564905	-242.128041	0.188726	417.437894	0.129567	-195.504000	0.000000	37.860182	3.023028	-384.624000	0.000000	-1.976000	0.000000	65.896000	0.000000	123.875000	0.000000	-195.267000	0.000000	66.843000	0.000000	-115.378000	0.000000	-98.042000	0.000000	-51.739000	0.000000	-341.974000	0.000000	-119.067000	0.000000	81.684000	0.000000

2024-08-26	13:07:50	1724670470.508592	-43102.001434	-0.044311	-0.194003	65.825800	223.575529	-284.097001	199.428514	301.889614	98.468448	184.064181	80.025922	-110.242819	84.721996	90.962684	76.728979	-323.823838	50.285136	130.177102	49.379547	-241.978326	0.210476	417.631918	0.178176	-195.504000	0.000000	31.688169	5.749953	-384.624000	0.000000	-1.976000	0.000000	65.896000	0.000000	123.875000	0.000000	-195.267000	0.000000	66.843000	0.000000	-115.378000	0.000000	-98.042000	0.000000	-51.739000	0.000000	-341.974000	0.000000	-119.067000	0.000000	81.684000	0.000000

2024-08-26	13:07:51	1724670471.507007	-43101.003019	-0.044311	-0.194003	-83.068650	147.757275	-132.376790	135.564445	259.189776	187.796532	224.136326	200.254433	-146.760576	83.683702	137.014128	91.455615	-333.153040	54.697630	142.410479	52.140988	-242.131669	0.224056	417.627251	0.160466	-195.504000	0.000000	36.518395	2.248821	-384.624000	0.000000	-1.976000	0.000000	65.896000	0.000000	123.875000	0.000000	-195.267000	0.000000	66.843000	0.000000	-115.378000	0.000000	-98.042000	0.000000	-51.739000	0.000000	-341.974000	0.000000	-119.067000	0.000000	81.684000	0.000000

2024-08-26	13:07:52	1724670472.524413	-43099.985613	-0.044311	-0.194003	7.923530	198.628415	-225.118085	193.864714	316.006456	147.680628	171.593656	147.737105	-77.517634	76.706000	69.140174	76.699251	-334.778645	35.464398	139.630467	25.966938	-242.377062	0.213308	417.485501	0.423161	-195.504000	0.000000	35.733378	3.832126	-384.624000	0.000000	-1.976000	0.000000	65.896000	0.000000	123.875000	0.000000	-195.267000	0.000000	66.843000	0.000000	-115.378000	0.000000	-98.042000	0.000000	-51.739000	0.000000	-341.974000	0.000000	-119.067000	0.000000	81.684000	0.000000

2024-08-26	13:07:53	1724670473.507836	-43099.002190	-0.044311	-0.194003	-155.329935	167.985752	-63.591363	154.257586	240.509086	90.749647	238.346481	113.023031	-109.321563	24.492901	96.551318	20.930259	-357.357960	49.711731	168.584089	53.440628	-242.186508	0.168427	416.832400	0.194034	-195.504000	0.000000	42.268959	6.179525	-384.624000	0.000000	-1.976000	0.000000	65.896000	0.000000	123.875000	0.000000	-195.267000	0.000000	66.843000	0.000000	-115.378000	0.000000	-98.042000	0.000000	-51.739000	0.000000	-341.974000	0.000000	-119.067000	0.000000	81.684000	0.000000

2024-08-26	13:07:54	1724670474.508251	-43098.001775	-0.044311	-0.227103	-12.384122	174.644265	-208.512752	194.116313	294.341974	163.847708	192.072634	167.968555	-127.438834	42.013961	115.226881	32.601600	-300.909161	37.400834	106.908507	36.695812	-242.207351	0.204197	416.883941	0.225159	-195.504000	0.000000	41.675504	3.637855	-384.624000	0.000000	-1.976000	0.000000	65.896000	0.000000	123.875000	0.000000	-195.267000	0.000000	66.843000	0.000000	-115.378000	0.000000	-98.042000	0.000000	-51.739000	0.000000	-341.974000	0.000000	-119.067000	0.000000	81.684000	0.000000

2024-08-26	13:07:55	1724670475.510696	-43096.999330	-0.044311	-0.227103	-12.053856	101.138232	-210.268665	105.030463	282.567005	205.782991	199.935067	180.760237	-109.199034	111.622894	96.819178	75.425913	-312.131167	66.364052	115.102336	64.918083	-242.296344	0.176212	416.770202	0.275920	-195.504000	0.000000	35.164225	3.484652	-384.624000	0.000000	-1.976000	0.000000	65.896000	0.000000	123.875000	0.000000	-195.267000	0.000000	66.843000	0.000000	-115.378000	0.000000	-98.042000	0.000000	-51.739000	0.000000	-341.974000	0.000000	-119.067000	0.000000	81.684000	0.000000

2024-08-26	13:07:56	1724670476.507130	-43096.002896	-0.044311	-0.227103	23.319544	122.296617	-230.055104	135.694354	326.228958	166.058397	160.799880	192.763372	-74.255351	31.288892	69.467800	49.148629	-370.237118	87.331671	180.305401	90.315145	-242.140915	0.181616	416.840173	0.192716	-195.504000	0.000000	35.069596	4.785824	-384.624000	0.000000	-1.976000	0.000000	65.896000	0.000000	123.875000	0.000000	-195.267000	0.000000	66.843000	0.000000	-115.378000	0.000000	-98.042000	0.000000	-51.739000	0.000000	-341.974000	0.000000	-119.067000	0.000000	81.684000	0.000000

2024-08-26	13:07:57	1724670477.517537	-43094.992489	-0.044311	-0.227103	-15.919978	186.768622	-222.097356	124.169615	211.236411	76.326478	243.613098	84.500359	-163.079706	66.355224	127.587949	42.232255	-345.978508	108.492360	147.948780	97.081377	-242.233775	0.296054	416.849355	0.116576	-195.504000	0.000000	36.525590	4.426176	-384.624000	0.000000	-1.976000	0.000000	65.896000	0.000000	123.875000	0.000000	-195.267000	0.000000	66.843000	0.000000	-115.378000	0.000000	-98.042000	0.000000	-51.739000	0.000000	-341.974000	0.000000	-119.067000	0.000000	81.684000	0.000000

2024-08-26	13:07:58	1724670478.510940	-43093.999086	-0.044311	-0.227103	22.645146	110.362799	-226.286727	91.475744	324.122464	160.625403	193.261970	99.395826	-107.985936	41.509162	115.420373	89.973131	-327.058363	33.565595	136.926820	29.661423	-241.980230	0.196012	416.942892	0.157782	-195.504000	0.000000	34.530398	2.695700	-384.624000	0.000000	-1.976000	0.000000	65.896000	0.000000	123.875000	0.000000	-195.267000	0.000000	66.843000	0.000000	-115.378000	0.000000	-98.042000	0.000000	-51.739000	0.000000	-341.974000	0.000000	-119.067000	0.000000	81.684000	0.000000

2024-08-26	13:07:59	1724670479.516352	-43092.993674	-0.044311	-0.227103	-79.957316	261.573826	-151.070138	248.041408	309.300486	132.362153	164.250200	139.514956	-142.067453	91.094561	129.024234	66.466399	-323.204630	34.868422	126.821069	29.641959	-242.262447	0.251569	416.873350	0.178732	-195.504000	0.000000	36.927179	2.871921	-384.624000	0.000000	-1.976000	0.000000	65.896000	0.000000	123.875000	0.000000	-195.267000	0.000000	66.843000	0.000000	-115.378000	0.000000	-98.042000	0.000000	-51.739000	0.000000	-341.974000	0.000000	-119.067000	0.000000	81.684000	0.000000

2024-08-26	13:08:00	1724670480.517783	-43091.992243	-0.044311	-0.187380	25.789372	151.806005	-235.188394	147.314750	329.084481	132.933273	144.738378	154.938372	-93.953735	78.860242	81.465657	73.773874	-302.462749	69.930811	108.508875	61.435803	-242.398498	0.166930	416.949507	0.160084	-195.504000	0.000000	29.713535	5.371493	-384.624000	0.000000	-1.976000	0.000000	65.896000	0.000000	123.875000	0.000000	-195.267000	0.000000	66.843000	0.000000	-115.378000	0.000000	-98.042000	0.000000	-51.739000	0.000000	-341.974000	0.000000	-119.067000	0.000000	81.684000	0.000000

2024-08-26	13:08:01	1724670481.508204	-43091.001822	-0.044311	-0.187380	-132.308631	64.720377	-86.814383	56.772748	235.302303	100.046167	261.574779	115.107539	-86.490844	113.641807	74.708849	83.691637	-383.312496	47.642975	191.702123	50.817789	-242.141696	0.199964	416.712500	0.237654	-195.504000	0.000000	37.847979	4.220821	-384.624000	0.000000	-1.976000	0.000000	65.896000	0.000000	123.875000	0.000000	-195.267000	0.000000	66.843000	0.000000	-115.378000	0.000000	-98.042000	0.000000	-51.739000	0.000000	-341.974000	0.000000	-119.067000	0.000000	81.684000	0.000000

2024-08-26	13:08:02	1724670482.508620	-43090.001406	-0.044311	-0.187380	-46.492080	89.426634	-175.080773	79.625651	318.978884	143.978351	166.270714	154.901835	-103.411440	104.088275	93.982692	71.124799	-324.871302	29.209633	133.915136	32.693934	-241.975460	0.129074	416.671312	0.172126	-195.504000	0.000000	34.344953	5.279861	-384.624000	0.000000	-1.976000	0.000000	65.896000	0.000000	123.875000	0.000000	-195.267000	0.000000	66.843000	0.000000	-115.378000	0.000000	-98.042000	0.000000	-51.739000	0.000000	-341.974000	0.000000	-119.067000	0.000000	81.684000	0.000000

2024-08-26	13:08:03	1724670483.511405	-43088.998621	-0.044311	-0.187380	-38.344358	177.125617	-167.380116	172.748659	290.431959	110.829026	200.802583	143.575589	-129.305314	40.127331	124.876646	33.174830	-340.225038	59.373023	145.459436	57.424190	-242.435709	0.230674	416.712515	0.184677	-195.504000	0.000000	36.506089	3.240504	-384.624000	0.000000	-1.976000	0.000000	65.896000	0.000000	123.875000	0.000000	-195.267000	0.000000	66.843000	0.000000	-115.378000	0.000000	-98.042000	0.000000	-51.739000	0.000000	-341.974000	0.000000	-119.067000	0.000000	81.684000	0.000000

2024-08-26	13:08:04	1724670484.513818	-43087.996208	-0.044311	-0.187380	-137.865249	100.230820	-85.310854	85.728239	185.401429	127.528052	296.014486	161.346590	-80.552384	167.335951	68.071012	139.434783	-320.657780	57.534478	128.131725	53.392124	-242.434433	0.206720	416.555852	0.152916	-195.504000	0.000000	40.237985	2.465019	-384.624000	0.000000	-1.976000	0.000000	65.896000	0.000000	123.875000	0.000000	-195.267000	0.000000	66.843000	0.000000	-115.378000	0.000000	-98.042000	0.000000	-51.739000	0.000000	-341.974000	0.000000	-119.067000	0.000000	81.684000	0.000000

2024-08-26	13:08:05	1724670485.512555	-43086.997471	-0.044311	-0.187380	62.871969	63.999306	-283.686590	77.606776	349.851055	174.887909	133.019074	166.907076	-139.586556	183.493462	125.812500	164.702271	-347.297804	86.909331	153.055317	80.276409	-242.209298	0.144576	416.715321	0.364931	-195.504000	0.000000	40.977141	5.060343	-384.624000	0.000000	-1.976000	0.000000	65.896000	0.000000	123.875000	0.000000	-195.267000	0.000000	66.843000	0.000000	-115.378000	0.000000	-98.042000	0.000000	-51.739000	0.000000	-341.974000	0.000000	-119.067000	0.000000	81.684000	0.000000

2024-08-26	13:08:06	1724670486.509494	-43086.000532	-0.044311	-0.200625	-66.787313	244.311029	-157.071659	234.972269	298.723901	68.114624	176.422133	76.956683	-123.309120	85.008696	100.868470	93.121450	-331.014500	85.669317	130.973445	84.278582	-241.932028	0.139921	417.103352	0.207865	-195.504000	0.000000	31.732094	2.750063	-384.624000	0.000000	-1.976000	0.000000	65.896000	0.000000	123.875000	0.000000	-195.267000	0.000000	66.843000	0.000000	-115.378000	0.000000	-98.042000	0.000000	-51.739000	0.000000	-341.974000	0.000000	-119.067000	0.000000	81.684000	0.000000

2024-08-26	13:08:07	1724670487.514905	-43084.995121	-0.044311	-0.200625	93.821147	308.699147	-312.946484	288.249105	272.496434	268.739518	223.022551	229.727505	-116.399881	154.437308	112.241636	141.538623	-363.283309	49.436612	169.692760	56.868133	-242.161331	0.165799	417.081778	0.178082	-195.504000	0.000000	35.684416	4.773886	-384.624000	0.000000	-1.976000	0.000000	65.896000	0.000000	123.875000	0.000000	-195.267000	0.000000	66.843000	0.000000	-115.378000	0.000000	-98.042000	0.000000	-51.739000	0.000000	-341.974000	0.000000	-119.067000	0.000000	81.684000	0.000000

2024-08-26	13:08:08	1724670488.521317	-43083.988709	-0.044311	-0.200625	-55.140134	135.265516	-162.515132	124.060496	229.266545	193.707929	258.077531	160.396817	-59.042806	101.688287	42.918052	86.403310	-387.576171	31.492359	187.273152	23.901988	-242.179211	0.212647	416.964773	0.128042	-195.504000	0.000000	32.918053	2.687292	-384.624000	0.000000	-1.976000	0.000000	65.896000	0.000000	123.875000	0.000000	-195.267000	0.000000	66.843000	0.000000	-115.378000	0.000000	-98.042000	0.000000	-51.739000	0.000000	-341.974000	0.000000	-119.067000	0.000000	81.684000	0.000000

2024-08-26	13:08:09	1724670489.513566	-43082.996460	-0.044311	-0.200625	-119.263767	253.498176	-111.763521	241.839265	309.913034	105.075714	175.074714	109.886152	-199.522205	89.922333	185.631458	84.804718	-310.948796	19.076679	114.042098	20.492893	-242.080564	0.187335	416.855453	0.151963	-195.504000	0.000000	35.622118	3.931235	-384.624000	0.000000	-1.976000	0.000000	65.896000	0.000000	123.875000	0.000000	-195.267000	0.000000	66.843000	0.000000	-115.378000	0.000000	-98.042000	0.000000	-51.739000	0.000000	-341.974000	0.000000	-119.067000	0.000000	81.684000	0.000000

2024-08-26	13:08:10	1724670490.510981	-43081.999045	-0.044311	-0.200625	39.999408	110.267044	-255.480162	100.682945	258.631809	148.648673	219.637450	132.023772	-76.496878	102.660291	61.374055	85.962230	-353.475337	40.880150	158.213770	40.353863	-242.179603	0.205832	416.664312	0.126262	-195.504000	0.000000	35.584910	3.914868	-384.624000	0.000000	-1.976000	0.000000	65.896000	0.000000	123.875000	0.000000	-195.267000	0.000000	66.843000	0.000000	-115.378000	0.000000	-98.042000	0.000000	-51.739000	0.000000	-341.974000	0.000000	-119.067000	0.000000	81.684000	0.000000

2024-08-26	13:08:11	1724670491.514752	-43080.995274	-0.044311	-0.200625	-152.686314	99.162721	-78.072947	78.277815	260.563883	166.544899	210.054688	145.482728	-109.928463	100.762821	99.517107	121.434649	-362.023431	55.120292	164.982234	59.874471	-242.135013	0.283831	416.878364	0.159285	-195.504000	0.000000	33.459599	5.967189	-384.624000	0.000000	-1.976000	0.000000	65.896000	0.000000	123.875000	0.000000	-195.267000	0.000000	66.843000	0.000000	-115.378000	0.000000	-98.042000	0.000000	-51.739000	0.000000	-341.974000	0.000000	-119.067000	0.000000	81.684000	0.000000

2024-08-26	13:08:12	1724670492.511168	-43079.998858	-0.044311	-0.200625	-56.898259	148.880104	-155.715034	143.998208	304.184400	103.784853	185.505455	118.261243	-147.457672	102.410455	125.822551	76.760086	-327.507723	53.708107	130.854101	53.578354	-242.408719	0.212794	416.743944	0.320147	-195.504000	0.000000	38.412461	2.980494	-384.624000	0.000000	-1.976000	0.000000	65.896000	0.000000	123.875000	0.000000	-195.267000	0.000000	66.843000	0.000000	-115.378000	0.000000	-98.042000	0.000000	-51.739000	0.000000	-341.974000	0.000000	-119.067000	0.000000	81.684000	0.000000

