Date/C:Time:TimeStamp/D:time:VMeas:IMeas:I_00:DI_00:I_01:DI_01:I_02:DI_02:I_03:DI_03:I_04:DI_04:I_05:DI_05:I_06:DI_06:I_07:DI_07:I_08:DI_08:I_09:DI_09:I_10:DI_10:I_11:DI_11:I_12:DI_12:I_13:DI_13:I_14:DI_14:I_15:DI_15:I_16:DI_16:I_17:DI_17:I_18:DI_18:I_19:DI_19:I_20:DI_20:I_21:DI_21:I_22:DI_22:I_23:DI_23
2024-08-26	13:10:49	1724670649.514762	-43200.000000	-0.044311	-0.187380	-132.570289	236.934667	-75.315859	223.826979	192.922527	155.380064	302.204479	124.701505	-175.395283	107.096299	170.086967	101.859005	-347.984704	41.828704	157.360277	38.289453	-242.649184	0.255872	417.300841	0.186396	-195.504000	0.000000	32.536803	4.255209	-384.624000	0.000000	-1.976000	0.000000	65.896000	0.000000	123.875000	0.000000	-195.267000	0.000000	66.843000	0.000000	-115.378000	0.000000	-98.042000	0.000000	-51.739000	0.000000	-341.974000	0.000000	-119.067000	0.000000	81.684000	0.000000

2024-08-26	13:10:50	1724670650.516176	-43198.998586	-0.044311	-0.187380	60.399976	143.815233	-266.415363	106.959087	351.122969	87.554759	131.818026	110.012186	-93.564044	121.303090	94.960784	112.506496	-320.523057	63.952922	133.013681	58.917005	-242.787649	0.270696	417.416538	0.128811	-195.504000	0.000000	32.264649	3.124764	-384.624000	0.000000	-1.976000	0.000000	65.896000	0.000000	123.875000	0.000000	-195.267000	0.000000	66.843000	0.000000	-115.378000	0.000000	-98.042000	0.000000	-51.739000	0.000000	-341.974000	0.000000	-119.067000	0.000000	81.684000	0.000000

2024-08-26	13:10:51	1724670651.517590	-43197.997172	-0.044311	-0.187380	-131.794086	180.798437	-100.256011	163.222133	281.756601	93.462936	178.725697	66.482787	-87.585071	80.328805	54.616384	85.352384	-300.621847	42.454807	106.184198	43.650061	-242.779862	0.189957	417.496708	0.222966	-195.504000	0.000000	25.113147	3.665122	-384.624000	0.000000	-1.976000	0.000000	65.896000	0.000000	123.875000	0.000000	-195.267000	0.000000	66.843000	0.000000	-115.378000	0.000000	-98.042000	0.000000	-51.739000	0.000000	-341.974000	0.000000	-119.067000	0.000000	81.684000	0.000000

2024-08-26	13:10:52	1724670652.516005	-43196.998757	-0.044311	-0.187380	-11.327432	118.679219	-198.080836	119.412548	281.216989	48.397741	201.499947	77.940582	-71.531953	50.938979	57.642643	47.304313	-359.233854	95.933065	164.989060	81.938869	-242.652791	0.231796	417.466756	0.210493	-195.504000	0.000000	29.096562	4.819754	-384.624000	0.000000	-1.976000	0.000000	65.896000	0.000000	123.875000	0.000000	-195.267000	0.000000	66.843000	0.000000	-115.378000	0.000000	-98.042000	0.000000	-51.739000	0.000000	-341.974000	0.000000	-119.067000	0.000000	81.684000	0.000000

2024-08-26	13:10:53	1724670653.523442	-43195.991320	-0.044311	-0.187380	10.886877	168.150227	-219.280003	191.181461	194.445366	118.555439	299.712035	134.978115	-72.840978	62.299039	70.708647	41.518682	-345.349193	44.644478	160.606503	46.101334	-242.809784	0.254370	417.385463	0.314307	-195.504000	0.000000	32.773569	4.687559	-384.624000	0.000000	-1.976000	0.000000	65.896000	0.000000	123.875000	0.000000	-195.267000	0.000000	66.843000	0.000000	-115.378000	0.000000	-98.042000	0.000000	-51.739000	0.000000	-341.974000	0.000000	-119.067000	0.000000	81.684000	0.000000

2024-08-26	13:10:54	1724670654.516861	-43194.997901	-0.044311	-0.187380	17.787688	167.544358	-245.129382	194.038102	311.476274	161.177132	156.866529	170.803196	-95.501909	94.905669	72.133983	59.131931	-313.055405	61.906345	118.090587	54.870187	-242.627322	0.219319	417.154421	0.145191	-195.504000	0.000000	35.580299	3.927579	-384.624000	0.000000	-1.976000	0.000000	65.896000	0.000000	123.875000	0.000000	-195.267000	0.000000	66.843000	0.000000	-115.378000	0.000000	-98.042000	0.000000	-51.739000	0.000000	-341.974000	0.000000	-119.067000	0.000000	81.684000	0.000000

2024-08-26	13:10:55	1724670655.526285	-43193.988477	-0.044311	-0.187380	-64.427204	97.531674	-146.244366	85.243554	262.351113	120.655713	233.100255	124.372671	-130.057820	151.197461	119.523566	154.476372	-336.774433	58.711735	147.459810	62.307062	-242.472887	0.190304	417.238681	0.178417	-195.504000	0.000000	34.858382	3.276203	-384.624000	0.000000	-1.976000	0.000000	65.896000	0.000000	123.875000	0.000000	-195.267000	0.000000	66.843000	0.000000	-115.378000	0.000000	-98.042000	0.000000	-51.739000	0.000000	-341.974000	0.000000	-119.067000	0.000000	81.684000	0.000000

2024-08-26	13:10:56	1724670656.514691	-43193.000071	-0.044311	-0.187380	-93.097559	210.283889	-116.876341	212.948841	326.049858	166.980398	152.559536	172.738512	-108.063266	113.797125	96.885293	103.442743	-324.377849	14.912710	135.709391	13.356538	-242.716188	0.219516	416.971652	0.224606	-195.504000	0.000000	29.453705	3.143977	-384.624000	0.000000	-1.976000	0.000000	65.896000	0.000000	123.875000	0.000000	-195.267000	0.000000	66.843000	0.000000	-115.378000	0.000000	-98.042000	0.000000	-51.739000	0.000000	-341.974000	0.000000	-119.067000	0.000000	81.684000	0.000000

2024-08-26	13:10:57	1724670657.517105	-43191.997657	-0.044311	-0.187380	-12.317100	192.565418	-196.082055	177.163810	276.261113	144.835876	216.263901	137.840593	-152.187706	118.069501	139.541226	99.411326	-328.457681	48.743752	139.893573	51.888557	-242.381993	0.176321	417.356190	0.145216	-195.504000	0.000000	31.744861	4.515820	-384.624000	0.000000	-1.976000	0.000000	65.896000	0.000000	123.875000	0.000000	-195.267000	0.000000	66.843000	0.000000	-115.378000	0.000000	-98.042000	0.000000	-51.739000	0.000000	-341.974000	0.000000	-119.067000	0.000000	81.684000	0.000000

2024-08-26	13:10:58	1724670658.533431	-43190.981331	-0.044311	-0.194003	0.097700	274.534943	-213.164740	264.755994	274.854554	114.232066	207.929971	129.214427	-83.182520	104.587126	74.431765	107.441529	-318.968012	54.585357	131.413124	48.083125	-242.545133	0.190343	416.675765	0.238191	-195.504000	0.000000	36.603587	4.297725	-384.624000	0.000000	-1.976000	0.000000	65.896000	0.000000	123.875000	0.000000	-195.267000	0.000000	66.843000	0.000000	-115.378000	0.000000	-98.042000	0.000000	-51.739000	0.000000	-341.974000	0.000000	-119.067000	0.000000	81.684000	0.000000

2024-08-26	13:10:59	1724670659.523865	-43189.990897	-0.044311	-0.194003	-49.269800	162.130220	-159.715651	164.466109	235.298678	99.173787	275.537908	84.619441	-106.826230	136.177213	100.165487	99.742067	-305.084509	39.465911	115.604486	31.409283	-242.616427	0.139805	416.629474	0.282663	-195.504000	0.000000	30.630678	4.525588	-384.624000	0.000000	-1.976000	0.000000	65.896000	0.000000	123.875000	0.000000	-195.267000	0.000000	66.843000	0.000000	-115.378000	0.000000	-98.042000	0.000000	-51.739000	0.000000	-341.974000	0.000000	-119.067000	0.000000	81.684000	0.000000

2024-08-26	13:11:00	1724670660.525264	-43188.989498	-0.044311	-0.194003	-19.195261	259.181085	-206.288703	231.146701	323.798232	103.966021	147.543921	155.332712	-90.688110	84.435845	65.404465	66.777521	-342.630914	37.291985	150.360664	39.088370	-242.432060	0.260820	417.004395	0.155621	-195.504000	0.000000	28.733557	4.066370	-384.624000	0.000000	-1.976000	0.000000	65.896000	0.000000	123.875000	0.000000	-195.267000	0.000000	66.843000	0.000000	-115.378000	0.000000	-98.042000	0.000000	-51.739000	0.000000	-341.974000	0.000000	-119.067000	0.000000	81.684000	0.000000

2024-08-26	13:11:01	1724670661.525679	-43187.989083	-0.044311	-0.194003	71.116470	174.902630	-275.180035	179.076073	291.395352	73.243256	186.383490	51.764788	-166.412722	105.140947	153.047452	117.590938	-321.152148	34.563273	133.123856	37.071060	-242.441161	0.186846	417.303104	0.158571	-195.504000	0.000000	29.618344	4.310574	-384.624000	0.000000	-1.976000	0.000000	65.896000	0.000000	123.875000	0.000000	-195.267000	0.000000	66.843000	0.000000	-115.378000	0.000000	-98.042000	0.000000	-51.739000	0.000000	-341.974000	0.000000	-119.067000	0.000000	81.684000	0.000000

2024-08-26	13:11:02	1724670662.525094	-43186.989668	-0.044311	-0.194003	-105.109148	347.501060	-100.517724	339.438210	280.965916	37.339783	207.296266	48.279011	-131.361073	69.648754	131.270085	77.576651	-321.351078	65.525645	131.579205	62.617802	-242.315304	0.285220	417.516656	0.319069	-195.504000	0.000000	34.387732	3.993026	-384.624000	0.000000	-1.976000	0.000000	65.896000	0.000000	123.875000	0.000000	-195.267000	0.000000	66.843000	0.000000	-115.378000	0.000000	-98.042000	0.000000	-51.739000	0.000000	-341.974000	0.000000	-119.067000	0.000000	81.684000	0.000000

2024-08-26	13:11:03	1724670663.529677	-43185.985085	-0.044311	-0.194003	-41.096481	169.737427	-178.641555	176.379280	401.491487	143.953420	85.602787	139.759765	-56.757289	86.462116	41.483557	100.152613	-335.475862	47.034345	148.964716	47.818339	-242.221204	0.184416	417.358692	0.241829	-195.504000	0.000000	39.015772	3.835365	-384.624000	0.000000	-1.976000	0.000000	65.896000	0.000000	123.875000	0.000000	-195.267000	0.000000	66.843000	0.000000	-115.378000	0.000000	-98.042000	0.000000	-51.739000	0.000000	-341.974000	0.000000	-119.067000	0.000000	81.684000	0.000000

2024-08-26	13:11:04	1724670664.525095	-43184.989667	-0.044311	-0.200625	35.099576	162.568478	-248.640379	162.191047	231.700234	97.455506	253.095737	80.357743	-65.585805	94.513243	45.111116	84.867631	-280.426184	41.417176	87.491863	37.038689	-242.224076	0.189867	417.587195	0.162257	-195.504000	0.000000	37.796948	2.862530	-384.624000	0.000000	-1.976000	0.000000	65.896000	0.000000	123.875000	0.000000	-195.267000	0.000000	66.843000	0.000000	-115.378000	0.000000	-98.042000	0.000000	-51.739000	0.000000	-341.974000	0.000000	-119.067000	0.000000	81.684000	0.000000

2024-08-26	13:11:05	1724670665.514515	-43184.000247	-0.044311	-0.200625	-14.141809	130.200711	-202.834429	140.031882	263.037201	72.842387	195.538446	72.653446	-134.046504	87.813041	110.397658	82.725407	-319.847995	58.205888	130.421140	59.591745	-242.277468	0.146500	417.465908	0.162602	-195.504000	0.000000	39.252513	2.523060	-384.624000	0.000000	-1.976000	0.000000	65.896000	0.000000	123.875000	0.000000	-195.267000	0.000000	66.843000	0.000000	-115.378000	0.000000	-98.042000	0.000000	-51.739000	0.000000	-341.974000	0.000000	-119.067000	0.000000	81.684000	0.000000

2024-08-26	13:11:06	1724670666.524940	-43182.989822	-0.044311	-0.200625	2.230453	146.249021	-218.606512	112.012459	265.836042	137.438724	209.139366	115.335633	-125.476646	88.553846	112.288131	73.924139	-345.597802	60.280810	153.812885	51.483129	-242.262257	0.159010	417.586658	0.230177	-195.504000	0.000000	33.805807	5.910721	-384.624000	0.000000	-1.976000	0.000000	65.896000	0.000000	123.875000	0.000000	-195.267000	0.000000	66.843000	0.000000	-115.378000	0.000000	-98.042000	0.000000	-51.739000	0.000000	-341.974000	0.000000	-119.067000	0.000000	81.684000	0.000000

2024-08-26	13:11:07	1724670667.526338	-43181.988424	-0.044311	-0.200625	-99.214651	64.489720	-109.520375	76.671450	303.320170	54.273718	190.728768	73.153653	-84.797772	75.010822	81.835719	53.857942	-311.289494	57.879537	120.491740	54.815603	-242.207362	0.230785	417.750171	0.148358	-195.504000	0.000000	33.316381	2.563154	-384.624000	0.000000	-1.976000	0.000000	65.896000	0.000000	123.875000	0.000000	-195.267000	0.000000	66.843000	0.000000	-115.378000	0.000000	-98.042000	0.000000	-51.739000	0.000000	-341.974000	0.000000	-119.067000	0.000000	81.684000	0.000000

2024-08-26	13:11:08	1724670668.519173	-43180.995589	-0.044311	-0.200625	-4.401642	83.940214	-208.400348	76.215514	296.027007	88.112605	188.015705	110.339191	-137.913120	40.921504	126.391369	36.061884	-357.416342	29.730654	168.151704	33.459573	-242.049638	0.184870	417.335952	0.213568	-195.504000	0.000000	34.709225	3.483098	-384.624000	0.000000	-1.976000	0.000000	65.896000	0.000000	123.875000	0.000000	-195.267000	0.000000	66.843000	0.000000	-115.378000	0.000000	-98.042000	0.000000	-51.739000	0.000000	-341.974000	0.000000	-119.067000	0.000000	81.684000	0.000000

2024-08-26	13:11:09	1724670669.517591	-43179.997171	-0.044311	-0.200625	-0.248942	121.187216	-219.571419	124.881967	332.494466	166.441370	158.240343	154.148246	-85.599009	47.092718	66.264316	43.620032	-335.373393	52.539837	143.134174	50.176401	-242.215450	0.167673	417.134014	0.105330	-195.504000	0.000000	32.436047	4.729808	-384.624000	0.000000	-1.976000	0.000000	65.896000	0.000000	123.875000	0.000000	-195.267000	0.000000	66.843000	0.000000	-115.378000	0.000000	-98.042000	0.000000	-51.739000	0.000000	-341.974000	0.000000	-119.067000	0.000000	81.684000	0.000000

2024-08-26	13:11:10	1724670670.519986	-43178.994776	-0.044311	-0.207240	-74.931488	249.537006	-129.687949	237.157942	276.767614	174.739629	212.352631	154.370010	-119.020449	69.691028	110.475815	101.927603	-329.393650	55.527918	141.518479	48.883809	-242.313656	0.209116	417.217288	0.145671	-195.504000	0.000000	33.623671	5.985980	-384.624000	0.000000	-1.976000	0.000000	65.896000	0.000000	123.875000	0.000000	-195.267000	0.000000	66.843000	0.000000	-115.378000	0.000000	-98.042000	0.000000	-51.739000	0.000000	-341.974000	0.000000	-119.067000	0.000000	81.684000	0.000000

2024-08-26	13:11:11	1724670671.517417	-43177.997344	-0.044311	-0.207240	82.826906	264.542896	-306.631166	252.508672	227.933371	101.136522	243.032002	100.307783	-122.356705	132.527241	105.239594	121.037720	-312.824941	107.486181	120.044443	106.866130	-241.942953	0.162875	417.239642	0.272246	-195.504000	0.000000	31.333150	3.206894	-384.624000	0.000000	-1.976000	0.000000	65.896000	0.000000	123.875000	0.000000	-195.267000	0.000000	66.843000	0.000000	-115.378000	0.000000	-98.042000	0.000000	-51.739000	0.000000	-341.974000	0.000000	-119.067000	0.000000	81.684000	0.000000

2024-08-26	13:11:12	1724670672.528810	-43176.985952	-0.044311	-0.207240	-148.963522	195.337661	-61.535547	174.595432	288.578488	144.331865	192.929799	130.923604	-108.607121	58.418727	92.542780	47.134018	-305.640802	19.455418	116.393900	18.134788	-241.942739	0.255116	417.584484	0.207589	-195.504000	0.000000	30.528145	3.309240	-384.624000	0.000000	-1.976000	0.000000	65.896000	0.000000	123.875000	0.000000	-195.267000	0.000000	66.843000	0.000000	-115.378000	0.000000	-98.042000	0.000000	-51.739000	0.000000	-341.974000	0.000000	-119.067000	0.000000	81.684000	0.000000

2024-08-26	13:11:13	1724670673.527226	-43175.987536	-0.044311	-0.207240	9.182199	346.555568	-224.041291	338.889997	335.391851	197.543238	153.434144	190.179933	-104.685321	51.362273	87.681838	58.247740	-351.250764	32.810013	160.146465	37.864262	-241.931438	0.119246	417.447872	0.181644	-195.504000	0.000000	34.105189	3.754566	-384.624000	0.000000	-1.976000	0.000000	65.896000	0.000000	123.875000	0.000000	-195.267000	0.000000	66.843000	0.000000	-115.378000	0.000000	-98.042000	0.000000	-51.739000	0.000000	-341.974000	0.000000	-119.067000	0.000000	81.684000	0.000000

2024-08-26	13:11:14	1724670674.529496	-43174.985266	-0.044311	-0.207240	13.301921	129.322579	-231.407334	107.941450	244.191190	130.007513	235.052957	139.102863	-116.026281	73.055505	113.421096	69.105318	-340.294148	36.960603	150.891485	26.586175	-242.036488	0.093410	417.403807	0.180803	-195.504000	0.000000	30.785199	4.822075	-384.624000	0.000000	-1.976000	0.000000	65.896000	0.000000	123.875000	0.000000	-195.267000	0.000000	66.843000	0.000000	-115.378000	0.000000	-98.042000	0.000000	-51.739000	0.000000	-341.974000	0.000000	-119.067000	0.000000	81.684000	0.000000

2024-08-26	13:11:15	1724670675.521914	-43173.992847	-0.044311	-0.207240	-146.675727	180.308545	-57.426290	205.419076	278.364602	125.295833	221.587344	130.485597	-143.053556	70.743769	128.655707	47.146571	-271.736909	57.770827	81.745752	53.325952	-241.947455	0.230429	417.583033	0.135138	-195.504000	0.000000	32.900758	4.285465	-384.624000	0.000000	-1.976000	0.000000	65.896000	0.000000	123.875000	0.000000	-195.267000	0.000000	66.843000	0.000000	-115.378000	0.000000	-98.042000	0.000000	-51.739000	0.000000	-341.974000	0.000000	-119.067000	0.000000	81.684000	0.000000

2024-08-26	13:11:16	1724670676.521345	-43172.993417	-0.044311	-0.207240	166.587043	58.120262	-391.774180	65.183693	324.012807	121.440731	145.976288	93.352247	-85.885284	79.968261	74.276940	75.284523	-355.780979	57.311676	163.703031	54.586554	-242.447648	0.183537	417.320805	0.137040	-195.504000	0.000000	38.513601	3.360899	-384.624000	0.000000	-1.976000	0.000000	65.896000	0.000000	123.875000	0.000000	-195.267000	0.000000	66.843000	0.000000	-115.378000	0.000000	-98.042000	0.000000	-51.739000	0.000000	-341.974000	0.000000	-119.067000	0.000000	81.684000	0.000000

2024-08-26	13:11:17	1724670677.527741	-43171.987021	-0.044311	-0.207240	-62.583683	132.539669	-151.988433	124.945814	363.029161	20.864495	118.809232	35.849381	-96.930232	55.708367	72.883330	42.650373	-348.521440	45.099153	156.843127	51.770164	-242.188816	0.268327	417.499396	0.182782	-195.504000	0.000000	28.533005	2.833777	-384.624000	0.000000	-1.976000	0.000000	65.896000	0.000000	123.875000	0.000000	-195.267000	0.000000	66.843000	0.000000	-115.378000	0.000000	-98.042000	0.000000	-51.739000	0.000000	-341.974000	0.000000	-119.067000	0.000000	81.684000	0.000000

2024-08-26	13:11:18	1724670678.519160	-43170.995602	-0.044311	-0.207240	58.230380	150.760199	-271.521691	148.117963	236.547935	135.116795	248.280560	149.129005	-110.695585	128.065802	100.444987	88.308279	-319.999007	67.500673	129.577211	64.231821	-241.992969	0.224971	417.351754	0.236558	-195.504000	0.000000	33.312576	5.650192	-384.624000	0.000000	-1.976000	0.000000	65.896000	0.000000	123.875000	0.000000	-195.267000	0.000000	66.843000	0.000000	-115.378000	0.000000	-98.042000	0.000000	-51.739000	0.000000	-341.974000	0.000000	-119.067000	0.000000	81.684000	0.000000

2024-08-26	13:11:19	1724670679.528358	-43169.986404	-0.044311	-0.207240	-23.829957	144.814483	-189.854867	139.522384	325.402351	196.569598	133.923428	198.722998	-125.486456	112.807156	105.370165	118.148328	-327.143049	23.904091	138.421447	29.320264	-241.867941	0.097150	417.201751	0.119259	-195.504000	0.000000	35.069785	3.059850	-384.624000	0.000000	-1.976000	0.000000	65.896000	0.000000	123.875000	0.000000	-195.267000	0.000000	66.843000	0.000000	-115.378000	0.000000	-98.042000	0.000000	-51.739000	0.000000	-341.974000	0.000000	-119.067000	0.000000	81.684000	0.000000

2024-08-26	13:11:20	1724670680.519777	-43168.994985	-0.044311	-0.207240	-144.492937	249.837785	-62.482564	267.388246	324.196961	97.516116	181.883735	117.471586	-55.947743	106.235004	60.445178	88.639461	-296.021278	19.232873	112.150318	22.331809	-242.327438	0.178839	417.267373	0.144673	-195.504000	0.000000	30.985021	5.098879	-384.624000	0.000000	-1.976000	0.000000	65.896000	0.000000	123.875000	0.000000	-195.267000	0.000000	66.843000	0.000000	-115.378000	0.000000	-98.042000	0.000000	-51.739000	0.000000	-341.974000	0.000000	-119.067000	0.000000	81.684000	0.000000

2024-08-26	13:11:21	1724670681.523190	-43167.991572	-0.044311	-0.207240	99.052044	237.132857	-319.176931	227.473586	162.565682	200.123386	312.410151	208.987319	-167.537394	72.630007	134.879953	69.194393	-372.856886	63.068947	179.597814	61.677671	-242.235236	0.293420	417.423296	0.175737	-195.504000	0.000000	34.507918	3.755367	-384.624000	0.000000	-1.976000	0.000000	65.896000	0.000000	123.875000	0.000000	-195.267000	0.000000	66.843000	0.000000	-115.378000	0.000000	-98.042000	0.000000	-51.739000	0.000000	-341.974000	0.000000	-119.067000	0.000000	81.684000	0.000000

2024-08-26	13:11:22	1724670682.526604	-43166.988158	-0.044311	-0.207240	-52.062343	155.539870	-167.778239	144.990236	230.407127	58.618243	231.627720	122.931755	-129.335811	107.370118	108.361857	75.874317	-360.247025	63.501024	167.564584	60.517618	-242.353791	0.239668	417.065114	0.323273	-195.504000	0.000000	36.093181	3.189556	-384.624000	0.000000	-1.976000	0.000000	65.896000	0.000000	123.875000	0.000000	-195.267000	0.000000	66.843000	0.000000	-115.378000	0.000000	-98.042000	0.000000	-51.739000	0.000000	-341.974000	0.000000	-119.067000	0.000000	81.684000	0.000000

2024-08-26	13:11:23	1724670683.526018	-43165.988744	-0.044311	-0.207240	-96.670283	169.087732	-99.904884	150.089595	331.838264	135.431490	173.130402	116.947830	-73.672646	32.547333	81.209180	22.890733	-270.011674	64.434003	85.316692	62.293568	-242.197361	0.166094	417.098546	0.317229	-195.504000	0.000000	37.869785	3.013567	-384.624000	0.000000	-1.976000	0.000000	65.896000	0.000000	123.875000	0.000000	-195.267000	0.000000	66.843000	0.000000	-115.378000	0.000000	-98.042000	0.000000	-51.739000	0.000000	-341.974000	0.000000	-119.067000	0.000000	81.684000	0.000000

2024-08-26	13:11:24	1724670684.530700	-43164.984062	-0.044311	-0.207240	-180.833445	212.991346	-41.284142	190.211882	310.587007	78.367904	179.526067	92.527434	-129.557966	62.928707	119.075447	60.345875	-341.926534	41.243359	148.466511	40.639802	-242.230987	0.310396	417.315227	0.140328	-195.504000	0.000000	31.059631	2.859934	-384.624000	0.000000	-1.976000	0.000000	65.896000	0.000000	123.875000	0.000000	-195.267000	0.000000	66.843000	0.000000	-115.378000	0.000000	-98.042000	0.000000	-51.739000	0.000000	-341.974000	0.000000	-119.067000	0.000000	81.684000	0.000000

2024-08-26	13:11:25	1724670685.528131	-43163.986631	-0.044311	-0.207240	-14.230620	211.453893	-192.760925	222.279654	264.567865	87.444176	200.357587	82.204547	-90.810984	114.908856	74.392450	95.043534	-299.597375	51.429282	108.816841	51.314978	-242.356995	0.101869	416.743932	0.177857	-195.504000	0.000000	36.601605	3.050711	-384.624000	0.000000	-1.976000	0.000000	65.896000	0.000000	123.875000	0.000000	-195.267000	0.000000	66.843000	0.000000	-115.378000	0.000000	-98.042000	0.000000	-51.739000	0.000000	-341.974000	0.000000	-119.067000	0.000000	81.684000	0.000000

2024-08-26	13:11:26	1724670686.529530	-43162.985232	-0.044311	-0.207240	58.367601	169.681800	-269.679248	176.496143	286.301169	116.584597	219.319531	140.726712	-146.572459	95.264622	139.734990	103.908186	-336.582240	25.320221	151.303428	28.850557	-242.457696	0.156198	417.129146	0.151406	-195.504000	0.000000	31.610052	4.546288	-384.624000	0.000000	-1.976000	0.000000	65.896000	0.000000	123.875000	0.000000	-195.267000	0.000000	66.843000	0.000000	-115.378000	0.000000	-98.042000	0.000000	-51.739000	0.000000	-341.974000	0.000000	-119.067000	0.000000	81.684000	0.000000

2024-08-26	13:11:27	1724670687.526946	-43161.987816	-0.044311	-0.207240	23.648391	322.321843	-230.940267	324.690054	273.397493	253.030332	204.726954	236.001638	-114.000619	74.538733	97.884689	68.873777	-292.081005	55.047995	102.712225	56.161580	-242.552472	0.229659	416.940777	0.190876	-195.504000	0.000000	34.605539	4.490987	-384.624000	0.000000	-1.976000	0.000000	65.896000	0.000000	123.875000	0.000000	-195.267000	0.000000	66.843000	0.000000	-115.378000	0.000000	-98.042000	0.000000	-51.739000	0.000000	-341.974000	0.000000	-119.067000	0.000000	81.684000	0.000000

2024-08-26	13:11:28	1724670688.520365	-43160.994397	-0.044311	-0.200625	-9.109612	116.886169	-211.209003	100.858489	283.984475	89.887364	184.629204	145.590776	-77.299096	95.817414	61.850663	81.861655	-365.793392	30.823423	172.501549	31.404716	-242.164127	0.254795	417.092955	0.158710	-195.504000	0.000000	34.121754	4.812769	-384.624000	0.000000	-1.976000	0.000000	65.896000	0.000000	123.875000	0.000000	-195.267000	0.000000	66.843000	0.000000	-115.378000	0.000000	-98.042000	0.000000	-51.739000	0.000000	-341.974000	0.000000	-119.067000	0.000000	81.684000	0.000000

2024-08-26	13:11:29	1724670689.528452	-43159.986310	-0.044311	-0.200625	-51.717210	161.848254	-170.843928	169.067557	289.169083	206.558588	199.819073	205.762445	-142.881885	95.036244	130.191868	88.777669	-307.454933	61.407430	117.471651	54.892732	-242.060545	0.211025	417.255804	0.247186	-195.504000	0.000000	33.760213	4.652203	-384.624000	0.000000	-1.976000	0.000000	65.896000	0.000000	123.875000	0.000000	-195.267000	0.000000	66.843000	0.000000	-115.378000	0.000000	-98.042000	0.000000	-51.739000	0.000000	-341.974000	0.000000	-119.067000	0.000000	81.684000	0.000000

2024-08-26	13:11:30	1724670690.521871	-43158.992891	-0.044311	-0.200625	-121.362647	147.966087	-78.704390	163.401608	270.951456	112.277624	206.206630	126.658733	-46.509685	129.600133	33.708446	116.879321	-359.686445	63.792670	167.957595	64.501759	-241.966423	0.294973	417.224845	0.186895	-195.504000	0.000000	39.363844	6.402416	-384.624000	0.000000	-1.976000	0.000000	65.896000	0.000000	123.875000	0.000000	-195.267000	0.000000	66.843000	0.000000	-115.378000	0.000000	-98.042000	0.000000	-51.739000	0.000000	-341.974000	0.000000	-119.067000	0.000000	81.684000	0.000000

2024-08-26	13:11:31	1724670691.529281	-43157.985481	-0.044311	-0.200625	-17.722299	220.898883	-198.417248	194.372905	237.010219	150.089195	249.060476	116.030285	-146.853261	132.367211	135.283663	107.975970	-282.731026	45.651106	97.575373	36.190975	-242.239886	0.224155	417.289053	0.226790	-195.504000	0.000000	34.933593	2.037511	-384.624000	0.000000	-1.976000	0.000000	65.896000	0.000000	123.875000	0.000000	-195.267000	0.000000	66.843000	0.000000	-115.378000	0.000000	-98.042000	0.000000	-51.739000	0.000000	-341.974000	0.000000	-119.067000	0.000000	81.684000	0.000000

2024-08-26	13:11:32	1724670692.521700	-43156.993062	-0.044311	-0.200625	91.563235	124.988332	-292.140113	133.124420	263.909557	106.308964	227.328763	138.635052	-50.783339	120.314016	41.877842	127.978936	-315.875482	53.613177	130.996907	54.356840	-242.448045	0.191306	417.124902	0.229648	-195.504000	0.000000	36.298298	4.236799	-384.624000	0.000000	-1.976000	0.000000	65.896000	0.000000	123.875000	0.000000	-195.267000	0.000000	66.843000	0.000000	-115.378000	0.000000	-98.042000	0.000000	-51.739000	0.000000	-341.974000	0.000000	-119.067000	0.000000	81.684000	0.000000

2024-08-26	13:11:33	1724670693.519117	-43155.995645	-0.044311	-0.200625	-151.697119	131.552700	-58.342044	156.964463	246.561667	111.208878	222.245846	92.049733	-211.124101	96.043051	197.563700	88.364740	-303.466916	84.751745	116.848987	80.417038	-242.222899	0.187750	416.867939	0.278088	-195.504000	0.000000	30.685783	5.328868	-384.624000	0.000000	-1.976000	0.000000	65.896000	0.000000	123.875000	0.000000	-195.267000	0.000000	66.843000	0.000000	-115.378000	0.000000	-98.042000	0.000000	-51.739000	0.000000	-341.974000	0.000000	-119.067000	0.000000	81.684000	0.000000

2024-08-26	13:11:34	1724670694.530200	-43154.984561	-0.044311	-0.194003	2.923194	130.125999	-211.446305	88.872209	308.481481	141.523436	202.346981	122.242441	-56.191588	109.638294	53.757970	122.230668	-308.322882	41.525967	119.692446	48.762837	-242.099572	0.157426	417.073057	0.136264	-195.504000	0.000000	32.719858	6.666787	-384.624000	0.000000	-1.976000	0.000000	65.896000	0.000000	123.875000	0.000000	-195.267000	0.000000	66.843000	0.000000	-115.378000	0.000000	-98.042000	0.000000	-51.739000	0.000000	-341.974000	0.000000	-119.067000	0.000000	81.684000	0.000000

2024-08-26	13:11:35	1724670695.520119	-43153.994643	-0.044311	-0.194003	-14.435540	163.500615	-212.314019	156.966984	294.520022	82.258569	179.123630	93.580357	-110.193054	102.331638	89.802833	81.297861	-356.340902	26.137138	161.129785	32.753203	-241.985639	0.126447	417.318324	0.198307	-195.504000	0.000000	28.968431	3.860005	-384.624000	0.000000	-1.976000	0.000000	65.896000	0.000000	123.875000	0.000000	-195.267000	0.000000	66.843000	0.000000	-115.378000	0.000000	-98.042000	0.000000	-51.739000	0.000000	-341.974000	0.000000	-119.067000	0.000000	81.684000	0.000000

2024-08-26	13:11:36	1724670696.530529	-43152.984233	-0.044311	-0.194003	-40.417585	174.374869	-172.361734	184.160572	364.126522	287.568733	105.555364	316.083037	-113.643325	73.379110	103.909302	46.192877	-316.795140	51.295271	125.685183	60.272999	-241.837686	0.193890	417.281599	0.191802	-195.504000	0.000000	35.087422	3.176054	-384.624000	0.000000	-1.976000	0.000000	65.896000	0.000000	123.875000	0.000000	-195.267000	0.000000	66.843000	0.000000	-115.378000	0.000000	-98.042000	0.000000	-51.739000	0.000000	-341.974000	0.000000	-119.067000	0.000000	81.684000	0.000000

2024-08-26	13:11:37	1724670697.520948	-43151.993814	-0.044311	-0.194003	-58.308588	80.743480	-143.982104	112.914239	230.476174	113.008865	272.049690	103.296223	-72.685378	66.398170	63.523645	62.675871	-321.333432	40.463511	135.882611	38.459393	-242.165381	0.162714	416.898424	0.166819	-195.504000	0.000000	36.162935	3.650116	-384.624000	0.000000	-1.976000	0.000000	65.896000	0.000000	123.875000	0.000000	-195.267000	0.000000	66.843000	0.000000	-115.378000	0.000000	-98.042000	0.000000	-51.739000	0.000000	-341.974000	0.000000	-119.067000	0.000000	81.684000	0.000000

2024-08-26	13:11:38	1724670698.521362	-43150.993400	-0.044311	-0.194003	-16.102271	137.919919	-196.404874	139.936083	353.617606	173.535934	115.841481	164.176668	-153.317081	78.636883	136.605852	67.708282	-336.809289	29.490406	143.337624	25.811462	-242.236094	0.228022	416.824342	0.118147	-195.504000	0.000000	32.902776	3.689896	-384.624000	0.000000	-1.976000	0.000000	65.896000	0.000000	123.875000	0.000000	-195.267000	0.000000	66.843000	0.000000	-115.378000	0.000000	-98.042000	0.000000	-51.739000	0.000000	-341.974000	0.000000	-119.067000	0.000000	81.684000	0.000000

2024-08-26	13:11:39	1724670699.521777	-43149.992985	-0.044311	-0.194003	116.421810	213.495978	-353.459474	182.940464	202.396366	70.735062	258.767730	152.057522	-96.718283	132.876920	69.792701	95.665107	-338.244514	44.597767	144.012914	52.005715	-242.182747	0.240740	417.018936	0.210131	-195.504000	0.000000	34.391260	4.170048	-384.624000	0.000000	-1.976000	0.000000	65.896000	0.000000	123.875000	0.000000	-195.267000	0.000000	66.843000	0.000000	-115.378000	0.000000	-98.042000	0.000000	-51.739000	0.000000	-341.974000	0.000000	-119.067000	0.000000	81.684000	0.000000

2024-08-26	13:11:40	1724670700.522151	-43148.992611	-0.044311	-0.187380	-71.060040	82.583468	-136.988088	96.813941	297.572803	35.432424	188.859854	66.263121	-101.950061	132.394587	94.824379	137.642306	-346.132795	63.232757	160.458538	58.960933	-242.346650	0.196421	417.103094	0.103683	-195.504000	0.000000	39.819759	4.456786	-384.624000	0.000000	-1.976000	0.000000	65.896000	0.000000	123.875000	0.000000	-195.267000	0.000000	66.843000	0.000000	-115.378000	0.000000	-98.042000	0.000000	-51.739000	0.000000	-341.974000	0.000000	-119.067000	0.000000	81.684000	0.000000

2024-08-26	13:11:41	1724670701.519567	-43147.995195	-0.044311	-0.187380	-57.844977	123.696034	-148.470665	98.381361	337.120177	121.878844	159.086354	101.704443	-139.187798	135.195821	133.308145	105.886753	-309.932041	46.651254	120.439496	46.000408	-242.290182	0.248999	416.961133	0.325791	-195.504000	0.000000	31.085173	6.379639	-384.624000	0.000000	-1.976000	0.000000	65.896000	0.000000	123.875000	0.000000	-195.267000	0.000000	66.843000	0.000000	-115.378000	0.000000	-98.042000	0.000000	-51.739000	0.000000	-341.974000	0.000000	-119.067000	0.000000	81.684000	0.000000

2024-08-26	13:11:42	1724670702.529975	-43146.984787	-0.044311	-0.187380	26.951360	179.439929	-252.049449	167.277092	259.475669	117.630961	211.015144	180.148064	-147.939997	108.059620	122.493366	99.141091	-379.961776	63.373183	182.723057	63.817563	-242.350963	0.116530	416.902867	0.202403	-195.504000	0.000000	39.037064	8.952840	-384.624000	0.000000	-1.976000	0.000000	65.896000	0.000000	123.875000	0.000000	-195.267000	0.000000	66.843000	0.000000	-115.378000	0.000000	-98.042000	0.000000	-51.739000	0.000000	-341.974000	0.000000	-119.067000	0.000000	81.684000	0.000000

2024-08-26	13:11:43	1724670703.525393	-43145.989369	-0.044311	-0.187380	-38.038977	106.356130	-175.403770	99.875936	206.712119	81.497097	275.416109	101.385567	-49.021216	116.431505	36.582807	100.227666	-280.016251	59.010553	89.961767	52.590399	-242.199801	0.125289	417.166952	0.174996	-195.504000	0.000000	33.676243	4.891527	-384.624000	0.000000	-1.976000	0.000000	65.896000	0.000000	123.875000	0.000000	-195.267000	0.000000	66.843000	0.000000	-115.378000	0.000000	-98.042000	0.000000	-51.739000	0.000000	-341.974000	0.000000	-119.067000	0.000000	81.684000	0.000000

2024-08-26	13:11:44	1724670704.522810	-43144.991952	-0.044311	-0.187380	-33.996090	124.058603	-171.678659	129.952499	356.447989	38.107371	140.221601	110.230327	-144.043855	111.883625	136.781517	119.880751	-325.921092	64.870093	142.181174	53.808577	-242.112170	0.178387	417.174533	0.197379	-195.504000	0.000000	36.804489	3.483221	-384.624000	0.000000	-1.976000	0.000000	65.896000	0.000000	123.875000	0.000000	-195.267000	0.000000	66.843000	0.000000	-115.378000	0.000000	-98.042000	0.000000	-51.739000	0.000000	-341.974000	0.000000	-119.067000	0.000000	81.684000	0.000000

2024-08-26	13:11:45	1724670705.521640	-43143.993122	-0.044311	-0.187380	-79.121060	139.871002	-133.046315	150.144931	248.392263	78.663941	227.830985	78.084498	-120.962057	171.330003	105.673938	174.373864	-288.496677	46.214845	102.343923	39.122827	-242.267767	0.144537	416.778166	0.240787	-195.504000	0.000000	34.368499	4.905716	-384.624000	0.000000	-1.976000	0.000000	65.896000	0.000000	123.875000	0.000000	-195.267000	0.000000	66.843000	0.000000	-115.378000	0.000000	-98.042000	0.000000	-51.739000	0.000000	-341.974000	0.000000	-119.067000	0.000000	81.684000	0.000000

2024-08-26	13:11:46	1724670706.520072	-43142.994690	-0.044311	-0.200625	-21.201060	169.415121	-195.174677	189.831380	266.958678	137.694830	209.432925	100.489795	-107.473841	96.789671	92.311227	105.947823	-335.564623	74.216028	146.292506	70.569723	-241.976233	0.196568	416.918098	0.201369	-195.504000	0.000000	33.585739	5.315778	-384.624000	0.000000	-1.976000	0.000000	65.896000	0.000000	123.875000	0.000000	-195.267000	0.000000	66.843000	0.000000	-115.378000	0.000000	-98.042000	0.000000	-51.739000	0.000000	-341.974000	0.000000	-119.067000	0.000000	81.684000	0.000000

2024-08-26	13:11:47	1724670707.536460	-43141.978302	-0.044311	-0.200625	57.139543	172.927952	-273.986844	146.060368	292.402216	91.086161	180.650983	106.455335	-140.191321	130.825535	129.798400	125.257361	-299.194319	45.309824	111.432828	47.286626	-242.205914	0.189618	417.019784	0.166277	-195.504000	0.000000	35.542177	4.034032	-384.624000	0.000000	-1.976000	0.000000	65.896000	0.000000	123.875000	0.000000	-195.267000	0.000000	66.843000	0.000000	-115.378000	0.000000	-98.042000	0.000000	-51.739000	0.000000	-341.974000	0.000000	-119.067000	0.000000	81.684000	0.000000

2024-08-26	13:11:48	1724670708.528895	-43140.985867	-0.044311	-0.200625	33.831297	138.348768	-228.851194	110.355679	254.547095	45.589197	247.540119	59.855440	-70.454358	122.386569	64.046992	110.269569	-323.824894	41.583256	134.718808	30.509358	-242.051352	0.215301	417.007726	0.107576	-195.504000	0.000000	30.224836	5.293226	-384.624000	0.000000	-1.976000	0.000000	65.896000	0.000000	123.875000	0.000000	-195.267000	0.000000	66.843000	0.000000	-115.378000	0.000000	-98.042000	0.000000	-51.739000	0.000000	-341.974000	0.000000	-119.067000	0.000000	81.684000	0.000000

2024-08-26	13:11:49	1724670709.524297	-43139.990465	-0.044311	-0.200625	-201.121288	172.059176	-6.784171	213.681208	302.747713	115.653962	193.117735	79.593294	-96.004340	113.815488	89.686238	93.879101	-356.137356	72.624267	164.501502	59.643990	-242.378413	0.201246	416.834728	0.187679	-195.504000	0.000000	33.843573	3.200493	-384.624000	0.000000	-1.976000	0.000000	65.896000	0.000000	123.875000	0.000000	-195.267000	0.000000	66.843000	0.000000	-115.378000	0.000000	-98.042000	0.000000	-51.739000	0.000000	-341.974000	0.000000	-119.067000	0.000000	81.684000	0.000000

2024-08-26	13:11:50	1724670710.534260	-43138.980502	-0.044311	-0.200625	73.112644	195.813363	-293.389280	147.738261	221.944891	131.257809	247.625261	69.814558	-113.224078	50.940095	94.756130	39.190775	-333.343821	82.359353	144.693140	82.998557	-242.366764	0.248426	416.901507	0.198401	-195.504000	0.000000	32.593901	3.812409	-384.624000	0.000000	-1.976000	0.000000	65.896000	0.000000	123.875000	0.000000	-195.267000	0.000000	66.843000	0.000000	-115.378000	0.000000	-98.042000	0.000000	-51.739000	0.000000	-341.974000	0.000000	-119.067000	0.000000	81.684000	0.000000

2024-08-26	13:11:51	1724670711.533675	-43137.981087	-0.044311	-0.207240	25.757512	179.142220	-253.202641	171.496383	353.658084	145.728418	127.730176	135.609503	-141.591457	77.264785	125.231350	46.909704	-316.437019	63.021087	124.575631	59.844591	-241.989320	0.184782	417.068705	0.121737	-195.504000	0.000000	33.819800	5.305986	-384.624000	0.000000	-1.976000	0.000000	65.896000	0.000000	123.875000	0.000000	-195.267000	0.000000	66.843000	0.000000	-115.378000	0.000000	-98.042000	0.000000	-51.739000	0.000000	-341.974000	0.000000	-119.067000	0.000000	81.684000	0.000000

2024-08-26	13:11:52	1724670712.524096	-43136.990666	-0.044311	-0.207240	-78.063468	180.694857	-126.330473	161.146698	254.011329	130.081687	226.123596	136.122714	-137.574111	113.394133	126.891041	80.693117	-331.783468	50.239893	142.535551	44.062271	-242.193416	0.233226	416.956947	0.133374	-195.504000	0.000000	34.649388	4.406592	-384.624000	0.000000	-1.976000	0.000000	65.896000	0.000000	123.875000	0.000000	-195.267000	0.000000	66.843000	0.000000	-115.378000	0.000000	-98.042000	0.000000	-51.739000	0.000000	-341.974000	0.000000	-119.067000	0.000000	81.684000	0.000000

2024-08-26	13:11:53	1724670713.529525	-43135.985237	-0.044311	-0.207240	-61.533251	134.684547	-150.515161	88.284400	299.976818	91.405229	179.620186	93.369364	-120.001096	109.684037	108.640759	84.207466	-310.171131	93.248781	125.397927	89.036749	-242.417456	0.168965	416.820141	0.238309	-195.504000	0.000000	34.726946	3.284828	-384.624000	0.000000	-1.976000	0.000000	65.896000	0.000000	123.875000	0.000000	-195.267000	0.000000	66.843000	0.000000	-115.378000	0.000000	-98.042000	0.000000	-51.739000	0.000000	-341.974000	0.000000	-119.067000	0.000000	81.684000	0.000000

2024-08-26	13:11:54	1724670714.519927	-43134.994835	-0.044311	-0.207240	-53.030902	265.438277	-148.738719	262.331080	320.577542	146.348573	182.891446	112.176795	-78.544801	121.759125	72.236668	109.606689	-315.642670	43.603363	128.132769	46.157764	-242.322292	0.122873	417.144021	0.155910	-195.504000	0.000000	32.272961	4.309327	-384.624000	0.000000	-1.976000	0.000000	65.896000	0.000000	123.875000	0.000000	-195.267000	0.000000	66.843000	0.000000	-115.378000	0.000000	-98.042000	0.000000	-51.739000	0.000000	-341.974000	0.000000	-119.067000	0.000000	81.684000	0.000000

2024-08-26	13:11:55	1724670715.524349	-43133.990413	-0.044311	-0.207240	29.852048	189.864856	-261.373048	162.349552	298.746424	137.049152	173.818380	96.043801	-108.051689	139.196921	90.061385	96.787631	-328.683952	32.045930	136.975743	24.219414	-242.120687	0.183019	417.043694	0.145355	-195.504000	0.000000	34.183888	3.676258	-384.624000	0.000000	-1.976000	0.000000	65.896000	0.000000	123.875000	0.000000	-195.267000	0.000000	66.843000	0.000000	-115.378000	0.000000	-98.042000	0.000000	-51.739000	0.000000	-341.974000	0.000000	-119.067000	0.000000	81.684000	0.000000

2024-08-26	13:11:56	1724670716.521765	-43132.992997	-0.044311	-0.207240	23.386094	169.000700	-219.298708	144.090397	277.379017	83.529745	201.304286	119.615924	-50.108518	38.248022	37.313601	44.014557	-315.159644	21.488739	129.919788	24.367358	-242.445830	0.185790	417.216502	0.203331	-195.504000	0.000000	37.774005	3.614339	-384.624000	0.000000	-1.976000	0.000000	65.896000	0.000000	123.875000	0.000000	-195.267000	0.000000	66.843000	0.000000	-115.378000	0.000000	-98.042000	0.000000	-51.739000	0.000000	-341.974000	0.000000	-119.067000	0.000000	81.684000	0.000000

2024-08-26	13:11:57	1724670717.531174	-43131.983588	-0.044311	-0.180762	9.178964	129.701616	-229.057759	128.114628	263.333953	88.549160	212.092369	116.125020	-183.048661	45.409540	166.920066	45.440111	-325.232063	67.224730	136.028465	59.107294	-242.466197	0.215650	417.207301	0.184269	-195.504000	0.000000	37.620941	3.736352	-384.624000	0.000000	-1.976000	0.000000	65.896000	0.000000	123.875000	0.000000	-195.267000	0.000000	66.843000	0.000000	-115.378000	0.000000	-98.042000	0.000000	-51.739000	0.000000	-341.974000	0.000000	-119.067000	0.000000	81.684000	0.000000

2024-08-26	13:11:58	1724670718.523593	-43130.991169	-0.044311	-0.180762	-32.990343	129.520507	-180.728774	132.757342	293.484827	133.436370	208.331041	147.159761	-148.959069	130.857465	147.252868	141.629619	-318.445506	38.814318	131.838274	41.313544	-242.310243	0.143885	417.125459	0.182771	-195.504000	0.000000	35.690797	4.006891	-384.624000	0.000000	-1.976000	0.000000	65.896000	0.000000	123.875000	0.000000	-195.267000	0.000000	66.843000	0.000000	-115.378000	0.000000	-98.042000	0.000000	-51.739000	0.000000	-341.974000	0.000000	-119.067000	0.000000	81.684000	0.000000

2024-08-26	13:11:59	1724670719.520028	-43129.994734	-0.044311	-0.180762	67.880645	146.797266	-284.256605	147.486605	381.910894	177.860671	90.948760	178.067977	-74.452067	39.218161	58.810478	63.045538	-299.435028	42.114701	109.687948	39.249350	-242.243474	0.123515	416.827905	0.160911	-195.504000	0.000000	35.564248	5.137821	-384.624000	0.000000	-1.976000	0.000000	65.896000	0.000000	123.875000	0.000000	-195.267000	0.000000	66.843000	0.000000	-115.378000	0.000000	-98.042000	0.000000	-51.739000	0.000000	-341.974000	0.000000	-119.067000	0.000000	81.684000	0.000000

2024-08-26	13:12:00	1724670720.520439	-43128.994323	-0.044311	-0.180762	-175.295804	178.888838	-36.862097	163.037157	253.612625	167.384763	226.072569	144.827473	-92.540433	57.005841	74.518453	49.732892	-348.969575	47.271120	158.441681	44.060283	-242.385883	0.161406	417.252505	0.217890	-195.504000	0.000000	33.256077	4.038801	-384.624000	0.000000	-1.976000	0.000000	65.896000	0.000000	123.875000	0.000000	-195.267000	0.000000	66.843000	0.000000	-115.378000	0.000000	-98.042000	0.000000	-51.739000	0.000000	-341.974000	0.000000	-119.067000	0.000000	81.684000	0.000000

2024-08-26	13:12:01	1724670721.526939	-43127.987823	-0.044311	-0.180762	46.599756	159.902987	-250.713958	194.951111	244.729177	84.784202	252.618071	79.658545	-82.535304	169.701700	73.106326	151.378212	-308.758423	45.841385	124.886595	45.743252	-242.317142	0.243260	417.574726	0.264815	-195.504000	0.000000	32.135365	3.008191	-384.624000	0.000000	-1.976000	0.000000	65.896000	0.000000	123.875000	0.000000	-195.267000	0.000000	66.843000	0.000000	-115.378000	0.000000	-98.042000	0.000000	-51.739000	0.000000	-341.974000	0.000000	-119.067000	0.000000	81.684000	0.000000

2024-08-26	13:12:02	1724670722.522357	-43126.992405	-0.044311	-0.180762	-38.395549	95.898549	-173.781500	112.329127	208.334124	118.143884	276.150374	106.507768	-98.565925	170.241458	94.376645	149.862446	-322.740036	45.848107	136.748508	40.731333	-242.258364	0.169741	417.183959	0.223162	-195.504000	0.000000	40.060196	4.206178	-384.624000	0.000000	-1.976000	0.000000	65.896000	0.000000	123.875000	0.000000	-195.267000	0.000000	66.843000	0.000000	-115.378000	0.000000	-98.042000	0.000000	-51.739000	0.000000	-341.974000	0.000000	-119.067000	0.000000	81.684000	0.000000

2024-08-26	13:12:03	1724670723.522771	-43125.991991	-0.044311	-0.194003	-3.813082	217.780319	-212.332193	213.799732	294.994949	78.135186	176.979021	77.982879	-151.891529	79.681470	129.684051	80.259440	-315.882193	37.100227	125.599588	34.586527	-242.119039	0.201694	417.246281	0.184647	-195.504000	0.000000	30.724095	2.759596	-384.624000	0.000000	-1.976000	0.000000	65.896000	0.000000	123.875000	0.000000	-195.267000	0.000000	66.843000	0.000000	-115.378000	0.000000	-98.042000	0.000000	-51.739000	0.000000	-341.974000	0.000000	-119.067000	0.000000	81.684000	0.000000

2024-08-26	13:12:04	1724670724.537178	-43124.977584	-0.044311	-0.194003	91.076577	174.890807	-303.431533	184.030062	373.789120	89.639780	99.935966	96.724432	-123.335973	61.807025	120.107153	65.383479	-344.432461	100.977948	154.445479	106.176248	-242.151419	0.280031	417.237996	0.150729	-195.504000	0.000000	33.120001	2.976952	-384.624000	0.000000	-1.976000	0.000000	65.896000	0.000000	123.875000	0.000000	-195.267000	0.000000	66.843000	0.000000	-115.378000	0.000000	-98.042000	0.000000	-51.739000	0.000000	-341.974000	0.000000	-119.067000	0.000000	81.684000	0.000000

2024-08-26	13:12:05	1724670725.520602	-43123.994160	-0.044311	-0.194003	-80.034031	233.190624	-128.406080	222.239025	184.729510	182.987095	309.787599	177.667573	-69.130096	141.680172	57.262245	145.127212	-311.757182	44.070557	118.996047	42.310547	-242.417829	0.334033	417.594155	0.297893	-195.504000	0.000000	29.981321	4.476202	-384.624000	0.000000	-1.976000	0.000000	65.896000	0.000000	123.875000	0.000000	-195.267000	0.000000	66.843000	0.000000	-115.378000	0.000000	-98.042000	0.000000	-51.739000	0.000000	-341.974000	0.000000	-119.067000	0.000000	81.684000	0.000000

2024-08-26	13:12:06	1724670726.530050	-43122.984712	-0.044311	-0.194003	41.522986	144.638705	-266.697506	160.253923	290.334879	90.750543	184.853050	68.737525	-40.570623	148.055128	22.296565	100.264012	-334.614065	64.782818	147.416198	58.124652	-242.604319	0.133563	417.547550	0.120423	-195.504000	0.000000	35.904838	4.419608	-384.624000	0.000000	-1.976000	0.000000	65.896000	0.000000	123.875000	0.000000	-195.267000	0.000000	66.843000	0.000000	-115.378000	0.000000	-98.042000	0.000000	-51.739000	0.000000	-341.974000	0.000000	-119.067000	0.000000	81.684000	0.000000

2024-08-26	13:12:07	1724670727.522470	-43121.992292	-0.044311	-0.194003	-249.352366	155.779401	47.111695	169.802327	280.513730	106.820293	217.783636	144.906968	-146.290382	113.061018	139.351212	103.243726	-292.826631	45.552111	101.738331	48.617539	-242.319782	0.306385	417.473403	0.202852	-195.504000	0.000000	33.490224	3.851345	-384.624000	0.000000	-1.976000	0.000000	65.896000	0.000000	123.875000	0.000000	-195.267000	0.000000	66.843000	0.000000	-115.378000	0.000000	-98.042000	0.000000	-51.739000	0.000000	-341.974000	0.000000	-119.067000	0.000000	81.684000	0.000000

2024-08-26	13:12:08	1724670728.523884	-43120.990878	-0.044311	-0.194003	70.330982	146.152784	-311.129401	149.411506	290.807765	162.336442	162.644502	176.463415	-181.342727	148.782572	153.333613	132.172847	-357.980135	47.735057	164.028269	47.478234	-242.319614	0.274441	417.522367	0.174482	-195.504000	0.000000	34.393554	4.012148	-384.624000	0.000000	-1.976000	0.000000	65.896000	0.000000	123.875000	0.000000	-195.267000	0.000000	66.843000	0.000000	-115.378000	0.000000	-98.042000	0.000000	-51.739000	0.000000	-341.974000	0.000000	-119.067000	0.000000	81.684000	0.000000

2024-08-26	13:12:09	1724670729.529295	-43119.985466	-0.044311	-0.200625	-127.007685	281.075436	-68.101531	243.014099	288.734336	160.334314	216.177306	183.840845	-48.965982	72.182642	50.229487	74.294272	-295.627124	58.269674	111.821362	65.804925	-242.478261	0.169999	417.544281	0.119885	-195.504000	0.000000	36.436542	4.820764	-384.624000	0.000000	-1.976000	0.000000	65.896000	0.000000	123.875000	0.000000	-195.267000	0.000000	66.843000	0.000000	-115.378000	0.000000	-98.042000	0.000000	-51.739000	0.000000	-341.974000	0.000000	-119.067000	0.000000	81.684000	0.000000

2024-08-26	13:12:10	1724670730.518716	-43118.996046	-0.044311	-0.200625	-57.230960	383.634877	-140.404951	360.733305	402.968997	137.368148	91.611478	101.559213	-53.501363	115.657649	47.246741	106.100511	-301.570188	54.709223	117.429219	57.503552	-242.463027	0.140761	417.445571	0.198605	-195.504000	0.000000	40.017617	2.876756	-384.624000	0.000000	-1.976000	0.000000	65.896000	0.000000	123.875000	0.000000	-195.267000	0.000000	66.843000	0.000000	-115.378000	0.000000	-98.042000	0.000000	-51.739000	0.000000	-341.974000	0.000000	-119.067000	0.000000	81.684000	0.000000

2024-08-26	13:12:11	1724670731.521113	-43117.993649	-0.044311	-0.200625	-0.341505	186.318136	-224.161360	194.665411	274.516664	76.180599	181.284088	92.192980	-150.776318	66.951402	121.664842	52.924711	-320.792882	28.615438	125.585344	24.285017	-242.235547	0.150433	417.564440	0.176701	-195.504000	0.000000	31.569567	2.968646	-384.624000	0.000000	-1.976000	0.000000	65.896000	0.000000	123.875000	0.000000	-195.267000	0.000000	66.843000	0.000000	-115.378000	0.000000	-98.042000	0.000000	-51.739000	0.000000	-341.974000	0.000000	-119.067000	0.000000	81.684000	0.000000

2024-08-26	13:12:12	1724670732.534520	-43116.980242	-0.044311	-0.200625	70.282603	234.114745	-278.802081	238.639288	238.016808	97.624370	241.418802	87.851476	-85.693471	77.319955	86.852128	81.631258	-289.624975	54.916236	107.809987	51.329114	-242.208312	0.167496	417.861334	0.159092	-195.504000	0.000000	38.747727	4.491639	-384.624000	0.000000	-1.976000	0.000000	65.896000	0.000000	123.875000	0.000000	-195.267000	0.000000	66.843000	0.000000	-115.378000	0.000000	-98.042000	0.000000	-51.739000	0.000000	-341.974000	0.000000	-119.067000	0.000000	81.684000	0.000000

2024-08-26	13:12:13	1724670733.528938	-43115.985824	-0.044311	-0.200625	4.930201	145.481381	-220.197338	136.464780	275.908931	128.407417	205.997609	135.617091	-151.985923	108.660107	130.643473	109.250323	-316.831075	32.996233	126.481126	35.784134	-242.313134	0.211188	417.727050	0.143590	-195.504000	0.000000	36.461509	3.929624	-384.624000	0.000000	-1.976000	0.000000	65.896000	0.000000	123.875000	0.000000	-195.267000	0.000000	66.843000	0.000000	-115.378000	0.000000	-98.042000	0.000000	-51.739000	0.000000	-341.974000	0.000000	-119.067000	0.000000	81.684000	0.000000

2024-08-26	13:12:14	1724670734.530352	-43114.984410	-0.044311	-0.200625	-59.041368	201.617683	-156.029300	192.966979	280.391110	197.164411	205.261437	180.861756	-100.981108	135.402031	89.310572	132.827556	-350.539415	37.064810	161.956088	33.293466	-241.898175	0.137012	417.754409	0.280096	-195.504000	0.000000	34.688366	2.394525	-384.624000	0.000000	-1.976000	0.000000	65.896000	0.000000	123.875000	0.000000	-195.267000	0.000000	66.843000	0.000000	-115.378000	0.000000	-98.042000	0.000000	-51.739000	0.000000	-341.974000	0.000000	-119.067000	0.000000	81.684000	0.000000

2024-08-26	13:12:15	1724670735.527768	-43113.986994	-0.044311	-0.180762	-14.343338	214.303629	-193.443774	196.671364	287.194603	123.125615	201.006720	118.850184	-128.971739	60.571370	108.844171	71.163469	-328.594226	40.865866	139.188446	29.716471	-242.394953	0.139985	417.566762	0.155736	-195.504000	0.000000	34.887563	4.677547	-384.624000	0.000000	-1.976000	0.000000	65.896000	0.000000	123.875000	0.000000	-195.267000	0.000000	66.843000	0.000000	-115.378000	0.000000	-98.042000	0.000000	-51.739000	0.000000	-341.974000	0.000000	-119.067000	0.000000	81.684000	0.000000

2024-08-26	13:12:16	1724670736.526125	-43112.988636	-0.044311	-0.180762	50.113128	147.961124	-255.255399	150.353616	376.110197	93.985017	123.439581	97.226079	-92.072562	121.234256	92.920289	86.893909	-293.810060	41.001397	107.980926	49.414473	-242.365823	0.157091	417.476264	0.195795	-195.504000	0.000000	36.885714	2.949933	-384.624000	0.000000	-1.976000	0.000000	65.896000	0.000000	123.875000	0.000000	-195.267000	0.000000	66.843000	0.000000	-115.378000	0.000000	-98.042000	0.000000	-51.739000	0.000000	-341.974000	0.000000	-119.067000	0.000000	81.684000	0.000000

2024-08-26	13:12:17	1724670737.521543	-43111.993219	-0.044311	-0.180762	-137.888425	127.074548	-75.577580	97.972590	238.333762	76.539357	236.821216	90.699478	-120.736843	79.108658	105.574326	70.150135	-336.399968	45.237973	145.575050	38.838210	-242.572516	0.155110	417.382983	0.228546	-195.504000	0.000000	37.611866	2.089525	-384.624000	0.000000	-1.976000	0.000000	65.896000	0.000000	123.875000	0.000000	-195.267000	0.000000	66.843000	0.000000	-115.378000	0.000000	-98.042000	0.000000	-51.739000	0.000000	-341.974000	0.000000	-119.067000	0.000000	81.684000	0.000000

2024-08-26	13:12:18	1724670738.528954	-43110.985808	-0.044311	-0.180762	-76.674340	259.990514	-143.788077	287.937262	180.404490	132.736427	302.550997	149.608711	-103.239250	121.051788	88.434072	92.339300	-319.149556	52.768451	127.956386	54.530963	-242.500869	0.149232	417.171579	0.264004	-195.504000	0.000000	33.916840	5.805942	-384.624000	0.000000	-1.976000	0.000000	65.896000	0.000000	123.875000	0.000000	-195.267000	0.000000	66.843000	0.000000	-115.378000	0.000000	-98.042000	0.000000	-51.739000	0.000000	-341.974000	0.000000	-119.067000	0.000000	81.684000	0.000000

2024-08-26	13:12:19	1724670739.526369	-43109.988393	-0.044311	-0.180762	-135.203562	69.798032	-92.856263	66.778407	320.713052	86.280086	149.900077	102.583154	-99.244545	93.804344	83.399689	78.488013	-325.656291	55.173175	132.170077	60.474813	-241.971908	0.242690	417.401036	0.205056	-195.504000	0.000000	33.880086	4.311203	-384.624000	0.000000	-1.976000	0.000000	65.896000	0.000000	123.875000	0.000000	-195.267000	0.000000	66.843000	0.000000	-115.378000	0.000000	-98.042000	0.000000	-51.739000	0.000000	-341.974000	0.000000	-119.067000	0.000000	81.684000	0.000000

2024-08-26	13:12:20	1724670740.521787	-43108.992975	-0.044311	-0.180762	24.030705	154.587114	-234.246280	120.324553	285.989000	45.437994	219.707434	79.065820	-143.764793	119.225358	141.892027	111.458735	-343.309685	44.865534	154.065877	38.740387	-242.141828	0.256763	417.265766	0.139676	-195.504000	0.000000	37.029287	3.461674	-384.624000	0.000000	-1.976000	0.000000	65.896000	0.000000	123.875000	0.000000	-195.267000	0.000000	66.843000	0.000000	-115.378000	0.000000	-98.042000	0.000000	-51.739000	0.000000	-341.974000	0.000000	-119.067000	0.000000	81.684000	0.000000

2024-08-26	13:12:21	1724670741.532397	-43107.982365	-0.044311	-0.207240	44.325221	123.054737	-263.652953	120.402212	292.669435	172.699666	169.871081	144.533266	-181.546943	157.408415	157.988556	115.369098	-379.948618	80.949187	185.384636	73.107373	-242.382342	0.236124	417.535526	0.228842	-195.504000	0.000000	32.152700	4.722921	-384.624000	0.000000	-1.976000	0.000000	65.896000	0.000000	123.875000	0.000000	-195.267000	0.000000	66.843000	0.000000	-115.378000	0.000000	-98.042000	0.000000	-51.739000	0.000000	-341.974000	0.000000	-119.067000	0.000000	81.684000	0.000000

2024-08-26	13:12:22	1724670742.541689	-43106.973073	-0.044311	-0.207240	-39.879350	265.946167	-155.270365	282.085615	255.633049	160.405270	251.947800	192.367814	-41.189627	60.505440	43.570679	62.273512	-295.109509	19.588510	111.515449	17.589448	-242.170732	0.262252	417.320714	0.195527	-195.504000	0.000000	35.191167	4.830699	-384.624000	0.000000	-1.976000	0.000000	65.896000	0.000000	123.875000	0.000000	-195.267000	0.000000	66.843000	0.000000	-115.378000	0.000000	-98.042000	0.000000	-51.739000	0.000000	-341.974000	0.000000	-119.067000	0.000000	81.684000	0.000000

2024-08-26	13:12:23	1724670743.530110	-43105.984652	-0.044311	-0.207240	-112.548330	195.168028	-110.759345	165.766660	359.297192	92.375287	111.077372	135.520252	-164.626423	108.359325	149.669692	63.537781	-320.800523	72.703485	135.778204	66.766344	-242.181714	0.157725	417.339766	0.189353	-195.504000	0.000000	34.337309	3.399890	-384.624000	0.000000	-1.976000	0.000000	65.896000	0.000000	123.875000	0.000000	-195.267000	0.000000	66.843000	0.000000	-115.378000	0.000000	-98.042000	0.000000	-51.739000	0.000000	-341.974000	0.000000	-119.067000	0.000000	81.684000	0.000000

