Date/C:Time:TimeStamp/D:time:VMeas:IMeas:I_00:DI_00:I_01:DI_01:I_02:DI_02:I_03:DI_03:I_04:DI_04:I_05:DI_05:I_06:DI_06:I_07:DI_07:I_08:DI_08:I_09:DI_09:I_10:DI_10:I_11:DI_11:I_12:DI_12:I_13:DI_13:I_14:DI_14:I_15:DI_15:I_16:DI_16:I_17:DI_17:I_18:DI_18:I_19:DI_19:I_20:DI_20:I_21:DI_21:I_22:DI_22:I_23:DI_23
2024-09-09	12:50:24	1725879024.739590	-43200.000000	-0.044311	-0.141039	34.223924	156.695883	-163.934748	158.717671	308.364072	151.500192	161.034138	194.084492	-6.715745	87.160508	41.374141	85.636329	35.279406	37.398825	-154.373070	34.668133	-247.681968	0.253528	405.883940	0.227313	-195.504000	0.000000	72.269950	0.149349	-384.624000	0.000000	-1.976000	0.000000	65.896000	0.000000	123.875000	0.000000	-195.267000	0.000000	66.843000	0.000000	-115.378000	0.000000	-98.042000	0.000000	-51.739000	0.000000	-341.974000	0.000000	-119.067000	0.000000	81.684000	0.000000

2024-09-09	12:50:25	1725879025.739015	-43199.000576	-0.044311	-0.141039	185.389327	98.080161	-305.136952	66.015305	272.849910	202.793196	178.866260	299.032076	-73.626370	109.140052	124.607302	158.965221	9.207913	30.364654	-131.876546	31.028634	-247.746753	0.287825	406.085140	0.063324	-195.504000	0.000000	71.905778	0.245202	-384.624000	0.000000	-1.976000	0.000000	65.896000	0.000000	123.875000	0.000000	-195.267000	0.000000	66.843000	0.000000	-115.378000	0.000000	-98.042000	0.000000	-51.739000	0.000000	-341.974000	0.000000	-119.067000	0.000000	81.684000	0.000000

2024-09-09	12:50:26	1725879026.739436	-43198.000154	-0.044311	-0.141039	-24.127479	108.641258	-96.294537	108.513759	354.572241	191.698372	92.999944	206.232357	21.171751	169.823391	18.661083	152.658706	35.237360	36.276385	-154.153558	35.250844	-247.746281	0.310083	406.046996	0.202561	-195.504000	0.000000	72.054976	0.185788	-384.624000	0.000000	-1.976000	0.000000	65.896000	0.000000	123.875000	0.000000	-195.267000	0.000000	66.843000	0.000000	-115.378000	0.000000	-98.042000	0.000000	-51.739000	0.000000	-341.974000	0.000000	-119.067000	0.000000	81.684000	0.000000

2024-09-09	12:50:27	1725879027.738860	-43197.000731	-0.044311	-0.141039	58.617380	404.636959	-192.773471	385.540002	231.879881	86.854279	222.021021	134.299112	10.581572	73.574256	28.077074	63.672961	30.310640	24.528521	-152.877581	28.839570	-247.701991	0.114213	406.436671	0.182527	-195.504000	0.000000	72.600503	0.397784	-384.624000	0.000000	-1.976000	0.000000	65.896000	0.000000	123.875000	0.000000	-195.267000	0.000000	66.843000	0.000000	-115.378000	0.000000	-98.042000	0.000000	-51.739000	0.000000	-341.974000	0.000000	-119.067000	0.000000	81.684000	0.000000

2024-09-09	12:50:28	1725879028.739282	-43196.000309	-0.044311	-0.127801	13.604640	136.820480	-144.367174	143.918925	83.782886	95.132394	368.030346	135.173644	9.240542	85.599705	35.030435	67.076768	63.656549	88.892507	-185.620115	82.079641	-247.890851	0.417007	405.931867	0.250632	-195.504000	0.000000	71.908209	0.284370	-384.624000	0.000000	-1.976000	0.000000	65.896000	0.000000	123.875000	0.000000	-195.267000	0.000000	66.843000	0.000000	-115.378000	0.000000	-98.042000	0.000000	-51.739000	0.000000	-341.974000	0.000000	-119.067000	0.000000	81.684000	0.000000

2024-09-09	12:50:29	1725879029.739705	-43194.999885	-0.044311	-0.127801	150.756684	280.358526	-283.472767	255.716788	441.722019	189.795209	21.888172	166.885407	9.024404	106.460632	37.855885	90.048570	24.590282	100.502279	-144.514029	96.411318	-247.971455	0.272055	406.292849	0.210084	-195.504000	0.000000	72.377994	0.256595	-384.624000	0.000000	-1.976000	0.000000	65.896000	0.000000	123.875000	0.000000	-195.267000	0.000000	66.843000	0.000000	-115.378000	0.000000	-98.042000	0.000000	-51.739000	0.000000	-341.974000	0.000000	-119.067000	0.000000	81.684000	0.000000

2024-09-09	12:50:30	1725879030.739146	-43194.000444	-0.044311	-0.127801	157.285391	149.899923	-272.753394	112.525112	435.582344	186.482489	3.280059	229.553804	-1.800881	112.883059	44.282579	135.297264	16.360554	36.747726	-135.851073	21.081351	-247.666259	0.286606	405.986395	0.326874	-195.504000	0.000000	72.724644	0.300641	-384.624000	0.000000	-1.976000	0.000000	65.896000	0.000000	123.875000	0.000000	-195.267000	0.000000	66.843000	0.000000	-115.378000	0.000000	-98.042000	0.000000	-51.739000	0.000000	-341.974000	0.000000	-119.067000	0.000000	81.684000	0.000000

2024-09-09	12:50:31	1725879031.739551	-43193.000039	-0.044311	-0.127801	-32.539783	95.740728	-92.965555	69.693237	254.708112	122.158777	226.385657	150.525296	-24.793599	116.778726	77.744160	102.708575	48.135554	33.415417	-165.424121	29.963658	-247.583603	0.192754	405.537905	0.235684	-195.504000	0.000000	72.428852	0.189061	-384.624000	0.000000	-1.976000	0.000000	65.896000	0.000000	123.875000	0.000000	-195.267000	0.000000	66.843000	0.000000	-115.378000	0.000000	-98.042000	0.000000	-51.739000	0.000000	-341.974000	0.000000	-119.067000	0.000000	81.684000	0.000000

2024-09-09	12:50:32	1725879032.738974	-43192.000616	-0.044311	-0.127801	-55.966293	211.058775	-81.969250	223.411709	339.824702	217.689217	113.239834	274.488917	-95.773823	208.350932	123.464124	186.232493	30.457770	84.992754	-152.188217	82.849352	-247.622689	0.148020	405.979505	0.137897	-195.504000	0.000000	72.275663	0.189411	-384.624000	0.000000	-1.976000	0.000000	65.896000	0.000000	123.875000	0.000000	-195.267000	0.000000	66.843000	0.000000	-115.378000	0.000000	-98.042000	0.000000	-51.739000	0.000000	-341.974000	0.000000	-119.067000	0.000000	81.684000	0.000000

2024-09-09	12:50:33	1725879033.739398	-43191.000193	-0.044311	-0.127801	-39.937838	191.147632	-74.285095	234.636039	351.824621	190.876000	116.021649	193.085285	-14.015357	204.534190	63.868306	173.868030	17.820613	45.100083	-136.693646	38.587127	-247.673520	0.220371	405.604989	0.210850	-195.504000	0.000000	71.963705	0.350505	-384.624000	0.000000	-1.976000	0.000000	65.896000	0.000000	123.875000	0.000000	-195.267000	0.000000	66.843000	0.000000	-115.378000	0.000000	-98.042000	0.000000	-51.739000	0.000000	-341.974000	0.000000	-119.067000	0.000000	81.684000	0.000000

2024-09-09	12:50:34	1725879034.738821	-43190.000769	-0.044311	-0.127801	3.024000	367.594593	-134.901102	370.393405	264.377342	120.373554	178.078191	113.591751	14.445641	90.586844	28.987169	67.829166	33.605842	29.332657	-157.604237	26.831553	-247.861007	0.341185	405.693234	0.102490	-195.504000	0.000000	71.795543	0.345178	-384.624000	0.000000	-1.976000	0.000000	65.896000	0.000000	123.875000	0.000000	-195.267000	0.000000	66.843000	0.000000	-115.378000	0.000000	-98.042000	0.000000	-51.739000	0.000000	-341.974000	0.000000	-119.067000	0.000000	81.684000	0.000000

2024-09-09	12:50:35	1725879035.739244	-43189.000347	-0.044311	-0.127801	139.425517	231.184977	-271.456314	189.877576	195.319525	182.406412	251.107488	125.987948	64.595541	176.136282	-22.990194	195.210908	-9.463599	55.636924	-112.308393	61.445717	-248.177752	0.212360	405.857953	0.186091	-195.504000	0.000000	72.609089	0.244089	-384.624000	0.000000	-1.976000	0.000000	65.896000	0.000000	123.875000	0.000000	-195.267000	0.000000	66.843000	0.000000	-115.378000	0.000000	-98.042000	0.000000	-51.739000	0.000000	-341.974000	0.000000	-119.067000	0.000000	81.684000	0.000000

2024-09-09	12:50:36	1725879036.739667	-43187.999923	-0.044311	-0.147661	76.402685	240.428665	-202.357879	261.562091	299.965633	163.032407	160.856461	186.785175	-78.751506	176.179427	110.531499	174.797504	64.244667	56.449166	-183.553694	60.386784	-248.068697	0.176449	405.822918	0.320017	-195.504000	0.000000	72.548635	0.169650	-384.624000	0.000000	-1.976000	0.000000	65.896000	0.000000	123.875000	0.000000	-195.267000	0.000000	66.843000	0.000000	-115.378000	0.000000	-98.042000	0.000000	-51.739000	0.000000	-341.974000	0.000000	-119.067000	0.000000	81.684000	0.000000

2024-09-09	12:50:37	1725879037.740517	-43186.999073	-0.044311	-0.147661	145.808492	96.606328	-267.230395	76.999047	269.965750	169.099127	195.423785	181.496419	-41.901964	155.712066	86.012357	120.755091	27.417415	33.025122	-147.049558	32.943847	-248.249990	0.118885	405.990471	0.378624	-195.504000	0.000000	72.614255	0.270644	-384.624000	0.000000	-1.976000	0.000000	65.896000	0.000000	123.875000	0.000000	-195.267000	0.000000	66.843000	0.000000	-115.378000	0.000000	-98.042000	0.000000	-51.739000	0.000000	-341.974000	0.000000	-119.067000	0.000000	81.684000	0.000000

2024-09-09	12:50:38	1725879038.739940	-43185.999650	-0.044311	-0.147661	-36.104683	425.155713	-104.082658	407.442638	435.539616	164.463543	-5.767869	255.794984	20.876596	166.419297	8.533147	150.520017	30.218314	57.534495	-155.726632	54.041389	-248.327564	0.140760	405.767877	0.246334	-195.504000	0.000000	73.122354	0.184852	-384.624000	0.000000	-1.976000	0.000000	65.896000	0.000000	123.875000	0.000000	-195.267000	0.000000	66.843000	0.000000	-115.378000	0.000000	-98.042000	0.000000	-51.739000	0.000000	-341.974000	0.000000	-119.067000	0.000000	81.684000	0.000000

2024-09-09	12:50:39	1725879039.740363	-43184.999227	-0.044311	-0.147661	273.310144	170.987851	-391.865111	180.349214	247.540293	110.965983	243.086314	129.508700	16.022516	100.233109	42.193575	116.650599	38.953996	18.283614	-156.381935	20.186683	-248.113970	0.271276	405.911424	0.208087	-195.504000	0.000000	72.790449	0.155661	-384.624000	0.000000	-1.976000	0.000000	65.896000	0.000000	123.875000	0.000000	-195.267000	0.000000	66.843000	0.000000	-115.378000	0.000000	-98.042000	0.000000	-51.739000	0.000000	-341.974000	0.000000	-119.067000	0.000000	81.684000	0.000000

2024-09-09	12:50:40	1725879040.739786	-43183.999804	-0.044311	-0.147661	23.338387	224.032769	-148.102495	231.615396	244.846748	164.049819	222.583176	199.059185	35.082022	51.368020	18.991420	72.675942	52.902403	46.815850	-173.139237	43.771870	-247.503057	0.301171	405.745509	0.131589	-195.504000	0.000000	72.512772	0.140306	-384.624000	0.000000	-1.976000	0.000000	65.896000	0.000000	123.875000	0.000000	-195.267000	0.000000	66.843000	0.000000	-115.378000	0.000000	-98.042000	0.000000	-51.739000	0.000000	-341.974000	0.000000	-119.067000	0.000000	81.684000	0.000000

2024-09-09	12:50:41	1725879041.740209	-43182.999382	-0.044311	-0.147661	-38.613220	233.705283	-91.940589	234.822546	269.790162	185.132224	181.274805	204.338603	25.954563	151.464264	16.429669	143.836267	3.726043	45.439175	-124.392075	42.495875	-247.649889	0.196818	406.048899	0.130714	-195.504000	0.000000	72.878242	0.190171	-384.624000	0.000000	-1.976000	0.000000	65.896000	0.000000	123.875000	0.000000	-195.267000	0.000000	66.843000	0.000000	-115.378000	0.000000	-98.042000	0.000000	-51.739000	0.000000	-341.974000	0.000000	-119.067000	0.000000	81.684000	0.000000

2024-09-09	12:50:42	1725879042.740633	-43181.998958	-0.044311	-0.147661	70.405001	170.026028	-196.063712	177.336695	317.473856	196.704953	137.514277	210.290245	-59.350867	149.160285	98.855611	166.967367	61.650687	88.742344	-182.169623	86.225539	-247.808004	0.209164	406.073279	0.155655	-195.504000	0.000000	72.871113	0.201065	-384.624000	0.000000	-1.976000	0.000000	65.896000	0.000000	123.875000	0.000000	-195.267000	0.000000	66.843000	0.000000	-115.378000	0.000000	-98.042000	0.000000	-51.739000	0.000000	-341.974000	0.000000	-119.067000	0.000000	81.684000	0.000000

2024-09-09	12:50:43	1725879043.741055	-43180.998536	-0.044311	-0.154283	42.376507	122.961432	-173.932810	97.748615	366.444174	263.784692	76.324566	316.551377	10.072167	111.589911	28.113967	113.373497	5.701481	74.782975	-128.685655	69.671924	-247.732568	0.215161	405.853544	0.254109	-195.504000	0.000000	72.733719	0.329087	-384.624000	0.000000	-1.976000	0.000000	65.896000	0.000000	123.875000	0.000000	-195.267000	0.000000	66.843000	0.000000	-115.378000	0.000000	-98.042000	0.000000	-51.739000	0.000000	-341.974000	0.000000	-119.067000	0.000000	81.684000	0.000000

2024-09-09	12:50:44	1725879044.741478	-43179.998112	-0.044311	-0.154283	5.550977	248.902707	-142.699560	250.432572	198.752570	123.324932	257.973384	171.778621	-19.858551	128.938551	61.859609	118.959928	26.713663	34.071198	-150.564519	31.248742	-247.824127	0.336886	406.123735	0.204088	-195.504000	0.000000	73.230569	0.239102	-384.624000	0.000000	-1.976000	0.000000	65.896000	0.000000	123.875000	0.000000	-195.267000	0.000000	66.843000	0.000000	-115.378000	0.000000	-98.042000	0.000000	-51.739000	0.000000	-341.974000	0.000000	-119.067000	0.000000	81.684000	0.000000

2024-09-09	12:50:45	1725879045.740901	-43178.998690	-0.044311	-0.154283	108.800163	307.475474	-214.877140	302.167771	439.672077	90.727752	43.136638	117.360053	-45.783229	113.410267	103.661712	100.755547	20.514495	72.368900	-138.179365	74.371516	-248.074446	0.178616	406.041279	0.321359	-195.504000	0.000000	72.737522	0.322031	-384.624000	0.000000	-1.976000	0.000000	65.896000	0.000000	123.875000	0.000000	-195.267000	0.000000	66.843000	0.000000	-115.378000	0.000000	-98.042000	0.000000	-51.739000	0.000000	-341.974000	0.000000	-119.067000	0.000000	81.684000	0.000000

2024-09-09	12:50:46	1725879046.741323	-43177.998267	-0.044311	-0.154283	-6.443567	241.125943	-134.433241	231.653984	202.433090	269.568628	230.188667	329.085601	1.531957	162.853346	27.483540	191.743414	16.977252	63.916074	-138.725713	64.512570	-248.274343	0.181254	406.158071	0.149763	-195.504000	0.000000	72.960372	0.322901	-384.624000	0.000000	-1.976000	0.000000	65.896000	0.000000	123.875000	0.000000	-195.267000	0.000000	66.843000	0.000000	-115.378000	0.000000	-98.042000	0.000000	-51.739000	0.000000	-341.974000	0.000000	-119.067000	0.000000	81.684000	0.000000

2024-09-09	12:50:47	1725879047.742745	-43176.996845	-0.044311	-0.154283	188.416378	175.738889	-310.138027	155.862050	372.982412	239.940070	80.128329	242.619052	-0.288817	129.839899	43.169604	122.855226	37.323460	40.357193	-160.857120	40.684975	-248.336703	0.215843	406.134093	0.262786	-195.504000	0.000000	72.926057	0.231847	-384.624000	0.000000	-1.976000	0.000000	65.896000	0.000000	123.875000	0.000000	-195.267000	0.000000	66.843000	0.000000	-115.378000	0.000000	-98.042000	0.000000	-51.739000	0.000000	-341.974000	0.000000	-119.067000	0.000000	81.684000	0.000000

2024-09-09	12:50:48	1725879048.742173	-43175.997417	-0.044311	-0.154283	81.494577	199.773946	-214.373134	232.824347	162.846491	310.367814	301.077706	373.691826	17.112896	107.441618	29.906956	107.664683	46.489492	37.072934	-165.324342	37.357693	-248.441073	0.164838	405.843914	0.177043	-195.504000	0.000000	72.774531	0.193122	-384.624000	0.000000	-1.976000	0.000000	65.896000	0.000000	123.875000	0.000000	-195.267000	0.000000	66.843000	0.000000	-115.378000	0.000000	-98.042000	0.000000	-51.739000	0.000000	-341.974000	0.000000	-119.067000	0.000000	81.684000	0.000000

2024-09-09	12:50:49	1725879049.742596	-43174.996994	-0.044311	-0.154283	144.742581	219.591599	-279.464291	232.457360	468.408941	119.033157	-16.022245	207.471184	-14.549320	86.095378	54.795668	89.336412	23.759143	51.986761	-146.193282	59.293173	-248.396659	0.186219	405.526826	0.129307	-195.504000	0.000000	73.160283	0.324671	-384.624000	0.000000	-1.976000	0.000000	65.896000	0.000000	123.875000	0.000000	-195.267000	0.000000	66.843000	0.000000	-115.378000	0.000000	-98.042000	0.000000	-51.739000	0.000000	-341.974000	0.000000	-119.067000	0.000000	81.684000	0.000000

2024-09-09	12:50:50	1725879050.742019	-43173.997571	-0.044311	-0.154283	64.034768	365.204902	-183.084690	344.283485	179.164594	144.865524	269.193239	181.037864	-28.499661	138.227142	56.686840	144.713449	30.898961	55.622081	-149.331881	55.402135	-248.207076	0.177275	405.749824	0.218077	-195.504000	0.000000	73.055191	0.255973	-384.624000	0.000000	-1.976000	0.000000	65.896000	0.000000	123.875000	0.000000	-195.267000	0.000000	66.843000	0.000000	-115.378000	0.000000	-98.042000	0.000000	-51.739000	0.000000	-341.974000	0.000000	-119.067000	0.000000	81.684000	0.000000

2024-09-09	12:50:51	1725879051.742442	-43172.997148	-0.044311	-0.134420	66.122927	127.049734	-194.956808	118.622354	393.266532	213.179021	72.912925	135.034910	-7.200545	68.312058	55.434760	86.935722	-8.073786	87.758471	-113.916453	79.862105	-248.240073	0.430830	405.474993	0.267846	-195.504000	0.000000	72.736553	0.323154	-384.624000	0.000000	-1.976000	0.000000	65.896000	0.000000	123.875000	0.000000	-195.267000	0.000000	66.843000	0.000000	-115.378000	0.000000	-98.042000	0.000000	-51.739000	0.000000	-341.974000	0.000000	-119.067000	0.000000	81.684000	0.000000

2024-09-09	12:50:52	1725879052.741867	-43171.997724	-0.044311	-0.134420	-72.685729	175.810296	-51.356163	202.001520	295.040020	113.988800	167.728988	172.957098	-15.575920	137.803543	69.417788	126.065380	65.303520	51.493961	-184.079038	46.817982	-248.700130	0.436147	405.450177	0.164677	-195.504000	0.000000	72.753685	0.337722	-384.624000	0.000000	-1.976000	0.000000	65.896000	0.000000	123.875000	0.000000	-195.267000	0.000000	66.843000	0.000000	-115.378000	0.000000	-98.042000	0.000000	-51.739000	0.000000	-341.974000	0.000000	-119.067000	0.000000	81.684000	0.000000

2024-09-09	12:50:53	1725879053.742288	-43170.997302	-0.044311	-0.134420	132.456319	223.992614	-249.355958	215.499566	315.717072	224.354188	165.548838	182.498500	70.306696	165.313620	-14.884375	179.179976	81.936311	51.216442	-199.064424	43.414734	-248.272999	0.196411	405.548958	0.160408	-195.504000	0.000000	73.031215	0.185429	-384.624000	0.000000	-1.976000	0.000000	65.896000	0.000000	123.875000	0.000000	-195.267000	0.000000	66.843000	0.000000	-115.378000	0.000000	-98.042000	0.000000	-51.739000	0.000000	-341.974000	0.000000	-119.067000	0.000000	81.684000	0.000000

2024-09-09	12:50:54	1725879054.743710	-43169.995880	-0.044311	-0.134420	15.177952	137.858099	-147.442422	98.245072	414.311786	139.896373	41.073146	71.747962	-41.864211	72.320185	75.414191	66.670814	29.100252	77.935581	-153.024492	71.614273	-248.235394	0.163831	405.786223	0.376927	-195.504000	0.000000	73.018187	0.239964	-384.624000	0.000000	-1.976000	0.000000	65.896000	0.000000	123.875000	0.000000	-195.267000	0.000000	66.843000	0.000000	-115.378000	0.000000	-98.042000	0.000000	-51.739000	0.000000	-341.974000	0.000000	-119.067000	0.000000	81.684000	0.000000

2024-09-09	12:50:55	1725879055.743134	-43168.996456	-0.044311	-0.134420	7.605121	226.339741	-146.146799	223.090097	334.024078	251.593713	93.361338	235.947662	22.946772	110.844725	17.113085	92.476797	42.890692	97.288681	-162.847197	88.299581	-248.398581	0.142231	406.252236	0.149664	-195.504000	0.000000	72.813656	0.187157	-384.624000	0.000000	-1.976000	0.000000	65.896000	0.000000	123.875000	0.000000	-195.267000	0.000000	66.843000	0.000000	-115.378000	0.000000	-98.042000	0.000000	-51.739000	0.000000	-341.974000	0.000000	-119.067000	0.000000	81.684000	0.000000

2024-09-09	12:50:56	1725879056.743556	-43167.996034	-0.044311	-0.134420	159.730410	416.994715	-284.770453	433.420697	182.856752	118.454754	276.090041	128.268992	-48.493305	151.159302	78.680632	135.144517	10.922580	49.825034	-135.420034	50.584834	-248.770110	0.172255	405.977848	0.161444	-195.504000	0.000000	73.030178	0.155022	-384.624000	0.000000	-1.976000	0.000000	65.896000	0.000000	123.875000	0.000000	-195.267000	0.000000	66.843000	0.000000	-115.378000	0.000000	-98.042000	0.000000	-51.739000	0.000000	-341.974000	0.000000	-119.067000	0.000000	81.684000	0.000000

2024-09-09	12:50:57	1725879057.742980	-43166.996610	-0.044311	-0.134420	206.643376	157.630395	-334.772171	147.641018	319.370813	89.331744	141.381056	101.343257	-17.925812	109.191178	62.679961	108.458655	16.264654	35.640684	-136.333973	39.944172	-248.495611	0.226211	406.086340	0.253329	-195.504000	0.000000	72.977340	0.232700	-384.624000	0.000000	-1.976000	0.000000	65.896000	0.000000	123.875000	0.000000	-195.267000	0.000000	66.843000	0.000000	-115.378000	0.000000	-98.042000	0.000000	-51.739000	0.000000	-341.974000	0.000000	-119.067000	0.000000	81.684000	0.000000

2024-09-09	12:50:58	1725879058.743402	-43165.996188	-0.044311	-0.134420	65.365257	176.059797	-188.086686	179.300415	316.007673	155.116171	161.626925	127.323005	28.772305	70.015786	32.051874	108.156090	60.473039	55.644518	-180.629417	44.428458	-247.889604	0.171981	406.061301	0.122325	-195.504000	0.000000	72.999984	0.272823	-384.624000	0.000000	-1.976000	0.000000	65.896000	0.000000	123.875000	0.000000	-195.267000	0.000000	66.843000	0.000000	-115.378000	0.000000	-98.042000	0.000000	-51.739000	0.000000	-341.974000	0.000000	-119.067000	0.000000	81.684000	0.000000

2024-09-09	12:50:59	1725879059.742826	-43164.996764	-0.044311	-0.141039	-32.155062	122.173504	-99.889974	120.900956	248.151407	173.903737	194.505074	193.891903	-68.781498	149.433442	102.908444	139.373981	-14.915152	51.190379	-106.273280	43.542841	-247.716691	0.164759	406.339099	0.257232	-195.504000	0.000000	73.071260	0.241746	-384.624000	0.000000	-1.976000	0.000000	65.896000	0.000000	123.875000	0.000000	-195.267000	0.000000	66.843000	0.000000	-115.378000	0.000000	-98.042000	0.000000	-51.739000	0.000000	-341.974000	0.000000	-119.067000	0.000000	81.684000	0.000000

2024-09-09	12:51:00	1725879060.743249	-43163.996341	-0.044311	-0.141039	253.865861	188.021990	-376.009956	202.485863	368.257710	142.417575	95.928497	170.999158	19.412432	152.994290	27.309944	148.094987	38.530549	68.963321	-159.563482	70.247152	-248.052503	0.173274	405.527094	0.175760	-195.504000	0.000000	73.379794	0.226744	-384.624000	0.000000	-1.976000	0.000000	65.896000	0.000000	123.875000	0.000000	-195.267000	0.000000	66.843000	0.000000	-115.378000	0.000000	-98.042000	0.000000	-51.739000	0.000000	-341.974000	0.000000	-119.067000	0.000000	81.684000	0.000000

2024-09-09	12:51:01	1725879061.743671	-43162.995919	-0.044311	-0.141039	20.303098	187.727563	-145.045819	218.828399	143.071092	150.288025	305.464606	154.795381	-47.302800	98.942880	85.352824	101.613739	75.291650	48.205626	-191.787084	46.622163	-248.164003	0.278581	405.550410	0.163785	-195.504000	0.000000	72.954642	0.578041	-384.624000	0.000000	-1.976000	0.000000	65.896000	0.000000	123.875000	0.000000	-195.267000	0.000000	66.843000	0.000000	-115.378000	0.000000	-98.042000	0.000000	-51.739000	0.000000	-341.974000	0.000000	-119.067000	0.000000	81.684000	0.000000

2024-09-09	12:51:02	1725879062.743113	-43161.996477	-0.044311	-0.141039	-133.195158	51.589901	8.993934	68.629512	325.532291	145.416851	125.053287	119.572744	39.950775	200.852853	0.300518	158.364177	19.244151	46.074647	-141.650122	41.563091	-248.327188	0.250699	405.984722	0.301848	-195.504000	0.000000	73.268559	0.253078	-384.624000	0.000000	-1.976000	0.000000	65.896000	0.000000	123.875000	0.000000	-195.267000	0.000000	66.843000	0.000000	-115.378000	0.000000	-98.042000	0.000000	-51.739000	0.000000	-341.974000	0.000000	-119.067000	0.000000	81.684000	0.000000

2024-09-09	12:51:03	1725879063.743024	-43160.996566	-0.044311	-0.141039	185.824513	246.046471	-335.415543	287.854438	276.455093	169.019838	162.677704	116.058849	1.482577	103.435410	29.174167	116.948575	18.122632	100.755084	-139.916689	99.334338	-248.184694	0.232688	405.886635	0.151423	-195.504000	0.000000	73.431337	0.245915	-384.624000	0.000000	-1.976000	0.000000	65.896000	0.000000	123.875000	0.000000	-195.267000	0.000000	66.843000	0.000000	-115.378000	0.000000	-98.042000	0.000000	-51.739000	0.000000	-341.974000	0.000000	-119.067000	0.000000	81.684000	0.000000

2024-09-09	12:51:04	1725879064.744447	-43159.995143	-0.044311	-0.141039	-162.397668	400.762879	69.516895	387.133168	408.685808	321.163248	96.542291	297.070281	5.506605	101.852844	57.198097	119.276745	44.534742	96.283640	-164.099191	86.435749	-247.755651	0.158235	405.741768	0.210462	-195.504000	0.000000	72.834879	0.342767	-384.624000	0.000000	-1.976000	0.000000	65.896000	0.000000	123.875000	0.000000	-195.267000	0.000000	66.843000	0.000000	-115.378000	0.000000	-98.042000	0.000000	-51.739000	0.000000	-341.974000	0.000000	-119.067000	0.000000	81.684000	0.000000

2024-09-09	12:51:05	1725879065.743870	-43158.995720	-0.044311	-0.141039	28.662265	122.953228	-168.568158	120.389476	305.999239	115.413580	126.693023	135.520611	-14.709428	49.887370	49.555864	85.864989	34.887252	38.510021	-155.976715	45.077640	-247.796229	0.211005	405.888551	0.225079	-195.504000	0.000000	72.267253	0.433897	-384.624000	0.000000	-1.976000	0.000000	65.896000	0.000000	123.875000	0.000000	-195.267000	0.000000	66.843000	0.000000	-115.378000	0.000000	-98.042000	0.000000	-51.739000	0.000000	-341.974000	0.000000	-119.067000	0.000000	81.684000	0.000000

2024-09-09	12:51:06	1725879066.744293	-43157.995297	-0.044311	-0.127801	17.970761	210.214769	-152.236526	230.049887	314.918097	161.285324	141.334882	125.445180	-4.678348	159.673586	48.655344	146.648154	14.786597	64.737302	-134.131473	64.378567	-247.902784	0.283235	405.910659	0.244314	-195.504000	0.000000	73.035208	0.408833	-384.624000	0.000000	-1.976000	0.000000	65.896000	0.000000	123.875000	0.000000	-195.267000	0.000000	66.843000	0.000000	-115.378000	0.000000	-98.042000	0.000000	-51.739000	0.000000	-341.974000	0.000000	-119.067000	0.000000	81.684000	0.000000

2024-09-09	12:51:07	1725879067.744716	-43156.994874	-0.044311	-0.127801	135.327341	162.257443	-264.826324	141.088068	347.830271	142.422441	101.444237	157.993708	4.865604	89.814713	30.152102	67.805612	77.636904	32.044366	-200.568383	33.188172	-248.355488	0.140105	405.991967	0.203521	-195.504000	0.000000	73.322304	0.256605	-384.624000	0.000000	-1.976000	0.000000	65.896000	0.000000	123.875000	0.000000	-195.267000	0.000000	66.843000	0.000000	-115.378000	0.000000	-98.042000	0.000000	-51.739000	0.000000	-341.974000	0.000000	-119.067000	0.000000	81.684000	0.000000

2024-09-09	12:51:08	1725879068.745139	-43155.994451	-0.044311	-0.127801	109.138242	121.664668	-232.608007	126.875835	351.139460	154.870019	104.185195	179.861144	18.643688	122.620978	26.168256	121.532521	6.824847	39.285944	-126.364528	33.915115	-248.413024	0.269522	405.974190	0.200996	-195.504000	0.000000	73.206044	0.221293	-384.624000	0.000000	-1.976000	0.000000	65.896000	0.000000	123.875000	0.000000	-195.267000	0.000000	66.843000	0.000000	-115.378000	0.000000	-98.042000	0.000000	-51.739000	0.000000	-341.974000	0.000000	-119.067000	0.000000	81.684000	0.000000

2024-09-09	12:51:09	1725879069.745286	-43154.994304	-0.044311	-0.127801	-44.032220	225.446471	-85.763621	241.225468	186.976095	188.559897	269.974114	219.524047	-5.961636	62.873768	39.863453	81.659654	-8.126546	14.166932	-114.284682	9.633520	-248.113463	0.222866	405.940279	0.176410	-195.504000	0.000000	73.007912	0.317969	-384.624000	0.000000	-1.976000	0.000000	65.896000	0.000000	123.875000	0.000000	-195.267000	0.000000	66.843000	0.000000	-115.378000	0.000000	-98.042000	0.000000	-51.739000	0.000000	-341.974000	0.000000	-119.067000	0.000000	81.684000	0.000000

2024-09-09	12:51:10	1725879070.745691	-43153.993899	-0.044311	-0.127801	166.636848	215.946575	-285.278112	191.021829	280.785320	126.831143	176.675370	146.571555	-39.854719	122.724092	90.780190	108.799805	64.630797	70.037263	-182.734479	74.570919	-248.403335	0.228143	405.807739	0.344600	-195.504000	0.000000	73.227134	0.245686	-384.624000	0.000000	-1.976000	0.000000	65.896000	0.000000	123.875000	0.000000	-195.267000	0.000000	66.843000	0.000000	-115.378000	0.000000	-98.042000	0.000000	-51.739000	0.000000	-341.974000	0.000000	-119.067000	0.000000	81.684000	0.000000

2024-09-09	12:51:11	1725879071.745115	-43152.994475	-0.044311	-0.127801	-7.914414	207.848388	-121.734357	222.319284	252.015353	128.408303	223.231383	145.583789	40.427348	62.683414	11.354354	47.198666	32.651354	48.723027	-154.590568	53.392849	-248.309247	0.215491	406.126967	0.350985	-195.504000	0.000000	73.400878	0.304012	-384.624000	0.000000	-1.976000	0.000000	65.896000	0.000000	123.875000	0.000000	-195.267000	0.000000	66.843000	0.000000	-115.378000	0.000000	-98.042000	0.000000	-51.739000	0.000000	-341.974000	0.000000	-119.067000	0.000000	81.684000	0.000000

2024-09-09	12:51:12	1725879072.745538	-43151.994052	-0.044311	-0.127801	84.047304	67.660598	-203.456534	67.886134	258.062685	173.556897	206.771588	215.976490	31.342510	96.297562	12.589917	93.291778	45.906852	15.157507	-166.494858	18.893106	-248.303463	0.199136	405.638929	0.155837	-195.504000	0.000000	73.103180	0.246506	-384.624000	0.000000	-1.976000	0.000000	65.896000	0.000000	123.875000	0.000000	-195.267000	0.000000	66.843000	0.000000	-115.378000	0.000000	-98.042000	0.000000	-51.739000	0.000000	-341.974000	0.000000	-119.067000	0.000000	81.684000	0.000000

2024-09-09	12:51:13	1725879073.744961	-43150.994629	-0.044311	-0.127801	-67.858522	135.538804	-57.936924	158.149762	425.367474	251.020199	31.219798	255.253521	19.372960	64.973174	24.626852	40.200127	15.525704	39.413000	-134.997217	40.571667	-248.310727	0.168348	405.764061	0.181445	-195.504000	0.000000	73.314794	0.203043	-384.624000	0.000000	-1.976000	0.000000	65.896000	0.000000	123.875000	0.000000	-195.267000	0.000000	66.843000	0.000000	-115.378000	0.000000	-98.042000	0.000000	-51.739000	0.000000	-341.974000	0.000000	-119.067000	0.000000	81.684000	0.000000

