Date/C:Time:TimeStamp/D:time:VMeas:IMeas:I_00:DI_00:I_01:DI_01:I_02:DI_02:I_03:DI_03:I_04:DI_04:I_05:DI_05:I_06:DI_06:I_07:DI_07:I_08:DI_08:I_09:DI_09:I_10:DI_10:I_11:DI_11:I_12:DI_12:I_13:DI_13:I_14:DI_14:I_15:DI_15:I_16:DI_16:I_17:DI_17:I_18:DI_18:I_19:DI_19:I_20:DI_20:I_21:DI_21:I_22:DI_22:I_23:DI_23
2024-08-26	13:24:43	1724671483.569576	-43200.000000	-0.044311	-0.207240	-30.120837	133.579223	-166.487964	129.284178	310.466710	147.556479	180.444631	203.473822	-10.682142	85.186936	25.530013	103.963200	-233.015093	93.730537	76.541519	97.461092	-241.826936	0.179373	418.090821	0.222744	-195.504000	0.000000	51.677860	2.034539	-384.624000	0.000000	-1.976000	0.000000	65.896000	0.000000	123.875000	0.000000	-195.267000	0.000000	66.843000	0.000000	-115.378000	0.000000	-98.042000	0.000000	-51.739000	0.000000	-341.974000	0.000000	-119.067000	0.000000	81.684000	0.000000

2024-08-26	13:24:44	1724671484.576008	-43198.993568	-0.044311	-0.207240	-157.682087	322.050617	-21.016818	319.074182	353.814970	134.636757	143.318484	131.774073	-74.277729	79.322189	79.565053	77.940525	-233.567808	88.734368	74.796849	78.964904	-242.018695	0.194548	417.967749	0.231843	-195.504000	0.000000	47.944092	2.881949	-384.624000	0.000000	-1.976000	0.000000	65.896000	0.000000	123.875000	0.000000	-195.267000	0.000000	66.843000	0.000000	-115.378000	0.000000	-98.042000	0.000000	-51.739000	0.000000	-341.974000	0.000000	-119.067000	0.000000	81.684000	0.000000

2024-08-26	13:24:45	1724671485.576421	-43197.993155	-0.044311	-0.207240	239.227959	169.965153	-441.156646	165.483309	257.056204	145.125344	215.503336	155.556455	-139.243945	99.508236	150.469528	101.411204	-223.606561	56.545714	64.823013	57.261145	-242.060718	0.165762	418.155323	0.240072	-195.504000	0.000000	49.710994	2.588877	-384.624000	0.000000	-1.976000	0.000000	65.896000	0.000000	123.875000	0.000000	-195.267000	0.000000	66.843000	0.000000	-115.378000	0.000000	-98.042000	0.000000	-51.739000	0.000000	-341.974000	0.000000	-119.067000	0.000000	81.684000	0.000000

2024-08-26	13:24:46	1724671486.568835	-43197.000741	-0.044311	-0.207240	-21.432558	201.876879	-181.528207	193.524266	307.377152	84.553399	181.353294	54.415151	-54.550677	85.111629	58.179765	55.915347	-207.249145	37.841707	51.707992	33.285703	-242.289473	0.232927	418.205185	0.251515	-195.504000	0.000000	52.033324	2.342409	-384.624000	0.000000	-1.976000	0.000000	65.896000	0.000000	123.875000	0.000000	-195.267000	0.000000	66.843000	0.000000	-115.378000	0.000000	-98.042000	0.000000	-51.739000	0.000000	-341.974000	0.000000	-119.067000	0.000000	81.684000	0.000000

2024-08-26	13:24:47	1724671487.573793	-43195.995783	-0.044311	-0.207240	-86.461897	142.213753	-111.950177	149.792310	295.078835	129.378613	189.885254	135.806330	-73.942417	99.179938	76.962306	91.205044	-235.747382	30.037625	75.248862	28.725953	-242.357325	0.193372	418.113938	0.261025	-195.504000	0.000000	49.308979	2.656729	-384.624000	0.000000	-1.976000	0.000000	65.896000	0.000000	123.875000	0.000000	-195.267000	0.000000	66.843000	0.000000	-115.378000	0.000000	-98.042000	0.000000	-51.739000	0.000000	-341.974000	0.000000	-119.067000	0.000000	81.684000	0.000000

2024-08-26	13:24:48	1724671488.576210	-43194.993366	-0.044311	-0.174143	77.513926	135.393841	-273.535107	136.998484	230.425985	97.519065	261.104129	104.744609	-90.920585	78.570525	107.261382	67.657077	-235.346221	33.792557	75.431899	28.090044	-242.253549	0.218212	418.309404	0.281547	-195.504000	0.000000	44.867519	3.567887	-384.624000	0.000000	-1.976000	0.000000	65.896000	0.000000	123.875000	0.000000	-195.267000	0.000000	66.843000	0.000000	-115.378000	0.000000	-98.042000	0.000000	-51.739000	0.000000	-341.974000	0.000000	-119.067000	0.000000	81.684000	0.000000

2024-08-26	13:24:49	1724671489.575646	-43193.993930	-0.044311	-0.174143	-66.158584	77.630569	-146.638349	56.423559	239.220153	92.905917	222.260989	98.358178	-158.693468	66.569939	147.166342	82.375728	-222.347478	21.665207	57.294987	22.116797	-242.257030	0.215930	418.173029	0.340764	-195.504000	0.000000	46.579177	2.947420	-384.624000	0.000000	-1.976000	0.000000	65.896000	0.000000	123.875000	0.000000	-195.267000	0.000000	66.843000	0.000000	-115.378000	0.000000	-98.042000	0.000000	-51.739000	0.000000	-341.974000	0.000000	-119.067000	0.000000	81.684000	0.000000

2024-08-26	13:24:50	1724671490.576057	-43192.993519	-0.044311	-0.174143	14.156875	73.010148	-196.244411	90.018111	362.329787	129.996320	129.122997	86.596842	-3.518258	102.364355	22.112581	123.196494	-233.017669	51.643305	77.818745	47.785093	-242.203602	0.463337	417.998624	0.209521	-195.504000	0.000000	49.752342	3.413067	-384.624000	0.000000	-1.976000	0.000000	65.896000	0.000000	123.875000	0.000000	-195.267000	0.000000	66.843000	0.000000	-115.378000	0.000000	-98.042000	0.000000	-51.739000	0.000000	-341.974000	0.000000	-119.067000	0.000000	81.684000	0.000000

2024-08-26	13:24:51	1724671491.566475	-43192.003101	-0.044311	-0.174143	121.410292	103.490549	-324.617648	108.621358	206.918202	154.087790	262.304547	143.526497	-139.798673	125.255066	140.211952	105.717609	-241.314341	56.311335	82.153320	50.693121	-242.073061	0.188406	418.359097	0.220636	-195.504000	0.000000	52.843875	2.568302	-384.624000	0.000000	-1.976000	0.000000	65.896000	0.000000	123.875000	0.000000	-195.267000	0.000000	66.843000	0.000000	-115.378000	0.000000	-98.042000	0.000000	-51.739000	0.000000	-341.974000	0.000000	-119.067000	0.000000	81.684000	0.000000

2024-08-26	13:24:52	1724671492.580967	-43190.988609	-0.044311	-0.174143	-183.186572	140.084302	-9.069515	125.248896	271.365733	111.344394	230.227336	119.364437	-5.702425	89.638176	14.591887	89.662409	-208.095076	49.918476	50.423805	53.306147	-242.201300	0.180510	418.357677	0.214897	-195.504000	0.000000	50.549002	2.813907	-384.624000	0.000000	-1.976000	0.000000	65.896000	0.000000	123.875000	0.000000	-195.267000	0.000000	66.843000	0.000000	-115.378000	0.000000	-98.042000	0.000000	-51.739000	0.000000	-341.974000	0.000000	-119.067000	0.000000	81.684000	0.000000

2024-08-26	13:24:53	1724671493.572392	-43189.997184	-0.044311	-0.174143	48.211942	150.771814	-248.829925	133.792228	316.243867	122.558318	162.140983	134.411898	-77.315824	120.827022	84.844873	108.696529	-247.867947	45.986844	86.673579	31.657583	-242.197293	0.127608	417.855206	0.193884	-195.504000	0.000000	48.213658	2.157957	-384.624000	0.000000	-1.976000	0.000000	65.896000	0.000000	123.875000	0.000000	-195.267000	0.000000	66.843000	0.000000	-115.378000	0.000000	-98.042000	0.000000	-51.739000	0.000000	-341.974000	0.000000	-119.067000	0.000000	81.684000	0.000000

2024-08-26	13:24:54	1724671494.568813	-43189.000763	-0.044311	-0.187380	71.842236	160.686144	-269.800735	180.389198	299.596512	92.116092	178.904500	138.156321	-86.467393	79.292029	94.528177	48.227529	-233.489430	42.241413	72.853222	34.546359	-242.185521	0.163588	417.833061	0.130241	-195.504000	0.000000	52.943644	2.122084	-384.624000	0.000000	-1.976000	0.000000	65.896000	0.000000	123.875000	0.000000	-195.267000	0.000000	66.843000	0.000000	-115.378000	0.000000	-98.042000	0.000000	-51.739000	0.000000	-341.974000	0.000000	-119.067000	0.000000	81.684000	0.000000

2024-08-26	13:24:55	1724671495.570232	-43187.999344	-0.044311	-0.187380	-157.708630	123.563705	-40.842352	81.159038	239.175493	121.062773	226.997233	85.950194	-81.302024	122.618860	80.520733	81.066000	-230.748371	23.796531	71.628153	19.819058	-242.560224	0.170918	417.452814	0.178602	-195.504000	0.000000	48.262884	3.116991	-384.624000	0.000000	-1.976000	0.000000	65.896000	0.000000	123.875000	0.000000	-195.267000	0.000000	66.843000	0.000000	-115.378000	0.000000	-98.042000	0.000000	-51.739000	0.000000	-341.974000	0.000000	-119.067000	0.000000	81.684000	0.000000

2024-08-26	13:24:56	1724671496.576647	-43186.992929	-0.044311	-0.187380	205.657396	204.659097	-399.326085	184.245353	399.568570	167.732117	91.865537	154.699254	-107.286320	98.544222	113.637193	107.105314	-194.049227	61.150723	36.873902	58.104566	-242.219130	0.249774	417.630304	0.196993	-195.504000	0.000000	52.306208	2.996732	-384.624000	0.000000	-1.976000	0.000000	65.896000	0.000000	123.875000	0.000000	-195.267000	0.000000	66.843000	0.000000	-115.378000	0.000000	-98.042000	0.000000	-51.739000	0.000000	-341.974000	0.000000	-119.067000	0.000000	81.684000	0.000000

2024-08-26	13:24:57	1724671497.576071	-43185.993505	-0.044311	-0.187380	-170.085393	213.238045	-27.025461	219.648442	236.419534	94.334583	246.694046	95.197952	-95.745481	97.618912	103.348452	100.611655	-239.832946	63.707680	80.015860	61.502198	-242.136297	0.198807	418.214996	0.238345	-195.504000	0.000000	49.463724	2.759722	-384.624000	0.000000	-1.976000	0.000000	65.896000	0.000000	123.875000	0.000000	-195.267000	0.000000	66.843000	0.000000	-115.378000	0.000000	-98.042000	0.000000	-51.739000	0.000000	-341.974000	0.000000	-119.067000	0.000000	81.684000	0.000000

2024-08-26	13:24:58	1724671498.583948	-43184.985628	-0.044311	-0.187380	-156.850235	107.587701	-41.785807	78.658803	322.488233	125.943652	158.441716	88.311908	-65.476090	80.290997	66.602750	89.222724	-232.166289	49.351383	68.014627	47.292629	-242.183223	0.284756	417.887917	0.176361	-195.504000	0.000000	49.206213	1.975568	-384.624000	0.000000	-1.976000	0.000000	65.896000	0.000000	123.875000	0.000000	-195.267000	0.000000	66.843000	0.000000	-115.378000	0.000000	-98.042000	0.000000	-51.739000	0.000000	-341.974000	0.000000	-119.067000	0.000000	81.684000	0.000000

2024-08-26	13:24:59	1724671499.571375	-43183.998201	-0.044311	-0.187380	105.283690	99.368627	-284.196648	120.084396	244.396517	98.075389	244.460652	129.747808	-84.987836	87.230289	102.064358	101.285487	-231.616138	82.823374	79.632626	70.830006	-242.456276	0.183784	417.914443	0.249291	-195.504000	0.000000	50.953272	2.531662	-384.624000	0.000000	-1.976000	0.000000	65.896000	0.000000	123.875000	0.000000	-195.267000	0.000000	66.843000	0.000000	-115.378000	0.000000	-98.042000	0.000000	-51.739000	0.000000	-341.974000	0.000000	-119.067000	0.000000	81.684000	0.000000

2024-08-26	13:25:00	1724671500.569796	-43182.999781	-0.044311	-0.187380	-70.716776	68.769230	-130.623035	60.396871	219.902028	83.982474	266.421150	95.600640	-93.651463	145.663341	99.971424	131.753066	-203.924035	36.461440	44.113886	40.969508	-242.236870	0.154402	418.240855	0.171488	-195.504000	0.000000	47.908982	2.339728	-384.624000	0.000000	-1.976000	0.000000	65.896000	0.000000	123.875000	0.000000	-195.267000	0.000000	66.843000	0.000000	-115.378000	0.000000	-98.042000	0.000000	-51.739000	0.000000	-341.974000	0.000000	-119.067000	0.000000	81.684000	0.000000

2024-08-26	13:25:01	1724671501.568216	-43182.001360	-0.044311	-0.187380	159.651016	224.082912	-368.625228	233.577724	312.401556	96.488547	161.725432	119.391423	-109.230813	59.550238	109.835134	68.552076	-228.559713	51.728229	66.626403	47.397493	-242.330033	0.143164	418.066871	0.317166	-195.504000	0.000000	49.753568	2.392271	-384.624000	0.000000	-1.976000	0.000000	65.896000	0.000000	123.875000	0.000000	-195.267000	0.000000	66.843000	0.000000	-115.378000	0.000000	-98.042000	0.000000	-51.739000	0.000000	-341.974000	0.000000	-119.067000	0.000000	81.684000	0.000000

2024-08-26	13:25:02	1724671502.576646	-43180.992930	-0.044311	-0.187380	-30.165294	201.827720	-159.192806	201.121420	329.863941	80.151426	164.293866	75.536492	-84.653659	99.453564	100.322901	71.089799	-249.227214	83.171875	94.093306	76.981141	-242.073124	0.161942	418.059723	0.275113	-195.504000	0.000000	50.329445	2.330554	-384.624000	0.000000	-1.976000	0.000000	65.896000	0.000000	123.875000	0.000000	-195.267000	0.000000	66.843000	0.000000	-115.378000	0.000000	-98.042000	0.000000	-51.739000	0.000000	-341.974000	0.000000	-119.067000	0.000000	81.684000	0.000000

2024-08-26	13:25:03	1724671503.567879	-43180.001698	-0.044311	-0.187380	-58.553157	204.206239	-138.270641	200.034254	293.171187	128.892384	168.792306	157.742644	-50.794561	76.304772	56.731228	77.934990	-224.014548	40.539062	64.171641	41.917736	-242.430890	0.129732	418.412908	0.170478	-195.504000	0.000000	49.134621	2.572104	-384.624000	0.000000	-1.976000	0.000000	65.896000	0.000000	123.875000	0.000000	-195.267000	0.000000	66.843000	0.000000	-115.378000	0.000000	-98.042000	0.000000	-51.739000	0.000000	-341.974000	0.000000	-119.067000	0.000000	81.684000	0.000000

2024-08-26	13:25:04	1724671504.569282	-43179.000294	-0.044311	-0.187380	0.239018	94.277806	-207.478730	74.991197	253.574677	101.001075	235.777566	100.316943	-105.363426	52.184477	109.036062	53.421644	-192.632045	54.178549	32.125158	54.611338	-242.065003	0.134994	418.167446	0.264985	-195.504000	0.000000	49.120589	1.879242	-384.624000	0.000000	-1.976000	0.000000	65.896000	0.000000	123.875000	0.000000	-195.267000	0.000000	66.843000	0.000000	-115.378000	0.000000	-98.042000	0.000000	-51.739000	0.000000	-341.974000	0.000000	-119.067000	0.000000	81.684000	0.000000

2024-08-26	13:25:05	1724671505.571700	-43177.997877	-0.044311	-0.187380	2.569532	110.227668	-199.001215	87.680108	270.354838	175.267237	201.061987	183.217869	-70.249904	75.098148	77.794061	114.044169	-260.583028	60.128868	95.823289	49.434897	-242.368230	0.256665	418.400355	0.152409	-195.504000	0.000000	46.958835	2.632489	-384.624000	0.000000	-1.976000	0.000000	65.896000	0.000000	123.875000	0.000000	-195.267000	0.000000	66.843000	0.000000	-115.378000	0.000000	-98.042000	0.000000	-51.739000	0.000000	-341.974000	0.000000	-119.067000	0.000000	81.684000	0.000000

2024-08-26	13:25:06	1724671506.576132	-43176.993444	-0.044311	-0.207240	188.850944	270.531474	-388.547608	246.842418	296.195619	132.073764	194.869579	172.690992	-137.715116	101.307289	132.945552	117.718819	-239.920928	20.964218	81.799233	11.210979	-242.018927	0.244452	418.088019	0.269188	-195.504000	0.000000	50.337650	2.191986	-384.624000	0.000000	-1.976000	0.000000	65.896000	0.000000	123.875000	0.000000	-195.267000	0.000000	66.843000	0.000000	-115.378000	0.000000	-98.042000	0.000000	-51.739000	0.000000	-341.974000	0.000000	-119.067000	0.000000	81.684000	0.000000

2024-08-26	13:25:07	1724671507.567541	-43176.002035	-0.044311	-0.207240	-206.941659	200.106799	13.353821	181.112145	301.578422	130.000058	161.930458	121.434577	-74.295879	120.580627	78.853913	119.159916	-237.243303	37.444769	74.832670	36.083423	-241.883182	0.236917	417.923644	0.111954	-195.504000	0.000000	49.847890	2.917837	-384.624000	0.000000	-1.976000	0.000000	65.896000	0.000000	123.875000	0.000000	-195.267000	0.000000	66.843000	0.000000	-115.378000	0.000000	-98.042000	0.000000	-51.739000	0.000000	-341.974000	0.000000	-119.067000	0.000000	81.684000	0.000000

2024-08-26	13:25:08	1724671508.569245	-43175.000331	-0.044311	-0.207240	-33.185789	208.745733	-164.094982	196.037178	264.898893	128.594804	220.353380	110.980580	-29.473147	103.680270	41.541217	96.021979	-218.598746	39.052233	56.032654	39.660334	-242.545372	0.297197	417.962733	0.143644	-195.504000	0.000000	46.028424	2.922483	-384.624000	0.000000	-1.976000	0.000000	65.896000	0.000000	123.875000	0.000000	-195.267000	0.000000	66.843000	0.000000	-115.378000	0.000000	-98.042000	0.000000	-51.739000	0.000000	-341.974000	0.000000	-119.067000	0.000000	81.684000	0.000000

2024-08-26	13:25:09	1724671509.577674	-43173.991902	-0.044311	-0.207240	-34.649787	145.516210	-172.815453	123.519685	292.579734	118.897255	181.374647	106.974764	-110.536411	136.706745	107.006049	137.673095	-211.683682	21.165449	50.495943	24.097593	-242.497438	0.218915	417.911472	0.140016	-195.504000	0.000000	51.365341	2.771103	-384.624000	0.000000	-1.976000	0.000000	65.896000	0.000000	123.875000	0.000000	-195.267000	0.000000	66.843000	0.000000	-115.378000	0.000000	-98.042000	0.000000	-51.739000	0.000000	-341.974000	0.000000	-119.067000	0.000000	81.684000	0.000000

2024-08-26	13:25:10	1724671510.569084	-43173.000493	-0.044311	-0.207240	146.333120	173.777673	-344.052734	189.255160	424.397720	108.905328	67.366712	113.341482	-49.194319	96.162259	60.516256	88.050799	-257.378796	38.138959	97.153085	38.311549	-242.290155	0.205216	417.715554	0.137716	-195.504000	0.000000	48.969248	3.018845	-384.624000	0.000000	-1.976000	0.000000	65.896000	0.000000	123.875000	0.000000	-195.267000	0.000000	66.843000	0.000000	-115.378000	0.000000	-98.042000	0.000000	-51.739000	0.000000	-341.974000	0.000000	-119.067000	0.000000	81.684000	0.000000

2024-08-26	13:25:11	1724671511.568504	-43172.001072	-0.044311	-0.207240	66.606054	98.310208	-283.939597	63.206617	205.067347	146.479653	268.000053	100.335454	-142.584544	163.955351	140.986583	132.048599	-252.424738	19.090998	86.285470	23.572228	-242.294209	0.216963	418.110840	0.209394	-195.504000	0.000000	47.142147	3.624476	-384.624000	0.000000	-1.976000	0.000000	65.896000	0.000000	123.875000	0.000000	-195.267000	0.000000	66.843000	0.000000	-115.378000	0.000000	-98.042000	0.000000	-51.739000	0.000000	-341.974000	0.000000	-119.067000	0.000000	81.684000	0.000000

2024-08-26	13:25:12	1724671512.582915	-43170.986661	-0.044311	-0.187380	-11.290265	112.905191	-166.434133	124.505123	324.793893	100.213897	181.872502	112.819046	-28.203507	138.713909	50.155791	131.856272	-216.872458	46.632510	62.991653	44.861763	-241.996153	0.210058	418.029268	0.232691	-195.504000	0.000000	48.885497	2.349867	-384.624000	0.000000	-1.976000	0.000000	65.896000	0.000000	123.875000	0.000000	-195.267000	0.000000	66.843000	0.000000	-115.378000	0.000000	-98.042000	0.000000	-51.739000	0.000000	-341.974000	0.000000	-119.067000	0.000000	81.684000	0.000000

2024-08-26	13:25:13	1724671513.579492	-43169.990084	-0.044311	-0.187380	-67.855798	148.108194	-129.647746	159.665031	250.166327	86.772247	202.348735	85.708519	-119.565255	106.423969	113.025449	109.449486	-234.904636	31.897924	75.286382	31.922756	-242.208511	0.182102	417.931768	0.173363	-195.504000	0.000000	49.038738	3.760855	-384.624000	0.000000	-1.976000	0.000000	65.896000	0.000000	123.875000	0.000000	-195.267000	0.000000	66.843000	0.000000	-115.378000	0.000000	-98.042000	0.000000	-51.739000	0.000000	-341.974000	0.000000	-119.067000	0.000000	81.684000	0.000000

2024-08-26	13:25:14	1724671514.576928	-43168.992648	-0.044311	-0.187380	-36.508910	137.480176	-163.958065	138.757441	325.215889	121.022917	179.546727	109.226495	-116.400902	113.207353	132.793371	106.253512	-195.011274	46.744026	40.312898	43.994510	-242.257856	0.116992	417.939880	0.252060	-195.504000	0.000000	49.885091	2.084475	-384.624000	0.000000	-1.976000	0.000000	65.896000	0.000000	123.875000	0.000000	-195.267000	0.000000	66.843000	0.000000	-115.378000	0.000000	-98.042000	0.000000	-51.739000	0.000000	-341.974000	0.000000	-119.067000	0.000000	81.684000	0.000000

2024-08-26	13:25:15	1724671515.568352	-43168.001225	-0.044311	-0.187380	-79.767077	140.557230	-128.092537	157.240055	203.905185	164.566341	274.453016	166.572507	-62.791328	92.555680	65.237574	76.481339	-265.902128	28.877540	102.016953	25.364803	-242.102727	0.239525	417.575619	0.259289	-195.504000	0.000000	51.123290	3.362928	-384.624000	0.000000	-1.976000	0.000000	65.896000	0.000000	123.875000	0.000000	-195.267000	0.000000	66.843000	0.000000	-115.378000	0.000000	-98.042000	0.000000	-51.739000	0.000000	-341.974000	0.000000	-119.067000	0.000000	81.684000	0.000000

2024-08-26	13:25:16	1724671516.572754	-43166.996822	-0.044311	-0.187380	14.721449	146.196469	-193.390136	133.445015	228.914145	106.862782	264.372697	115.084919	-41.204703	48.959471	52.179195	47.012581	-209.695864	49.482449	54.704891	58.572384	-242.461658	0.202180	417.822093	0.220834	-195.504000	0.000000	53.625264	1.889790	-384.624000	0.000000	-1.976000	0.000000	65.896000	0.000000	123.875000	0.000000	-195.267000	0.000000	66.843000	0.000000	-115.378000	0.000000	-98.042000	0.000000	-51.739000	0.000000	-341.974000	0.000000	-119.067000	0.000000	81.684000	0.000000

2024-08-26	13:25:17	1724671517.572174	-43165.997403	-0.044311	-0.187380	143.039720	112.603067	-352.015055	103.569304	279.722934	95.900074	183.317323	90.418205	-140.390117	98.152856	130.107118	100.115891	-221.302122	44.288889	54.762502	45.989590	-242.312054	0.248218	418.153310	0.368290	-195.504000	0.000000	46.878015	4.231057	-384.624000	0.000000	-1.976000	0.000000	65.896000	0.000000	123.875000	0.000000	-195.267000	0.000000	66.843000	0.000000	-115.378000	0.000000	-98.042000	0.000000	-51.739000	0.000000	-341.974000	0.000000	-119.067000	0.000000	81.684000	0.000000

2024-08-26	13:25:18	1724671518.573622	-43164.995955	-0.044311	-0.200625	61.348088	206.606866	-259.642768	213.963461	299.698798	69.244617	176.335523	71.841430	-73.239166	90.438524	79.311872	93.839741	-261.602752	38.648253	102.389698	34.680104	-241.643609	0.212921	417.828235	0.166171	-195.504000	0.000000	48.667458	2.251004	-384.624000	0.000000	-1.976000	0.000000	65.896000	0.000000	123.875000	0.000000	-195.267000	0.000000	66.843000	0.000000	-115.378000	0.000000	-98.042000	0.000000	-51.739000	0.000000	-341.974000	0.000000	-119.067000	0.000000	81.684000	0.000000

2024-08-26	13:25:19	1724671519.578053	-43163.991523	-0.044311	-0.200625	-172.588617	90.038477	-21.248147	96.037549	262.459200	52.117839	224.487206	103.041998	-110.062783	56.871440	118.906456	73.636981	-195.741330	37.781586	35.508845	42.690282	-242.015469	0.215320	417.768366	0.131031	-195.504000	0.000000	48.824780	3.473129	-384.624000	0.000000	-1.976000	0.000000	65.896000	0.000000	123.875000	0.000000	-195.267000	0.000000	66.843000	0.000000	-115.378000	0.000000	-98.042000	0.000000	-51.739000	0.000000	-341.974000	0.000000	-119.067000	0.000000	81.684000	0.000000

2024-08-26	13:25:20	1724671520.578472	-43162.991104	-0.044311	-0.200625	63.741773	223.860646	-263.960836	237.199020	336.480809	182.711047	145.138247	152.121830	-47.658228	85.414352	58.828367	66.958721	-221.344136	21.384306	61.682877	24.274232	-242.164877	0.119626	418.020517	0.153966	-195.504000	0.000000	50.349248	2.946875	-384.624000	0.000000	-1.976000	0.000000	65.896000	0.000000	123.875000	0.000000	-195.267000	0.000000	66.843000	0.000000	-115.378000	0.000000	-98.042000	0.000000	-51.739000	0.000000	-341.974000	0.000000	-119.067000	0.000000	81.684000	0.000000

2024-08-26	13:25:21	1724671521.567897	-43162.001679	-0.044311	-0.200625	-1.663056	124.878436	-184.510617	128.488047	225.330047	143.894620	259.530336	146.148065	-129.803906	124.081085	128.267304	119.775134	-251.502891	33.650368	90.956503	41.370727	-242.009288	0.167732	418.107539	0.189607	-195.504000	0.000000	51.718006	3.580030	-384.624000	0.000000	-1.976000	0.000000	65.896000	0.000000	123.875000	0.000000	-195.267000	0.000000	66.843000	0.000000	-115.378000	0.000000	-98.042000	0.000000	-51.739000	0.000000	-341.974000	0.000000	-119.067000	0.000000	81.684000	0.000000

2024-08-26	13:25:22	1724671522.570301	-43160.999276	-0.044311	-0.200625	-130.819126	180.015122	-77.663544	175.639281	308.102226	97.704600	175.704455	99.243924	-99.183971	57.928567	104.486814	59.456846	-197.402117	42.297443	37.168695	47.152142	-241.907316	0.194882	417.615188	0.123950	-195.504000	0.000000	51.372046	2.309968	-384.624000	0.000000	-1.976000	0.000000	65.896000	0.000000	123.875000	0.000000	-195.267000	0.000000	66.843000	0.000000	-115.378000	0.000000	-98.042000	0.000000	-51.739000	0.000000	-341.974000	0.000000	-119.067000	0.000000	81.684000	0.000000

2024-08-26	13:25:23	1724671523.576720	-43159.992856	-0.044311	-0.200625	63.109181	71.703930	-252.401050	59.033706	215.013909	95.800438	282.384896	85.163597	-78.795959	125.975987	97.407487	70.693501	-234.661678	39.911586	78.656245	38.328033	-241.862422	0.149815	417.562400	0.221252	-195.504000	0.000000	47.812210	2.790392	-384.624000	0.000000	-1.976000	0.000000	65.896000	0.000000	123.875000	0.000000	-195.267000	0.000000	66.843000	0.000000	-115.378000	0.000000	-98.042000	0.000000	-51.739000	0.000000	-341.974000	0.000000	-119.067000	0.000000	81.684000	0.000000

2024-08-26	13:25:24	1724671524.579060	-43158.990516	-0.044311	-0.187380	-110.025250	401.515855	-92.977340	398.503027	426.531824	142.134750	51.904471	173.237125	-64.919323	72.767548	75.617077	59.003797	-236.031986	36.026804	76.058343	36.983585	-241.925528	0.255003	417.555137	0.190063	-195.504000	0.000000	53.168517	2.728067	-384.624000	0.000000	-1.976000	0.000000	65.896000	0.000000	123.875000	0.000000	-195.267000	0.000000	66.843000	0.000000	-115.378000	0.000000	-98.042000	0.000000	-51.739000	0.000000	-341.974000	0.000000	-119.067000	0.000000	81.684000	0.000000

2024-08-26	13:25:25	1724671525.568486	-43158.001091	-0.044311	-0.187380	110.096593	179.968242	-320.353207	179.337167	206.192852	138.060496	269.615239	146.756473	-120.787649	98.632706	112.541731	70.376064	-249.767042	70.066234	86.234951	70.552534	-241.977492	0.182089	417.561298	0.343710	-195.504000	0.000000	49.439970	2.498577	-384.624000	0.000000	-1.976000	0.000000	65.896000	0.000000	123.875000	0.000000	-195.267000	0.000000	66.843000	0.000000	-115.378000	0.000000	-98.042000	0.000000	-51.739000	0.000000	-341.974000	0.000000	-119.067000	0.000000	81.684000	0.000000

2024-08-26	13:25:26	1724671526.577900	-43156.991676	-0.044311	-0.187380	12.550269	254.281956	-205.848021	231.623073	281.062657	139.905905	203.615917	142.491693	-41.259855	110.652247	55.823781	82.047462	-222.471472	56.482171	59.358355	47.394075	-242.305230	0.123999	417.291444	0.194577	-195.504000	0.000000	51.568171	3.570734	-384.624000	0.000000	-1.976000	0.000000	65.896000	0.000000	123.875000	0.000000	-195.267000	0.000000	66.843000	0.000000	-115.378000	0.000000	-98.042000	0.000000	-51.739000	0.000000	-341.974000	0.000000	-119.067000	0.000000	81.684000	0.000000

2024-08-26	13:25:27	1724671527.576330	-43155.993247	-0.044311	-0.187380	-117.984755	87.503265	-81.383989	123.883112	268.726719	214.425579	211.092827	177.442445	-79.475939	143.066134	75.489071	95.054841	-244.866559	83.128399	82.092833	76.317757	-242.014128	0.174850	417.488143	0.189537	-195.504000	0.000000	44.869851	2.160328	-384.624000	0.000000	-1.976000	0.000000	65.896000	0.000000	123.875000	0.000000	-195.267000	0.000000	66.843000	0.000000	-115.378000	0.000000	-98.042000	0.000000	-51.739000	0.000000	-341.974000	0.000000	-119.067000	0.000000	81.684000	0.000000

2024-08-26	13:25:28	1724671528.574740	-43154.994836	-0.044311	-0.187380	39.048093	86.597793	-231.692265	98.600870	351.764397	99.916909	124.883198	105.440897	-47.209811	63.303709	65.087364	64.169692	-217.661763	46.117550	57.015503	44.901829	-242.171984	0.290706	417.640601	0.224714	-195.504000	0.000000	48.531410	2.222552	-384.624000	0.000000	-1.976000	0.000000	65.896000	0.000000	123.875000	0.000000	-195.267000	0.000000	66.843000	0.000000	-115.378000	0.000000	-98.042000	0.000000	-51.739000	0.000000	-341.974000	0.000000	-119.067000	0.000000	81.684000	0.000000

2024-08-26	13:25:29	1724671529.573632	-43153.995944	-0.044311	-0.187380	29.939704	117.819959	-232.088882	136.747442	224.667753	181.730294	247.182885	185.066925	-137.031333	70.794729	126.736973	42.420090	-249.000159	54.935118	89.003330	59.398186	-241.976869	0.209788	417.591307	0.156884	-195.504000	0.000000	52.527163	3.203857	-384.624000	0.000000	-1.976000	0.000000	65.896000	0.000000	123.875000	0.000000	-195.267000	0.000000	66.843000	0.000000	-115.378000	0.000000	-98.042000	0.000000	-51.739000	0.000000	-341.974000	0.000000	-119.067000	0.000000	81.684000	0.000000

2024-08-26	13:25:30	1724671530.571052	-43152.998524	-0.044311	-0.200625	-65.935012	212.084531	-117.706632	193.355591	386.142513	147.303793	117.104358	169.441186	-50.774488	125.872697	74.520917	100.177946	-203.171817	41.627076	47.533106	35.590046	-241.976025	0.273019	417.415301	0.158240	-195.504000	0.000000	48.331030	5.697251	-384.624000	0.000000	-1.976000	0.000000	65.896000	0.000000	123.875000	0.000000	-195.267000	0.000000	66.843000	0.000000	-115.378000	0.000000	-98.042000	0.000000	-51.739000	0.000000	-341.974000	0.000000	-119.067000	0.000000	81.684000	0.000000

2024-08-26	13:25:31	1724671531.579466	-43151.990110	-0.044311	-0.200625	112.419495	186.858762	-324.383014	170.407751	239.651954	81.801245	222.761276	76.953074	-114.232278	116.650556	105.167269	106.747452	-254.401140	64.564285	86.798202	67.266642	-241.686569	0.206109	417.612110	0.153692	-195.504000	0.000000	48.038425	2.992667	-384.624000	0.000000	-1.976000	0.000000	65.896000	0.000000	123.875000	0.000000	-195.267000	0.000000	66.843000	0.000000	-115.378000	0.000000	-98.042000	0.000000	-51.739000	0.000000	-341.974000	0.000000	-119.067000	0.000000	81.684000	0.000000

2024-08-26	13:25:32	1724671532.569892	-43150.999684	-0.044311	-0.200625	-33.645177	213.105947	-153.275973	181.613979	266.060957	54.024691	220.980536	94.009599	-47.656588	70.603131	62.808388	56.003004	-200.956400	90.075533	42.896701	90.307529	-242.107961	0.245797	417.432094	0.229542	-195.504000	0.000000	51.707185	2.623512	-384.624000	0.000000	-1.976000	0.000000	65.896000	0.000000	123.875000	0.000000	-195.267000	0.000000	66.843000	0.000000	-115.378000	0.000000	-98.042000	0.000000	-51.739000	0.000000	-341.974000	0.000000	-119.067000	0.000000	81.684000	0.000000

2024-08-26	13:25:33	1724671533.568312	-43150.001264	-0.044311	-0.200625	-88.906230	212.814944	-122.833493	208.850844	271.207785	50.085823	210.907722	68.306341	-117.035346	85.445909	116.028775	73.165796	-236.705156	25.019709	72.502731	21.449843	-242.045405	0.311111	417.639761	0.273677	-195.504000	0.000000	48.458321	1.874112	-384.624000	0.000000	-1.976000	0.000000	65.896000	0.000000	123.875000	0.000000	-195.267000	0.000000	66.843000	0.000000	-115.378000	0.000000	-98.042000	0.000000	-51.739000	0.000000	-341.974000	0.000000	-119.067000	0.000000	81.684000	0.000000

2024-08-26	13:25:34	1724671534.584582	-43148.984994	-0.044311	-0.200625	75.479066	114.474611	-276.283823	130.314112	258.965512	97.082495	209.988173	79.594797	-144.457814	76.803111	152.373340	41.993557	-246.846441	29.539778	87.463449	36.565511	-242.066531	0.176970	417.476046	0.144487	-195.504000	0.000000	48.878932	2.272831	-384.624000	0.000000	-1.976000	0.000000	65.896000	0.000000	123.875000	0.000000	-195.267000	0.000000	66.843000	0.000000	-115.378000	0.000000	-98.042000	0.000000	-51.739000	0.000000	-341.974000	0.000000	-119.067000	0.000000	81.684000	0.000000

2024-08-26	13:25:35	1724671535.572009	-43147.997567	-0.044311	-0.200625	8.478365	76.282048	-198.263316	59.957214	374.341803	124.033944	119.125840	81.511574	-68.286853	87.965485	74.875030	74.819888	-239.693192	54.058011	78.719733	56.739471	-242.078179	0.110990	417.364519	0.104539	-195.504000	0.000000	48.747562	3.713888	-384.624000	0.000000	-1.976000	0.000000	65.896000	0.000000	123.875000	0.000000	-195.267000	0.000000	66.843000	0.000000	-115.378000	0.000000	-98.042000	0.000000	-51.739000	0.000000	-341.974000	0.000000	-119.067000	0.000000	81.684000	0.000000

2024-08-26	13:25:36	1724671536.567445	-43147.002131	-0.044311	-0.194003	-23.414677	191.497308	-177.869422	200.473784	284.566335	67.474906	194.636782	99.982891	-45.585733	158.451038	52.820140	107.581285	-250.031037	59.398246	88.146050	60.790194	-242.046022	0.108615	417.111085	0.175400	-195.504000	0.000000	50.295496	2.052242	-384.624000	0.000000	-1.976000	0.000000	65.896000	0.000000	123.875000	0.000000	-195.267000	0.000000	66.843000	0.000000	-115.378000	0.000000	-98.042000	0.000000	-51.739000	0.000000	-341.974000	0.000000	-119.067000	0.000000	81.684000	0.000000

2024-08-26	13:25:37	1724671537.567851	-43146.001726	-0.044311	-0.194003	46.692132	128.917888	-242.201457	162.335485	270.429493	159.448755	222.137491	151.331749	-80.380327	112.189568	77.662813	112.388864	-219.043455	44.327918	57.503745	40.288431	-242.086478	0.141195	417.217838	0.161810	-195.504000	0.000000	48.673619	2.412874	-384.624000	0.000000	-1.976000	0.000000	65.896000	0.000000	123.875000	0.000000	-195.267000	0.000000	66.843000	0.000000	-115.378000	0.000000	-98.042000	0.000000	-51.739000	0.000000	-341.974000	0.000000	-119.067000	0.000000	81.684000	0.000000

2024-08-26	13:25:38	1724671538.568269	-43145.001307	-0.044311	-0.194003	7.266058	112.861606	-201.700583	110.075010	298.111802	87.530651	177.364002	76.036613	-79.928299	82.731537	89.552115	94.082518	-200.171869	27.830941	44.397034	21.556077	-242.199333	0.202754	417.398701	0.206220	-195.504000	0.000000	48.495455	2.142659	-384.624000	0.000000	-1.976000	0.000000	65.896000	0.000000	123.875000	0.000000	-195.267000	0.000000	66.843000	0.000000	-115.378000	0.000000	-98.042000	0.000000	-51.739000	0.000000	-341.974000	0.000000	-119.067000	0.000000	81.684000	0.000000

2024-08-26	13:25:39	1724671539.568141	-43144.001436	-0.044311	-0.194003	-62.011256	141.918281	-118.716908	141.692915	292.403988	149.865054	203.535555	124.104695	-56.886338	150.191543	71.016170	138.288201	-237.459778	67.750083	78.815173	61.990192	-242.095789	0.217678	417.294698	0.244810	-195.504000	0.000000	51.535647	3.311561	-384.624000	0.000000	-1.976000	0.000000	65.896000	0.000000	123.875000	0.000000	-195.267000	0.000000	66.843000	0.000000	-115.378000	0.000000	-98.042000	0.000000	-51.739000	0.000000	-341.974000	0.000000	-119.067000	0.000000	81.684000	0.000000

2024-08-26	13:25:40	1724671540.579552	-43142.990024	-0.044311	-0.194003	18.392191	201.659036	-220.900561	195.569859	208.870543	128.026601	270.741894	89.652527	-149.372655	55.799849	150.981406	47.664168	-208.241986	37.729518	47.869421	35.096666	-242.168349	0.181780	417.498350	0.117628	-195.504000	0.000000	49.141913	3.576400	-384.624000	0.000000	-1.976000	0.000000	65.896000	0.000000	123.875000	0.000000	-195.267000	0.000000	66.843000	0.000000	-115.378000	0.000000	-98.042000	0.000000	-51.739000	0.000000	-341.974000	0.000000	-119.067000	0.000000	81.684000	0.000000

2024-08-26	13:25:41	1724671541.569978	-43141.999599	-0.044311	-0.194003	-67.110423	179.376889	-123.382859	184.573368	332.502108	167.165743	147.569091	209.842615	-70.859773	52.386932	71.162576	41.892876	-239.823764	36.205631	81.571327	33.356802	-242.071695	0.158349	417.766098	0.269432	-195.504000	0.000000	48.220097	3.956611	-384.624000	0.000000	-1.976000	0.000000	65.896000	0.000000	123.875000	0.000000	-195.267000	0.000000	66.843000	0.000000	-115.378000	0.000000	-98.042000	0.000000	-51.739000	0.000000	-341.974000	0.000000	-119.067000	0.000000	81.684000	0.000000

2024-08-26	13:25:42	1724671542.569397	-43141.000179	-0.044311	-0.194003	-6.621610	194.580288	-198.438240	185.287486	284.610952	126.083601	177.916243	123.264499	-88.941155	114.000961	106.334579	105.445975	-243.719014	46.751378	81.972308	49.817535	-242.196537	0.167981	417.518423	0.249817	-195.504000	0.000000	52.158254	1.917512	-384.624000	0.000000	-1.976000	0.000000	65.896000	0.000000	123.875000	0.000000	-195.267000	0.000000	66.843000	0.000000	-115.378000	0.000000	-98.042000	0.000000	-51.739000	0.000000	-341.974000	0.000000	-119.067000	0.000000	81.684000	0.000000

2024-08-26	13:25:43	1724671543.582809	-43139.986767	-0.044311	-0.194003	-71.860242	113.628702	-117.794793	115.702748	310.162021	160.399824	179.493987	193.738669	-19.815151	133.510346	25.370341	112.977950	-209.721623	32.945885	52.347167	25.543483	-241.982776	0.234982	417.630950	0.245006	-195.504000	0.000000	50.702917	2.894116	-384.624000	0.000000	-1.976000	0.000000	65.896000	0.000000	123.875000	0.000000	-195.267000	0.000000	66.843000	0.000000	-115.378000	0.000000	-98.042000	0.000000	-51.739000	0.000000	-341.974000	0.000000	-119.067000	0.000000	81.684000	0.000000

2024-08-26	13:25:44	1724671544.580241	-43138.989336	-0.044311	-0.194003	-38.256424	292.168644	-151.703807	299.765210	232.658534	92.945413	253.252244	89.319722	-46.880380	72.169108	59.142350	71.373009	-225.969770	50.909128	66.819420	54.525728	-242.013006	0.187274	417.510108	0.315041	-195.504000	0.000000	45.813808	3.220064	-384.624000	0.000000	-1.976000	0.000000	65.896000	0.000000	123.875000	0.000000	-195.267000	0.000000	66.843000	0.000000	-115.378000	0.000000	-98.042000	0.000000	-51.739000	0.000000	-341.974000	0.000000	-119.067000	0.000000	81.684000	0.000000

2024-08-26	13:25:45	1724671545.570683	-43137.998893	-0.044311	-0.194003	-41.137668	132.707326	-158.031396	116.023149	333.482652	92.000193	146.790345	79.897774	-214.413771	156.131135	214.699644	130.943065	-207.540660	55.066021	47.522560	48.985863	-242.291943	0.187209	417.692384	0.145679	-195.504000	0.000000	48.664990	3.437873	-384.624000	0.000000	-1.976000	0.000000	65.896000	0.000000	123.875000	0.000000	-195.267000	0.000000	66.843000	0.000000	-115.378000	0.000000	-98.042000	0.000000	-51.739000	0.000000	-341.974000	0.000000	-119.067000	0.000000	81.684000	0.000000

2024-08-26	13:25:46	1724671546.577099	-43136.992477	-0.044311	-0.194003	114.917376	89.085064	-314.420199	120.632216	206.395564	84.304630	272.592936	105.231588	-40.180040	53.919628	50.831795	58.852069	-238.482829	26.466451	75.656319	36.532766	-241.889960	0.133463	417.616619	0.165153	-195.504000	0.000000	52.885680	1.894805	-384.624000	0.000000	-1.976000	0.000000	65.896000	0.000000	123.875000	0.000000	-195.267000	0.000000	66.843000	0.000000	-115.378000	0.000000	-98.042000	0.000000	-51.739000	0.000000	-341.974000	0.000000	-119.067000	0.000000	81.684000	0.000000

2024-08-26	13:25:47	1724671547.570522	-43135.999054	-0.044311	-0.194003	-77.953063	152.189855	-125.843241	146.595122	237.159911	112.355371	240.322644	124.922349	-140.755229	89.126962	136.281577	84.530590	-194.833645	28.363592	33.467164	24.399880	-241.855605	0.144437	417.622801	0.173822	-195.504000	0.000000	50.812518	1.671079	-384.624000	0.000000	-1.976000	0.000000	65.896000	0.000000	123.875000	0.000000	-195.267000	0.000000	66.843000	0.000000	-115.378000	0.000000	-98.042000	0.000000	-51.739000	0.000000	-341.974000	0.000000	-119.067000	0.000000	81.684000	0.000000

2024-08-26	13:25:48	1724671548.577953	-43134.991623	-0.044311	-0.187380	-48.175890	140.140789	-133.038566	126.170582	375.104124	146.714924	115.052874	135.617409	-76.426436	109.447526	90.096060	95.120175	-244.430018	60.943994	84.585590	63.171029	-241.915074	0.180951	417.575351	0.184627	-195.504000	0.000000	50.234199	2.325934	-384.624000	0.000000	-1.976000	0.000000	65.896000	0.000000	123.875000	0.000000	-195.267000	0.000000	66.843000	0.000000	-115.378000	0.000000	-98.042000	0.000000	-51.739000	0.000000	-341.974000	0.000000	-119.067000	0.000000	81.684000	0.000000

2024-08-26	13:25:49	1724671549.577357	-43133.992219	-0.044311	-0.187380	18.302924	228.670864	-226.753780	227.181067	303.249376	132.629715	175.855083	146.405575	-135.600836	79.467994	135.640022	102.635403	-242.480838	51.430951	82.066045	49.023215	-242.045174	0.294349	417.776939	0.254537	-195.504000	0.000000	46.127417	1.782073	-384.624000	0.000000	-1.976000	0.000000	65.896000	0.000000	123.875000	0.000000	-195.267000	0.000000	66.843000	0.000000	-115.378000	0.000000	-98.042000	0.000000	-51.739000	0.000000	-341.974000	0.000000	-119.067000	0.000000	81.684000	0.000000

2024-08-26	13:25:50	1724671550.567985	-43133.001592	-0.044311	-0.187380	3.348905	139.174792	-208.210329	144.035172	200.151465	121.054954	272.235285	150.385840	-41.930830	101.273105	34.708575	76.970217	-239.621088	37.442062	76.331931	34.322985	-241.731703	0.132312	417.486331	0.347950	-195.504000	0.000000	51.472202	3.200669	-384.624000	0.000000	-1.976000	0.000000	65.896000	0.000000	123.875000	0.000000	-195.267000	0.000000	66.843000	0.000000	-115.378000	0.000000	-98.042000	0.000000	-51.739000	0.000000	-341.974000	0.000000	-119.067000	0.000000	81.684000	0.000000

2024-08-26	13:25:51	1724671551.582396	-43131.987181	-0.044311	-0.187380	-76.154325	152.482237	-100.476863	143.122762	397.041968	65.899225	88.124967	88.006553	-106.915634	46.721963	123.044971	59.439293	-226.958197	61.659700	72.129575	57.666078	-241.868776	0.168659	417.012469	0.215183	-195.504000	0.000000	51.345570	2.863203	-384.624000	0.000000	-1.976000	0.000000	65.896000	0.000000	123.875000	0.000000	-195.267000	0.000000	66.843000	0.000000	-115.378000	0.000000	-98.042000	0.000000	-51.739000	0.000000	-341.974000	0.000000	-119.067000	0.000000	81.684000	0.000000

2024-08-26	13:25:52	1724671552.579817	-43130.989759	-0.044311	-0.187380	53.473627	179.023250	-259.716413	187.236674	214.131474	68.769698	260.669365	132.896699	-98.255816	87.792146	102.877989	73.615644	-188.517683	84.155926	29.196975	84.254569	-242.040135	0.163012	417.456235	0.204192	-195.504000	0.000000	51.996802	2.554404	-384.624000	0.000000	-1.976000	0.000000	65.896000	0.000000	123.875000	0.000000	-195.267000	0.000000	66.843000	0.000000	-115.378000	0.000000	-98.042000	0.000000	-51.739000	0.000000	-341.974000	0.000000	-119.067000	0.000000	81.684000	0.000000

2024-08-26	13:25:53	1724671553.578237	-43129.991339	-0.044311	-0.213862	64.708040	150.001106	-256.450172	109.085746	331.576838	90.976128	162.912048	74.371299	-27.453235	102.016194	38.322940	93.622038	-237.102075	25.422950	76.938296	33.973804	-242.058363	0.469057	417.287020	0.123660	-195.504000	0.000000	47.213823	1.821769	-384.624000	0.000000	-1.976000	0.000000	65.896000	0.000000	123.875000	0.000000	-195.267000	0.000000	66.843000	0.000000	-115.378000	0.000000	-98.042000	0.000000	-51.739000	0.000000	-341.974000	0.000000	-119.067000	0.000000	81.684000	0.000000

2024-08-26	13:25:54	1724671554.570678	-43128.998898	-0.044311	-0.213862	-172.544568	106.338774	-27.996324	105.387896	170.267029	130.862243	314.726557	134.850167	-70.223477	121.945976	72.219147	121.898402	-222.827830	27.479742	63.600326	31.187480	-242.491157	0.127955	417.534860	0.198757	-195.504000	0.000000	50.007579	3.428186	-384.624000	0.000000	-1.976000	0.000000	65.896000	0.000000	123.875000	0.000000	-195.267000	0.000000	66.843000	0.000000	-115.378000	0.000000	-98.042000	0.000000	-51.739000	0.000000	-341.974000	0.000000	-119.067000	0.000000	81.684000	0.000000

2024-08-26	13:25:55	1724671555.568373	-43128.001203	-0.044311	-0.213862	81.221492	154.517349	-263.156027	176.572699	353.368864	99.518152	157.795600	110.836321	-96.970805	87.997309	121.472897	93.454462	-190.897086	74.438879	35.484654	69.241244	-242.365686	0.145501	417.289698	0.121953	-195.504000	0.000000	51.115223	3.399585	-384.624000	0.000000	-1.976000	0.000000	65.896000	0.000000	123.875000	0.000000	-195.267000	0.000000	66.843000	0.000000	-115.378000	0.000000	-98.042000	0.000000	-51.739000	0.000000	-341.974000	0.000000	-119.067000	0.000000	81.684000	0.000000

2024-08-26	13:25:56	1724671556.580768	-43126.988808	-0.044311	-0.213862	-66.126718	108.362467	-150.812989	126.072569	274.939604	153.477232	177.618161	211.952892	-151.355072	132.646518	135.873449	116.531696	-240.916370	44.721226	77.625660	52.990442	-242.136585	0.155025	417.323712	0.291691	-195.504000	0.000000	49.887438	2.634088	-384.624000	0.000000	-1.976000	0.000000	65.896000	0.000000	123.875000	0.000000	-195.267000	0.000000	66.843000	0.000000	-115.378000	0.000000	-98.042000	0.000000	-51.739000	0.000000	-341.974000	0.000000	-119.067000	0.000000	81.684000	0.000000

2024-08-26	13:25:57	1724671557.571194	-43125.998383	-0.044311	-0.213862	-9.300273	123.491757	-174.973193	137.790788	273.632879	86.631937	225.888678	103.995902	-81.881743	50.887962	94.630318	29.654087	-230.605849	78.519387	70.805056	79.890885	-242.241872	0.205645	417.231211	0.273131	-195.504000	0.000000	50.614051	3.639370	-384.624000	0.000000	-1.976000	0.000000	65.896000	0.000000	123.875000	0.000000	-195.267000	0.000000	66.843000	0.000000	-115.378000	0.000000	-98.042000	0.000000	-51.739000	0.000000	-341.974000	0.000000	-119.067000	0.000000	81.684000	0.000000

2024-08-26	13:25:58	1724671558.571612	-43124.997964	-0.044311	-0.213862	1.236747	138.650520	-215.620286	155.674991	258.197832	44.321605	209.012566	38.734207	-97.100775	96.851038	94.390293	107.507434	-259.880617	48.007863	97.545337	41.018823	-242.073166	0.166475	417.671960	0.259388	-195.504000	0.000000	46.175737	2.551783	-384.624000	0.000000	-1.976000	0.000000	65.896000	0.000000	123.875000	0.000000	-195.267000	0.000000	66.843000	0.000000	-115.378000	0.000000	-98.042000	0.000000	-51.739000	0.000000	-341.974000	0.000000	-119.067000	0.000000	81.684000	0.000000

2024-08-26	13:25:59	1724671559.571050	-43123.998527	-0.044311	-0.200625	27.724892	76.159158	-206.999025	85.229738	351.419294	80.679818	139.800029	67.870882	-48.852737	58.677632	65.585346	77.370131	-212.750691	90.284617	56.487584	82.628342	-242.186990	0.192120	417.456319	0.246186	-195.504000	0.000000	51.004005	3.898275	-384.624000	0.000000	-1.976000	0.000000	65.896000	0.000000	123.875000	0.000000	-195.267000	0.000000	66.843000	0.000000	-115.378000	0.000000	-98.042000	0.000000	-51.739000	0.000000	-341.974000	0.000000	-119.067000	0.000000	81.684000	0.000000

2024-08-26	13:26:00	1724671560.586096	-43122.983480	-0.044311	-0.200625	2.467202	100.513503	-210.766610	88.530502	248.726961	59.531441	225.807296	64.156117	-81.589545	52.333444	79.045834	57.103763	-229.636128	82.934892	67.177286	84.404115	-242.309999	0.103423	417.402217	0.126073	-195.504000	0.000000	48.316267	2.440240	-384.624000	0.000000	-1.976000	0.000000	65.896000	0.000000	123.875000	0.000000	-195.267000	0.000000	66.843000	0.000000	-115.378000	0.000000	-98.042000	0.000000	-51.739000	0.000000	-341.974000	0.000000	-119.067000	0.000000	81.684000	0.000000

2024-08-26	13:26:01	1724671561.569525	-43122.000051	-0.044311	-0.200625	-71.319657	103.912461	-123.725360	116.134084	334.803102	118.216972	143.904076	115.897594	-129.179763	87.957747	132.726254	80.152020	-219.175634	54.656737	56.139251	52.859556	-242.431709	0.208257	417.148170	0.149025	-195.504000	0.000000	49.053117	2.339271	-384.624000	0.000000	-1.976000	0.000000	65.896000	0.000000	123.875000	0.000000	-195.267000	0.000000	66.843000	0.000000	-115.378000	0.000000	-98.042000	0.000000	-51.739000	0.000000	-341.974000	0.000000	-119.067000	0.000000	81.684000	0.000000

2024-08-26	13:26:02	1724671562.580938	-43120.988638	-0.044311	-0.200625	22.659763	101.149456	-220.955258	98.677893	238.019991	69.749043	244.907987	66.962800	-78.343742	136.347098	84.678408	145.253885	-216.560619	43.251000	59.622290	35.950386	-242.221262	0.200882	417.398171	0.169620	-195.504000	0.000000	46.504258	2.571467	-384.624000	0.000000	-1.976000	0.000000	65.896000	0.000000	123.875000	0.000000	-195.267000	0.000000	66.843000	0.000000	-115.378000	0.000000	-98.042000	0.000000	-51.739000	0.000000	-341.974000	0.000000	-119.067000	0.000000	81.684000	0.000000

2024-08-26	13:26:03	1724671563.574362	-43119.995214	-0.044311	-0.200625	53.475184	163.899590	-251.605106	158.429062	220.538712	105.133410	276.038161	116.295241	-43.992484	128.997426	61.278890	135.893356	-229.270954	49.874265	71.769701	51.179267	-242.141160	0.125019	417.071256	0.154588	-195.504000	0.000000	48.964566	2.980624	-384.624000	0.000000	-1.976000	0.000000	65.896000	0.000000	123.875000	0.000000	-195.267000	0.000000	66.843000	0.000000	-115.378000	0.000000	-98.042000	0.000000	-51.739000	0.000000	-341.974000	0.000000	-119.067000	0.000000	81.684000	0.000000

2024-08-26	13:26:04	1724671564.582777	-43118.986800	-0.044311	-0.200625	-114.570991	164.169918	-80.848224	169.754796	313.005820	175.956819	170.196669	142.572404	-81.716040	74.982245	81.469234	54.316147	-225.118079	27.242569	61.975638	31.686333	-242.072923	0.177776	416.691251	0.136305	-195.504000	0.000000	49.290856	2.425887	-384.624000	0.000000	-1.976000	0.000000	65.896000	0.000000	123.875000	0.000000	-195.267000	0.000000	66.843000	0.000000	-115.378000	0.000000	-98.042000	0.000000	-51.739000	0.000000	-341.974000	0.000000	-119.067000	0.000000	81.684000	0.000000

2024-08-26	13:26:05	1724671565.574937	-43117.994639	-0.044311	-0.200625	-76.270492	96.984113	-122.859819	88.135917	323.246024	139.019615	153.309984	188.539573	-69.390250	73.470148	75.065368	73.857269	-222.697401	38.072814	65.571923	30.988783	-242.417510	0.204401	416.883066	0.174421	-195.504000	0.000000	51.796367	2.236806	-384.624000	0.000000	-1.976000	0.000000	65.896000	0.000000	123.875000	0.000000	-195.267000	0.000000	66.843000	0.000000	-115.378000	0.000000	-98.042000	0.000000	-51.739000	0.000000	-341.974000	0.000000	-119.067000	0.000000	81.684000	0.000000

2024-08-26	13:26:06	1724671566.574351	-43116.995225	-0.044311	-0.200625	-93.421974	121.428533	-99.841407	115.519575	331.163095	142.036593	146.425069	131.709463	-109.545193	92.819099	121.754336	73.515872	-211.136652	55.434933	51.849123	51.091309	-242.317332	0.227818	417.028618	0.193277	-195.504000	0.000000	48.114440	3.136577	-384.624000	0.000000	-1.976000	0.000000	65.896000	0.000000	123.875000	0.000000	-195.267000	0.000000	66.843000	0.000000	-115.378000	0.000000	-98.042000	0.000000	-51.739000	0.000000	-341.974000	0.000000	-119.067000	0.000000	81.684000	0.000000

2024-08-26	13:26:07	1724671567.574770	-43115.994806	-0.044311	-0.200625	138.547351	133.277530	-335.583089	132.393118	357.848916	76.855805	116.380684	90.113168	-66.020202	72.437726	61.305611	70.568794	-246.470445	37.561695	87.309968	42.089454	-242.209967	0.285722	416.943876	0.207601	-195.504000	0.000000	47.520448	3.588975	-384.624000	0.000000	-1.976000	0.000000	65.896000	0.000000	123.875000	0.000000	-195.267000	0.000000	66.843000	0.000000	-115.378000	0.000000	-98.042000	0.000000	-51.739000	0.000000	-341.974000	0.000000	-119.067000	0.000000	81.684000	0.000000

2024-08-26	13:26:08	1724671568.579186	-43114.990390	-0.044311	-0.200625	68.487037	122.284558	-263.828015	117.919864	172.197817	165.502243	314.169362	132.202118	-133.629940	78.000943	150.974615	85.786172	-229.300917	50.092616	69.751508	51.446533	-242.006309	0.180124	416.954964	0.160787	-195.504000	0.000000	48.373279	1.866164	-384.624000	0.000000	-1.976000	0.000000	65.896000	0.000000	123.875000	0.000000	-195.267000	0.000000	66.843000	0.000000	-115.378000	0.000000	-98.042000	0.000000	-51.739000	0.000000	-341.974000	0.000000	-119.067000	0.000000	81.684000	0.000000

2024-08-26	13:26:09	1724671569.583603	-43113.985973	-0.044311	-0.200625	-42.934805	76.871869	-155.104156	132.699890	286.612015	173.888922	203.555796	165.002832	-67.453326	98.577435	73.340883	81.255814	-236.627273	34.377034	77.219503	45.966872	-241.778493	0.221038	417.258244	0.259967	-195.504000	0.000000	51.318229	2.769844	-384.624000	0.000000	-1.976000	0.000000	65.896000	0.000000	123.875000	0.000000	-195.267000	0.000000	66.843000	0.000000	-115.378000	0.000000	-98.042000	0.000000	-51.739000	0.000000	-341.974000	0.000000	-119.067000	0.000000	81.684000	0.000000

2024-08-26	13:26:10	1724671570.573030	-43112.996547	-0.044311	-0.200625	28.377553	175.838739	-237.375761	175.518507	296.558717	115.643937	156.177565	115.909529	-92.713160	99.930504	88.670069	87.682512	-213.748465	23.984406	49.149064	20.559802	-241.682788	0.167588	417.189189	0.238622	-195.504000	0.000000	48.701663	2.271604	-384.624000	0.000000	-1.976000	0.000000	65.896000	0.000000	123.875000	0.000000	-195.267000	0.000000	66.843000	0.000000	-115.378000	0.000000	-98.042000	0.000000	-51.739000	0.000000	-341.974000	0.000000	-119.067000	0.000000	81.684000	0.000000

2024-08-26	13:26:11	1724671571.573124	-43111.996452	-0.044311	-0.200625	-41.221766	131.705819	-147.492816	142.435766	298.516230	138.971822	205.622895	99.357846	-12.730742	76.779951	36.795545	45.426451	-223.359151	74.407510	67.166846	72.101745	-241.536037	0.166051	417.382486	0.147946	-195.504000	0.000000	50.311100	3.100524	-384.624000	0.000000	-1.976000	0.000000	65.896000	0.000000	123.875000	0.000000	-195.267000	0.000000	66.843000	0.000000	-115.378000	0.000000	-98.042000	0.000000	-51.739000	0.000000	-341.974000	0.000000	-119.067000	0.000000	81.684000	0.000000

2024-08-26	13:26:12	1724671572.580539	-43110.989037	-0.044311	-0.200625	43.717893	130.767341	-241.017189	134.691693	299.057568	79.121543	187.876729	91.063640	-160.871261	133.491508	154.948305	105.273026	-228.336454	45.331024	67.469216	50.159157	-241.569046	0.181760	417.350661	0.219566	-195.504000	0.000000	49.875255	2.638200	-384.624000	0.000000	-1.976000	0.000000	65.896000	0.000000	123.875000	0.000000	-195.267000	0.000000	66.843000	0.000000	-115.378000	0.000000	-98.042000	0.000000	-51.739000	0.000000	-341.974000	0.000000	-119.067000	0.000000	81.684000	0.000000

2024-08-26	13:26:13	1724671573.572964	-43109.996613	-0.044311	-0.200625	120.819497	157.429146	-324.883825	167.066433	162.101808	253.024548	313.179062	218.439468	-68.252938	55.394436	78.528889	48.773744	-208.079555	74.089257	49.788577	71.548591	-241.690966	0.236168	417.686851	0.286788	-195.504000	0.000000	51.166205	2.358306	-384.624000	0.000000	-1.976000	0.000000	65.896000	0.000000	123.875000	0.000000	-195.267000	0.000000	66.843000	0.000000	-115.378000	0.000000	-98.042000	0.000000	-51.739000	0.000000	-341.974000	0.000000	-119.067000	0.000000	81.684000	0.000000

2024-08-26	13:26:14	1724671574.575399	-43108.994177	-0.044311	-0.200625	42.436528	124.129248	-218.242255	119.529962	370.184545	118.689172	122.122181	129.921243	-37.388588	119.761145	62.702069	103.393439	-202.689588	53.718460	46.098514	54.766919	-241.872292	0.162642	417.678310	0.234974	-195.504000	0.000000	52.731649	2.469688	-384.624000	0.000000	-1.976000	0.000000	65.896000	0.000000	123.875000	0.000000	-195.267000	0.000000	66.843000	0.000000	-115.378000	0.000000	-98.042000	0.000000	-51.739000	0.000000	-341.974000	0.000000	-119.067000	0.000000	81.684000	0.000000

2024-08-26	13:26:15	1724671575.576800	-43107.992776	-0.044311	-0.200625	-167.552799	170.056056	-38.527968	154.767820	303.438722	52.296689	169.354283	86.680616	-112.843298	111.791818	104.867509	113.836934	-263.857601	87.838052	102.017316	89.076583	-241.870559	0.195219	417.399328	0.257011	-195.504000	0.000000	48.299689	2.503641	-384.624000	0.000000	-1.976000	0.000000	65.896000	0.000000	123.875000	0.000000	-195.267000	0.000000	66.843000	0.000000	-115.378000	0.000000	-98.042000	0.000000	-51.739000	0.000000	-341.974000	0.000000	-119.067000	0.000000	81.684000	0.000000

2024-08-26	13:26:16	1724671576.584620	-43106.984956	-0.044311	-0.200625	75.617572	48.408208	-279.535647	56.095221	244.257377	96.611295	226.636601	107.282303	-106.950613	97.933044	103.945362	87.453079	-213.217809	50.573242	50.804415	55.861025	-242.119743	0.340946	417.277949	0.186522	-195.504000	0.000000	49.487173	3.131117	-384.624000	0.000000	-1.976000	0.000000	65.896000	0.000000	123.875000	0.000000	-195.267000	0.000000	66.843000	0.000000	-115.378000	0.000000	-98.042000	0.000000	-51.739000	0.000000	-341.974000	0.000000	-119.067000	0.000000	81.684000	0.000000

2024-08-26	13:26:17	1724671577.574063	-43105.995513	-0.044311	-0.194003	-12.292415	186.814914	-174.703598	209.687791	375.431273	154.465980	131.632160	102.130147	-63.561127	106.704995	78.673531	61.972688	-246.078349	72.717656	88.574611	72.562729	-241.739013	0.123163	417.309048	0.173171	-195.504000	0.000000	48.168462	2.666092	-384.624000	0.000000	-1.976000	0.000000	65.896000	0.000000	123.875000	0.000000	-195.267000	0.000000	66.843000	0.000000	-115.378000	0.000000	-98.042000	0.000000	-51.739000	0.000000	-341.974000	0.000000	-119.067000	0.000000	81.684000	0.000000

2024-08-26	13:26:18	1724671578.570467	-43104.999110	-0.044311	-0.194003	16.451713	147.004711	-213.012436	160.822957	329.819797	106.961338	144.660528	89.402519	-71.229666	129.502139	85.834721	104.796057	-225.682555	89.069445	73.008810	80.310043	-241.872380	0.212049	417.707138	0.336194	-195.504000	0.000000	50.169718	1.685197	-384.624000	0.000000	-1.976000	0.000000	65.896000	0.000000	123.875000	0.000000	-195.267000	0.000000	66.843000	0.000000	-115.378000	0.000000	-98.042000	0.000000	-51.739000	0.000000	-341.974000	0.000000	-119.067000	0.000000	81.684000	0.000000

2024-08-26	13:26:19	1724671579.570886	-43103.998690	-0.044311	-0.194003	-103.022805	121.727898	-97.643244	122.570656	165.161535	216.200083	313.774996	221.477556	-95.050745	144.436211	98.526880	142.306137	-201.775372	40.965265	40.246941	43.652367	-241.795117	0.127627	417.998117	0.189218	-195.504000	0.000000	48.609823	2.327941	-384.624000	0.000000	-1.976000	0.000000	65.896000	0.000000	123.875000	0.000000	-195.267000	0.000000	66.843000	0.000000	-115.378000	0.000000	-98.042000	0.000000	-51.739000	0.000000	-341.974000	0.000000	-119.067000	0.000000	81.684000	0.000000

2024-08-26	13:26:20	1724671580.570306	-43102.999270	-0.044311	-0.194003	-166.803375	256.732526	-30.110034	256.441733	321.137298	104.575130	154.402869	136.013585	-113.092615	58.927550	114.844073	46.576195	-217.104649	28.860343	55.588553	19.791220	-241.902162	0.211501	417.808089	0.233708	-195.504000	0.000000	48.431197	2.699114	-384.624000	0.000000	-1.976000	0.000000	65.896000	0.000000	123.875000	0.000000	-195.267000	0.000000	66.843000	0.000000	-115.378000	0.000000	-98.042000	0.000000	-51.739000	0.000000	-341.974000	0.000000	-119.067000	0.000000	81.684000	0.000000

2024-08-26	13:26:21	1724671581.576014	-43101.993563	-0.044311	-0.194003	201.222543	175.387892	-401.512622	161.509973	224.724774	74.983375	252.465833	109.645617	-100.242649	55.534632	94.632208	52.985669	-250.165693	47.190112	89.997951	47.088763	-242.012948	0.155799	418.091481	0.275675	-195.504000	0.000000	45.735072	2.559702	-384.624000	0.000000	-1.976000	0.000000	65.896000	0.000000	123.875000	0.000000	-195.267000	0.000000	66.843000	0.000000	-115.378000	0.000000	-98.042000	0.000000	-51.739000	0.000000	-341.974000	0.000000	-119.067000	0.000000	81.684000	0.000000

2024-08-26	13:26:22	1724671582.572435	-43100.997141	-0.044311	-0.194003	-30.700173	73.000428	-155.430621	78.728614	226.887051	89.677852	259.280890	79.746442	-58.826478	111.218565	76.220546	103.488342	-201.813768	39.391980	39.539302	40.398631	-241.685913	0.236753	417.844586	0.284814	-195.504000	0.000000	48.786432	3.102050	-384.624000	0.000000	-1.976000	0.000000	65.896000	0.000000	123.875000	0.000000	-195.267000	0.000000	66.843000	0.000000	-115.378000	0.000000	-98.042000	0.000000	-51.739000	0.000000	-341.974000	0.000000	-119.067000	0.000000	81.684000	0.000000

2024-08-26	13:26:23	1724671583.569872	-43099.999704	-0.044311	-0.207240	13.782951	215.445837	-227.222467	225.411324	270.702760	93.291129	206.375701	137.449060	-161.260615	68.357139	158.132418	37.665957	-242.889288	35.767699	79.422687	34.663690	-241.806276	0.285155	417.759075	0.236860	-195.504000	0.000000	48.084179	2.083177	-384.624000	0.000000	-1.976000	0.000000	65.896000	0.000000	123.875000	0.000000	-195.267000	0.000000	66.843000	0.000000	-115.378000	0.000000	-98.042000	0.000000	-51.739000	0.000000	-341.974000	0.000000	-119.067000	0.000000	81.684000	0.000000

2024-08-26	13:26:24	1724671584.582285	-43098.987291	-0.044311	-0.207240	-20.982048	119.769687	-181.188257	134.458214	250.346904	107.121095	232.338408	112.768985	-15.469610	47.735113	21.353178	41.293062	-214.984565	48.686484	55.116213	47.579335	-241.635763	0.392242	417.609290	0.197147	-195.504000	0.000000	52.071113	1.479645	-384.624000	0.000000	-1.976000	0.000000	65.896000	0.000000	123.875000	0.000000	-195.267000	0.000000	66.843000	0.000000	-115.378000	0.000000	-98.042000	0.000000	-51.739000	0.000000	-341.974000	0.000000	-119.067000	0.000000	81.684000	0.000000

2024-08-26	13:26:25	1724671585.579689	-43097.989887	-0.044311	-0.207240	-6.703834	125.254303	-185.089119	107.349345	382.954979	127.163949	112.893506	100.855350	-123.003929	51.022832	131.603547	35.549707	-214.329936	47.632149	54.994419	44.293872	-241.245492	0.241880	417.362788	0.127655	-195.504000	0.000000	50.363966	3.453454	-384.624000	0.000000	-1.976000	0.000000	65.896000	0.000000	123.875000	0.000000	-195.267000	0.000000	66.843000	0.000000	-115.378000	0.000000	-98.042000	0.000000	-51.739000	0.000000	-341.974000	0.000000	-119.067000	0.000000	81.684000	0.000000

2024-08-26	13:26:26	1724671586.575460	-43096.994116	-0.044311	-0.207240	-48.297308	112.560941	-145.903677	110.296321	248.416766	93.877327	247.285111	95.724503	-61.668366	97.128265	70.318311	71.110736	-287.297227	82.732333	125.420357	89.538717	-241.490573	0.227418	417.519878	0.313680	-195.504000	0.000000	49.001815	2.453236	-384.624000	0.000000	-1.976000	0.000000	65.896000	0.000000	123.875000	0.000000	-195.267000	0.000000	66.843000	0.000000	-115.378000	0.000000	-98.042000	0.000000	-51.739000	0.000000	-341.974000	0.000000	-119.067000	0.000000	81.684000	0.000000

