Date/C:Time:TimeStamp/D:time:VMeas:IMeas:I_00:DI_00:I_01:DI_01:I_02:DI_02:I_03:DI_03:I_04:DI_04:I_05:DI_05:I_06:DI_06:I_07:DI_07:I_08:DI_08:I_09:DI_09:I_10:DI_10:I_11:DI_11:I_12:DI_12:I_13:DI_13:I_14:DI_14:I_15:DI_15:I_16:DI_16:I_17:DI_17:I_18:DI_18:I_19:DI_19:I_20:DI_20:I_21:DI_21:I_22:DI_22:I_23:DI_23
2024-09-09	13:46:40	1725882400.083683	-43200.000000	-0.044311	-0.194003	-213.080605	227.581861	-145.751197	250.617908	123.255764	172.085874	212.978983	149.176245	-145.226556	142.511293	173.902080	116.931713	-802.461151	60.854332	454.182942	56.858892	-245.132540	0.214188	411.297891	0.172202	-195.504000	0.000000	-32.885734	9.999417	-384.624000	0.000000	-1.976000	0.000000	65.896000	0.000000	123.875000	0.000000	-195.267000	0.000000	66.843000	0.000000	-115.378000	0.000000	-98.042000	0.000000	-51.739000	0.000000	-341.974000	0.000000	-119.067000	0.000000	81.684000	0.000000

2024-09-09	13:46:41	1725882401.083105	-43199.000577	-0.044311	-0.194003	-73.717056	123.255182	-255.834080	126.302191	175.856113	234.857555	192.605396	242.235514	-154.775369	145.672786	196.073585	109.359278	-815.405812	78.153936	482.335056	77.609748	-245.162698	0.180949	411.321883	0.220403	-195.504000	0.000000	-28.815411	6.041736	-384.624000	0.000000	-1.976000	0.000000	65.896000	0.000000	123.875000	0.000000	-195.267000	0.000000	66.843000	0.000000	-115.378000	0.000000	-98.042000	0.000000	-51.739000	0.000000	-341.974000	0.000000	-119.067000	0.000000	81.684000	0.000000

2024-09-09	13:46:42	1725882402.083544	-43198.000139	-0.044311	-0.194003	-224.974534	256.043634	-128.511624	267.516591	161.947159	152.279550	166.129710	132.875658	-117.935715	74.616923	139.680088	99.479838	-793.737468	72.633975	452.733809	75.535920	-245.656122	0.258660	411.072687	0.188226	-195.504000	0.000000	-33.637992	8.620133	-384.624000	0.000000	-1.976000	0.000000	65.896000	0.000000	123.875000	0.000000	-195.267000	0.000000	66.843000	0.000000	-115.378000	0.000000	-98.042000	0.000000	-51.739000	0.000000	-341.974000	0.000000	-119.067000	0.000000	81.684000	0.000000

2024-09-09	13:46:43	1725882403.082952	-43197.000730	-0.044311	-0.194003	-181.289565	107.369553	-165.455799	106.707159	183.322290	228.380867	180.660583	192.818049	-86.832398	76.146827	129.322492	55.143920	-742.139118	51.388396	408.849371	46.942083	-245.585344	0.164482	410.739590	0.288334	-195.504000	0.000000	-25.530116	12.704637	-384.624000	0.000000	-1.976000	0.000000	65.896000	0.000000	123.875000	0.000000	-195.267000	0.000000	66.843000	0.000000	-115.378000	0.000000	-98.042000	0.000000	-51.739000	0.000000	-341.974000	0.000000	-119.067000	0.000000	81.684000	0.000000

2024-09-09	13:46:44	1725882404.083381	-43196.000302	-0.044311	-0.194003	-88.132677	162.666413	-253.333828	169.621534	209.331866	167.852571	136.555245	130.010765	-103.175914	136.396629	138.143124	93.332574	-764.163976	64.934497	434.250973	64.807664	-245.478293	0.156438	410.849387	0.206201	-195.504000	0.000000	-18.860602	8.111183	-384.624000	0.000000	-1.976000	0.000000	65.896000	0.000000	123.875000	0.000000	-195.267000	0.000000	66.843000	0.000000	-115.378000	0.000000	-98.042000	0.000000	-51.739000	0.000000	-341.974000	0.000000	-119.067000	0.000000	81.684000	0.000000

2024-09-09	13:46:45	1725882405.082803	-43195.000879	-0.044311	-0.180762	-319.535147	211.304659	-21.161368	197.019802	114.673348	246.154997	268.524867	304.993422	-98.627245	68.353251	141.853133	60.593372	-764.141219	11.469719	434.318774	19.063421	-245.287126	0.194882	411.262610	0.198635	-195.504000	0.000000	-13.908732	8.327983	-384.624000	0.000000	-1.976000	0.000000	65.896000	0.000000	123.875000	0.000000	-195.267000	0.000000	66.843000	0.000000	-115.378000	0.000000	-98.042000	0.000000	-51.739000	0.000000	-341.974000	0.000000	-119.067000	0.000000	81.684000	0.000000

2024-09-09	13:46:46	1725882406.083226	-43194.000456	-0.044311	-0.180762	45.200369	253.446730	-397.381331	214.884419	122.718428	189.571685	207.698624	167.149512	-164.131456	101.583785	182.499839	99.358242	-810.808696	31.718415	469.908456	28.326460	-245.085827	0.171537	411.178085	0.163993	-195.504000	0.000000	-28.298255	10.520311	-384.624000	0.000000	-1.976000	0.000000	65.896000	0.000000	123.875000	0.000000	-195.267000	0.000000	66.843000	0.000000	-115.378000	0.000000	-98.042000	0.000000	-51.739000	0.000000	-341.974000	0.000000	-119.067000	0.000000	81.684000	0.000000

2024-09-09	13:46:47	1725882407.084649	-43192.999034	-0.044311	-0.180762	-201.802910	20.282806	-135.293791	31.993600	123.165520	144.537498	247.834075	124.031233	-56.055074	56.892701	95.084012	58.579634	-782.465124	57.942195	452.631465	57.202099	-245.421450	0.359502	411.109440	0.199827	-195.504000	0.000000	-29.119060	10.108039	-384.624000	0.000000	-1.976000	0.000000	65.896000	0.000000	123.875000	0.000000	-195.267000	0.000000	66.843000	0.000000	-115.378000	0.000000	-98.042000	0.000000	-51.739000	0.000000	-341.974000	0.000000	-119.067000	0.000000	81.684000	0.000000

2024-09-09	13:46:48	1725882408.084072	-43191.999610	-0.044311	-0.180762	-137.634653	92.978869	-222.927989	119.936241	159.855958	189.286994	165.470963	158.352073	-173.505318	113.872805	191.496663	81.117988	-782.882401	46.866541	446.995997	45.524835	-245.502652	0.175884	411.103582	0.222349	-195.504000	0.000000	-21.853067	12.868099	-384.624000	0.000000	-1.976000	0.000000	65.896000	0.000000	123.875000	0.000000	-195.267000	0.000000	66.843000	0.000000	-115.378000	0.000000	-98.042000	0.000000	-51.739000	0.000000	-341.974000	0.000000	-119.067000	0.000000	81.684000	0.000000

2024-09-09	13:46:49	1725882409.084494	-43190.999188	-0.044311	-0.180762	-121.270676	117.395934	-208.271022	86.199461	185.058573	128.530091	196.862437	139.152555	-145.958233	123.352846	195.101004	118.273122	-710.019393	51.051229	379.277296	53.787141	-245.459569	0.255452	410.871044	0.179406	-195.504000	0.000000	-26.560437	11.236726	-384.624000	0.000000	-1.976000	0.000000	65.896000	0.000000	123.875000	0.000000	-195.267000	0.000000	66.843000	0.000000	-115.378000	0.000000	-98.042000	0.000000	-51.739000	0.000000	-341.974000	0.000000	-119.067000	0.000000	81.684000	0.000000

2024-09-09	13:46:50	1725882410.083918	-43189.999764	-0.044311	-0.180762	-69.462892	165.108452	-275.209599	151.010454	259.938125	129.435243	89.674381	134.404812	-84.055431	111.207952	126.678207	98.757566	-796.832873	72.925659	464.756457	77.396247	-245.306805	0.248110	411.110699	0.123746	-195.504000	0.000000	-22.825526	9.190079	-384.624000	0.000000	-1.976000	0.000000	65.896000	0.000000	123.875000	0.000000	-195.267000	0.000000	66.843000	0.000000	-115.378000	0.000000	-98.042000	0.000000	-51.739000	0.000000	-341.974000	0.000000	-119.067000	0.000000	81.684000	0.000000

2024-09-09	13:46:51	1725882411.084341	-43188.999342	-0.044311	-0.180762	-126.656705	127.315855	-215.186032	178.196957	243.004412	162.212984	110.985094	156.811051	-116.850147	128.829602	145.886640	91.237035	-746.369195	88.869574	411.218398	66.786244	-245.242481	0.169555	411.095331	0.267374	-195.504000	0.000000	-23.295955	8.848014	-384.624000	0.000000	-1.976000	0.000000	65.896000	0.000000	123.875000	0.000000	-195.267000	0.000000	66.843000	0.000000	-115.378000	0.000000	-98.042000	0.000000	-51.739000	0.000000	-341.974000	0.000000	-119.067000	0.000000	81.684000	0.000000

2024-09-09	13:46:52	1725882412.084039	-43187.999643	-0.044311	-0.180762	-51.721108	161.873923	-280.204865	126.872194	207.992839	205.602371	156.708047	186.403884	-73.498487	153.714490	123.702055	127.208109	-796.708869	68.765710	467.974044	69.467577	-245.328308	0.195428	410.813814	0.310094	-195.504000	0.000000	-22.949360	9.510129	-384.624000	0.000000	-1.976000	0.000000	65.896000	0.000000	123.875000	0.000000	-195.267000	0.000000	66.843000	0.000000	-115.378000	0.000000	-98.042000	0.000000	-51.739000	0.000000	-341.974000	0.000000	-119.067000	0.000000	81.684000	0.000000

2024-09-09	13:46:53	1725882413.084479	-43186.999203	-0.044311	-0.180762	-102.907519	219.107878	-233.957191	200.895052	140.492470	192.112768	216.482393	168.487548	-56.055602	87.718565	86.972095	105.139971	-776.661547	33.715784	442.550127	33.306452	-245.287311	0.156953	410.876471	0.187539	-195.504000	0.000000	-27.065977	16.137083	-384.624000	0.000000	-1.976000	0.000000	65.896000	0.000000	123.875000	0.000000	-195.267000	0.000000	66.843000	0.000000	-115.378000	0.000000	-98.042000	0.000000	-51.739000	0.000000	-341.974000	0.000000	-119.067000	0.000000	81.684000	0.000000

2024-09-09	13:46:54	1725882414.083925	-43185.999758	-0.044311	-0.180762	-275.877480	336.761029	-63.727566	306.854445	75.282468	67.376984	271.474202	53.257152	-143.906209	157.482615	186.792348	148.126638	-733.810032	32.977772	404.187632	32.419109	-245.134805	0.233981	410.712301	0.152601	-195.504000	0.000000	-21.308697	8.856231	-384.624000	0.000000	-1.976000	0.000000	65.896000	0.000000	123.875000	0.000000	-195.267000	0.000000	66.843000	0.000000	-115.378000	0.000000	-98.042000	0.000000	-51.739000	0.000000	-341.974000	0.000000	-119.067000	0.000000	81.684000	0.000000

2024-09-09	13:46:55	1725882415.084330	-43184.999353	-0.044311	-0.180762	-190.988121	241.360031	-164.614013	248.010804	281.840374	132.921691	62.081466	136.880371	-194.602650	53.459905	223.026318	47.176981	-784.796523	55.169269	450.661707	51.694891	-245.191911	0.128280	410.976194	0.179442	-195.504000	0.000000	-21.275769	10.490057	-384.624000	0.000000	-1.976000	0.000000	65.896000	0.000000	123.875000	0.000000	-195.267000	0.000000	66.843000	0.000000	-115.378000	0.000000	-98.042000	0.000000	-51.739000	0.000000	-341.974000	0.000000	-119.067000	0.000000	81.684000	0.000000

2024-09-09	13:46:56	1725882416.083753	-43183.999930	-0.044311	-0.180762	-194.897051	350.336973	-130.660497	317.523779	118.902546	218.700003	264.972123	181.120519	-85.452573	41.925528	128.218335	45.700395	-750.535986	53.356284	424.757729	41.555518	-245.345279	0.170355	411.039337	0.142077	-195.504000	0.000000	-12.739843	8.341461	-384.624000	0.000000	-1.976000	0.000000	65.896000	0.000000	123.875000	0.000000	-195.267000	0.000000	66.843000	0.000000	-115.378000	0.000000	-98.042000	0.000000	-51.739000	0.000000	-341.974000	0.000000	-119.067000	0.000000	81.684000	0.000000

2024-09-09	13:46:57	1725882417.084176	-43182.999507	-0.044311	-0.180762	-133.633115	263.623450	-242.821073	271.672422	218.212442	141.058183	85.870569	102.751055	-122.389147	111.265572	138.502279	114.736143	-856.886009	115.443743	505.446770	101.245410	-245.563194	0.326322	410.765710	0.193850	-195.504000	0.000000	-36.142205	7.397186	-384.624000	0.000000	-1.976000	0.000000	65.896000	0.000000	123.875000	0.000000	-195.267000	0.000000	66.843000	0.000000	-115.378000	0.000000	-98.042000	0.000000	-51.739000	0.000000	-341.974000	0.000000	-119.067000	0.000000	81.684000	0.000000

2024-09-09	13:46:58	1725882418.085598	-43181.998085	-0.044311	-0.180762	-288.358959	205.760104	-23.896773	217.277446	248.145735	71.134580	107.137872	76.289130	-65.325936	95.643633	105.827580	99.919179	-770.506007	46.930746	444.558964	47.150659	-245.327150	0.246044	410.951098	0.170015	-195.504000	0.000000	-22.701889	11.041179	-384.624000	0.000000	-1.976000	0.000000	65.896000	0.000000	123.875000	0.000000	-195.267000	0.000000	66.843000	0.000000	-115.378000	0.000000	-98.042000	0.000000	-51.739000	0.000000	-341.974000	0.000000	-119.067000	0.000000	81.684000	0.000000

2024-09-09	13:46:59	1725882419.085021	-43180.998661	-0.044311	-0.180762	3.187758	126.569341	-360.128124	141.354250	117.052960	137.504048	247.211690	145.740703	-150.240148	158.017746	187.839989	132.198130	-725.128777	27.353019	398.544381	25.351434	-245.063469	0.170014	410.997693	0.213076	-195.504000	0.000000	-15.916099	8.658916	-384.624000	0.000000	-1.976000	0.000000	65.896000	0.000000	123.875000	0.000000	-195.267000	0.000000	66.843000	0.000000	-115.378000	0.000000	-98.042000	0.000000	-51.739000	0.000000	-341.974000	0.000000	-119.067000	0.000000	81.684000	0.000000

2024-09-09	13:47:00	1725882420.085451	-43179.998231	-0.044311	-0.180762	-214.926602	195.745103	-116.051293	182.430519	251.897452	284.989516	101.754327	314.275105	-130.412457	63.695605	170.734645	59.458647	-738.966344	35.382621	412.080578	35.490421	-245.222021	0.159195	410.902567	0.147963	-195.504000	0.000000	-22.575862	10.308782	-384.624000	0.000000	-1.976000	0.000000	65.896000	0.000000	123.875000	0.000000	-195.267000	0.000000	66.843000	0.000000	-115.378000	0.000000	-98.042000	0.000000	-51.739000	0.000000	-341.974000	0.000000	-119.067000	0.000000	81.684000	0.000000

2024-09-09	13:47:01	1725882421.084874	-43178.998808	-0.044311	-0.154283	-233.777492	266.084432	-112.416797	260.715213	169.635708	178.554958	194.621672	192.610391	-128.934536	70.091531	160.907344	71.812052	-783.694789	49.755353	451.631485	53.412390	-245.305492	0.208522	411.081819	0.227640	-195.504000	0.000000	-25.291161	9.829907	-384.624000	0.000000	-1.976000	0.000000	65.896000	0.000000	123.875000	0.000000	-195.267000	0.000000	66.843000	0.000000	-115.378000	0.000000	-98.042000	0.000000	-51.739000	0.000000	-341.974000	0.000000	-119.067000	0.000000	81.684000	0.000000

2024-09-09	13:47:02	1725882422.085297	-43177.998386	-0.044311	-0.154283	-105.687348	106.095026	-238.724240	96.128268	184.518645	121.748909	163.315243	90.342515	-82.152242	80.110020	112.827866	81.119288	-747.057147	58.716045	414.656227	61.257346	-245.444394	0.242932	411.155193	0.205595	-195.504000	0.000000	-23.819668	10.179648	-384.624000	0.000000	-1.976000	0.000000	65.896000	0.000000	123.875000	0.000000	-195.267000	0.000000	66.843000	0.000000	-115.378000	0.000000	-98.042000	0.000000	-51.739000	0.000000	-341.974000	0.000000	-119.067000	0.000000	81.684000	0.000000

2024-09-09	13:47:03	1725882423.086720	-43176.996963	-0.044311	-0.154283	-222.548228	120.345206	-118.648259	150.462621	146.196319	227.420293	200.839648	210.811157	-100.255772	85.132420	137.856280	74.512902	-758.096407	33.660521	421.901489	27.820722	-245.408457	0.126426	411.178745	0.264787	-195.504000	0.000000	-22.042757	9.322694	-384.624000	0.000000	-1.976000	0.000000	65.896000	0.000000	123.875000	0.000000	-195.267000	0.000000	66.843000	0.000000	-115.378000	0.000000	-98.042000	0.000000	-51.739000	0.000000	-341.974000	0.000000	-119.067000	0.000000	81.684000	0.000000

2024-09-09	13:47:04	1725882424.086143	-43175.997540	-0.044311	-0.154283	-146.613504	258.350089	-217.028290	270.571539	147.297089	137.438730	180.478780	141.467106	-171.430806	124.527419	189.221394	97.885084	-811.682855	28.205257	466.383348	25.486417	-245.668989	0.219765	411.055515	0.258573	-195.504000	0.000000	-30.958124	13.106726	-384.624000	0.000000	-1.976000	0.000000	65.896000	0.000000	123.875000	0.000000	-195.267000	0.000000	66.843000	0.000000	-115.378000	0.000000	-98.042000	0.000000	-51.739000	0.000000	-341.974000	0.000000	-119.067000	0.000000	81.684000	0.000000

2024-09-09	13:47:05	1725882425.086566	-43174.997117	-0.044311	-0.154283	-165.739603	178.881875	-169.208232	151.984905	154.154939	166.680492	226.516060	153.502972	-37.715717	122.632575	85.595921	108.200961	-778.576274	36.939417	441.159767	40.550394	-245.273942	0.234175	410.984561	0.208466	-195.504000	0.000000	-18.475969	14.080912	-384.624000	0.000000	-1.976000	0.000000	65.896000	0.000000	123.875000	0.000000	-195.267000	0.000000	66.843000	0.000000	-115.378000	0.000000	-98.042000	0.000000	-51.739000	0.000000	-341.974000	0.000000	-119.067000	0.000000	81.684000	0.000000

2024-09-09	13:47:06	1725882426.085989	-43173.997693	-0.044311	-0.154283	-138.927596	148.345167	-216.194390	139.170401	165.623259	153.812027	165.232205	152.823881	-127.018236	128.751161	168.136157	98.818641	-843.051711	49.682474	496.599572	46.231072	-245.308511	0.307589	411.158211	0.176998	-195.504000	0.000000	-25.326741	9.191386	-384.624000	0.000000	-1.976000	0.000000	65.896000	0.000000	123.875000	0.000000	-195.267000	0.000000	66.843000	0.000000	-115.378000	0.000000	-98.042000	0.000000	-51.739000	0.000000	-341.974000	0.000000	-119.067000	0.000000	81.684000	0.000000

2024-09-09	13:47:07	1725882427.086932	-43172.996750	-0.044311	-0.154283	-53.073138	203.908474	-285.124496	199.402774	198.261555	180.566936	166.519665	220.625437	-183.085708	99.027579	213.498985	71.481947	-793.728126	54.204862	457.323915	46.751002	-245.324306	0.299085	410.680311	0.236730	-195.504000	0.000000	-22.404086	8.638467	-384.624000	0.000000	-1.976000	0.000000	65.896000	0.000000	123.875000	0.000000	-195.267000	0.000000	66.843000	0.000000	-115.378000	0.000000	-98.042000	0.000000	-51.739000	0.000000	-341.974000	0.000000	-119.067000	0.000000	81.684000	0.000000

2024-09-09	13:47:08	1725882428.086373	-43171.997309	-0.044311	-0.154283	-164.735043	263.753831	-197.370459	224.409824	100.546225	187.404867	237.285416	203.861251	-89.209604	79.672631	112.919460	73.250388	-812.626497	64.301783	470.941088	67.192322	-245.395931	0.192305	410.926525	0.253742	-195.504000	0.000000	-30.386258	11.634657	-384.624000	0.000000	-1.976000	0.000000	65.896000	0.000000	123.875000	0.000000	-195.267000	0.000000	66.843000	0.000000	-115.378000	0.000000	-98.042000	0.000000	-51.739000	0.000000	-341.974000	0.000000	-119.067000	0.000000	81.684000	0.000000

2024-09-09	13:47:09	1725882429.085779	-43170.997903	-0.044311	-0.187380	-132.628114	108.302612	-200.993151	121.607807	302.932340	67.346198	58.093350	148.327923	-119.719294	108.067651	162.274126	101.698150	-776.270715	93.704873	444.453055	84.594021	-245.237659	0.155560	410.850896	0.301057	-195.504000	0.000000	-28.043821	8.058465	-384.624000	0.000000	-1.976000	0.000000	65.896000	0.000000	123.875000	0.000000	-195.267000	0.000000	66.843000	0.000000	-115.378000	0.000000	-98.042000	0.000000	-51.739000	0.000000	-341.974000	0.000000	-119.067000	0.000000	81.684000	0.000000

2024-09-09	13:47:10	1725882430.086215	-43169.997468	-0.044311	-0.187380	-168.483899	283.591302	-188.685247	258.715874	197.783133	195.647263	135.452881	166.252985	-121.732032	79.618208	151.322763	59.587432	-775.723632	52.850721	436.017446	67.097121	-245.290488	0.188118	410.531553	0.345180	-195.504000	0.000000	-20.779223	10.802154	-384.624000	0.000000	-1.976000	0.000000	65.896000	0.000000	123.875000	0.000000	-195.267000	0.000000	66.843000	0.000000	-115.378000	0.000000	-98.042000	0.000000	-51.739000	0.000000	-341.974000	0.000000	-119.067000	0.000000	81.684000	0.000000

2024-09-09	13:47:11	1725882431.087624	-43168.996059	-0.044311	-0.187380	-287.741901	201.168434	-57.713787	185.817959	161.639986	142.513559	195.892287	159.258669	-99.794144	72.278449	138.002743	70.162529	-822.811790	50.241292	475.239573	44.415815	-245.158962	0.165654	410.898949	0.130562	-195.504000	0.000000	-28.511377	8.044122	-384.624000	0.000000	-1.976000	0.000000	65.896000	0.000000	123.875000	0.000000	-195.267000	0.000000	66.843000	0.000000	-115.378000	0.000000	-98.042000	0.000000	-51.739000	0.000000	-341.974000	0.000000	-119.067000	0.000000	81.684000	0.000000

2024-09-09	13:47:12	1725882432.087047	-43167.996635	-0.044311	-0.187380	-26.461406	309.907409	-317.939056	307.144488	204.216601	98.309613	146.579858	137.282534	-121.295663	67.894083	159.033454	54.722711	-801.243297	66.826524	466.137868	68.655071	-245.277081	0.199914	411.129767	0.283452	-195.504000	0.000000	-17.372410	10.956982	-384.624000	0.000000	-1.976000	0.000000	65.896000	0.000000	123.875000	0.000000	-195.267000	0.000000	66.843000	0.000000	-115.378000	0.000000	-98.042000	0.000000	-51.739000	0.000000	-341.974000	0.000000	-119.067000	0.000000	81.684000	0.000000

2024-09-09	13:47:13	1725882433.087471	-43166.996212	-0.044311	-0.187380	-75.460104	449.389493	-262.197162	398.696348	65.259814	134.906094	291.387471	100.120578	-92.395498	121.397504	124.507418	51.392028	-770.710917	80.274900	438.944134	80.546643	-245.524740	0.163855	411.138620	0.240581	-195.504000	0.000000	-20.816805	15.402941	-384.624000	0.000000	-1.976000	0.000000	65.896000	0.000000	123.875000	0.000000	-195.267000	0.000000	66.843000	0.000000	-115.378000	0.000000	-98.042000	0.000000	-51.739000	0.000000	-341.974000	0.000000	-119.067000	0.000000	81.684000	0.000000

2024-09-09	13:47:14	1725882434.086894	-43165.996789	-0.044311	-0.187380	-135.815302	270.022790	-205.390403	307.687158	272.680887	65.830413	76.726085	49.996977	-105.089987	77.331697	146.830129	77.942508	-780.211131	32.627516	442.237930	35.634190	-245.348587	0.143397	411.302591	0.196490	-195.504000	0.000000	-20.903280	10.291008	-384.624000	0.000000	-1.976000	0.000000	65.896000	0.000000	123.875000	0.000000	-195.267000	0.000000	66.843000	0.000000	-115.378000	0.000000	-98.042000	0.000000	-51.739000	0.000000	-341.974000	0.000000	-119.067000	0.000000	81.684000	0.000000

2024-09-09	13:47:15	1725882435.087317	-43164.996366	-0.044311	-0.187380	-255.323055	99.161640	-99.722914	108.054986	213.129685	195.305241	113.370429	222.008945	-153.700310	70.745870	176.567265	53.593975	-770.691217	61.191354	435.892376	60.205060	-245.276476	0.306187	411.191140	0.222380	-195.504000	0.000000	-18.490164	5.675221	-384.624000	0.000000	-1.976000	0.000000	65.896000	0.000000	123.875000	0.000000	-195.267000	0.000000	66.843000	0.000000	-115.378000	0.000000	-98.042000	0.000000	-51.739000	0.000000	-341.974000	0.000000	-119.067000	0.000000	81.684000	0.000000

2024-09-09	13:47:16	1725882436.086740	-43163.996943	-0.044311	-0.187380	-49.322162	82.078994	-296.834556	97.376187	170.323706	217.650477	199.265885	187.819462	-111.168150	100.078443	151.696862	85.460893	-779.106459	89.938730	439.288864	86.773217	-245.309216	0.318888	411.030531	0.273577	-195.504000	0.000000	-25.401557	15.379095	-384.624000	0.000000	-1.976000	0.000000	65.896000	0.000000	123.875000	0.000000	-195.267000	0.000000	66.843000	0.000000	-115.378000	0.000000	-98.042000	0.000000	-51.739000	0.000000	-341.974000	0.000000	-119.067000	0.000000	81.684000	0.000000

2024-09-09	13:47:17	1725882437.087163	-43162.996520	-0.044311	-0.147661	-109.711155	256.758262	-237.695604	228.778401	129.784259	197.792906	209.182967	135.565791	-160.200938	162.977196	183.484025	137.258882	-816.513771	63.965473	474.771815	68.547089	-245.646765	0.248511	411.293819	0.224153	-195.504000	0.000000	-24.191441	8.489063	-384.624000	0.000000	-1.976000	0.000000	65.896000	0.000000	123.875000	0.000000	-195.267000	0.000000	66.843000	0.000000	-115.378000	0.000000	-98.042000	0.000000	-51.739000	0.000000	-341.974000	0.000000	-119.067000	0.000000	81.684000	0.000000

2024-09-09	13:47:18	1725882438.088602	-43161.995080	-0.044311	-0.147661	-214.343741	124.812974	-103.039799	82.992221	258.354435	196.115834	140.966457	143.561571	-57.730093	200.537040	109.079677	148.077662	-751.532589	104.669944	429.759386	104.311255	-245.399124	0.258691	411.273728	0.185213	-195.504000	0.000000	-26.203832	10.230562	-384.624000	0.000000	-1.976000	0.000000	65.896000	0.000000	123.875000	0.000000	-195.267000	0.000000	66.843000	0.000000	-115.378000	0.000000	-98.042000	0.000000	-51.739000	0.000000	-341.974000	0.000000	-119.067000	0.000000	81.684000	0.000000

2024-09-09	13:47:19	1725882439.088008	-43160.995675	-0.044311	-0.147661	73.066408	166.501764	-427.664454	152.943045	62.332556	106.782917	265.294666	117.493937	-139.701999	200.232924	173.692455	160.605750	-752.676221	75.259202	418.226767	74.290663	-245.444485	0.214948	411.469271	0.297580	-195.504000	0.000000	-23.052197	10.615615	-384.624000	0.000000	-1.976000	0.000000	65.896000	0.000000	123.875000	0.000000	-195.267000	0.000000	66.843000	0.000000	-115.378000	0.000000	-98.042000	0.000000	-51.739000	0.000000	-341.974000	0.000000	-119.067000	0.000000	81.684000	0.000000

2024-09-09	13:47:20	1725882440.088449	-43159.995233	-0.044311	-0.147661	-355.456261	156.785613	-5.066813	183.145883	298.992929	151.857326	43.922299	203.752910	-84.187090	83.036478	113.209149	77.964150	-827.976338	37.357787	482.638563	38.236547	-245.265300	0.166153	411.313805	0.204211	-195.504000	0.000000	-22.413110	11.777249	-384.624000	0.000000	-1.976000	0.000000	65.896000	0.000000	123.875000	0.000000	-195.267000	0.000000	66.843000	0.000000	-115.378000	0.000000	-98.042000	0.000000	-51.739000	0.000000	-341.974000	0.000000	-119.067000	0.000000	81.684000	0.000000

2024-09-09	13:47:21	1725882441.088854	-43158.994828	-0.044311	-0.147661	-208.428619	319.750761	-145.648227	340.021037	208.621632	134.324533	141.198080	181.220751	-144.223789	49.819542	178.365644	50.760539	-797.247230	23.491599	454.301464	24.437870	-245.567216	0.347275	411.075291	0.228331	-195.504000	0.000000	-25.796763	13.594042	-384.624000	0.000000	-1.976000	0.000000	65.896000	0.000000	123.875000	0.000000	-195.267000	0.000000	66.843000	0.000000	-115.378000	0.000000	-98.042000	0.000000	-51.739000	0.000000	-341.974000	0.000000	-119.067000	0.000000	81.684000	0.000000

2024-09-09	13:47:22	1725882442.088277	-43157.995406	-0.044311	-0.147661	-131.634201	228.645116	-233.593102	234.866501	99.263021	134.168461	248.545092	185.675296	-105.801868	99.305394	136.899853	79.491081	-847.386793	97.580150	504.298649	87.794637	-245.456168	0.210690	411.273483	0.152177	-195.504000	0.000000	-16.456745	10.200253	-384.624000	0.000000	-1.976000	0.000000	65.896000	0.000000	123.875000	0.000000	-195.267000	0.000000	66.843000	0.000000	-115.378000	0.000000	-98.042000	0.000000	-51.739000	0.000000	-341.974000	0.000000	-119.067000	0.000000	81.684000	0.000000

2024-09-09	13:47:23	1725882443.089699	-43156.993983	-0.044311	-0.147661	-174.181363	222.101539	-156.133162	234.109857	236.609514	89.594396	132.617935	118.873945	-86.961477	75.869550	122.830706	65.078664	-737.100608	21.321439	406.965431	22.898601	-245.408703	0.289458	411.115324	0.159959	-195.504000	0.000000	-23.416636	8.080245	-384.624000	0.000000	-1.976000	0.000000	65.896000	0.000000	123.875000	0.000000	-195.267000	0.000000	66.843000	0.000000	-115.378000	0.000000	-98.042000	0.000000	-51.739000	0.000000	-341.974000	0.000000	-119.067000	0.000000	81.684000	0.000000

2024-09-09	13:47:24	1725882444.089123	-43155.994559	-0.044311	-0.147661	-241.400024	205.824630	-105.623129	189.266230	155.514254	127.029854	171.503003	166.580109	-168.413697	182.771884	201.328270	148.124429	-797.016689	27.449969	458.058790	38.308409	-245.479486	0.316447	411.105692	0.171063	-195.504000	0.000000	-25.176390	7.811742	-384.624000	0.000000	-1.976000	0.000000	65.896000	0.000000	123.875000	0.000000	-195.267000	0.000000	66.843000	0.000000	-115.378000	0.000000	-98.042000	0.000000	-51.739000	0.000000	-341.974000	0.000000	-119.067000	0.000000	81.684000	0.000000

2024-09-09	13:47:25	1725882445.090562	-43154.993120	-0.044311	-0.180762	-31.231686	109.586079	-304.281570	117.151063	149.222364	202.640350	210.799168	216.610251	-128.281913	87.565655	168.352086	77.470246	-752.164702	44.690393	421.557889	38.717842	-245.448592	0.171818	411.352123	0.274180	-195.504000	0.000000	-28.470937	9.472719	-384.624000	0.000000	-1.976000	0.000000	65.896000	0.000000	123.875000	0.000000	-195.267000	0.000000	66.843000	0.000000	-115.378000	0.000000	-98.042000	0.000000	-51.739000	0.000000	-341.974000	0.000000	-119.067000	0.000000	81.684000	0.000000

2024-09-09	13:47:26	1725882446.089969	-43153.993714	-0.044311	-0.180762	-231.337677	140.807413	-113.332986	99.901087	335.381088	160.163055	-2.059774	143.888190	-107.115882	81.520944	140.931517	63.293571	-760.943636	60.482506	422.226514	57.317740	-245.459508	0.217824	411.148339	0.321882	-195.504000	0.000000	-29.920784	7.332020	-384.624000	0.000000	-1.976000	0.000000	65.896000	0.000000	123.875000	0.000000	-195.267000	0.000000	66.843000	0.000000	-115.378000	0.000000	-98.042000	0.000000	-51.739000	0.000000	-341.974000	0.000000	-119.067000	0.000000	81.684000	0.000000

2024-09-09	13:47:27	1725882447.090392	-43152.993290	-0.044311	-0.180762	-145.282631	378.641538	-223.975767	384.137253	229.248755	158.189301	89.253940	161.522836	-130.962185	165.959245	159.500605	172.268798	-867.294253	51.658358	520.085974	51.798722	-245.274786	0.397332	411.373524	0.194120	-195.504000	0.000000	-25.246323	6.124465	-384.624000	0.000000	-1.976000	0.000000	65.896000	0.000000	123.875000	0.000000	-195.267000	0.000000	66.843000	0.000000	-115.378000	0.000000	-98.042000	0.000000	-51.739000	0.000000	-341.974000	0.000000	-119.067000	0.000000	81.684000	0.000000

2024-09-09	13:47:28	1725882448.089814	-43151.993868	-0.044311	-0.180762	-114.116207	342.236164	-220.422431	319.917599	192.077948	151.677073	183.499804	190.855496	-112.315529	137.832686	152.718503	124.202707	-805.167429	40.477827	477.692787	40.369049	-245.407578	0.336623	411.794214	0.311645	-195.504000	0.000000	-28.875657	10.506661	-384.624000	0.000000	-1.976000	0.000000	65.896000	0.000000	123.875000	0.000000	-195.267000	0.000000	66.843000	0.000000	-115.378000	0.000000	-98.042000	0.000000	-51.739000	0.000000	-341.974000	0.000000	-119.067000	0.000000	81.684000	0.000000

2024-09-09	13:47:29	1725882449.090238	-43150.993445	-0.044311	-0.180762	-167.349111	49.001448	-155.249917	43.790290	234.356455	156.493462	122.606539	214.004977	-56.124008	103.609569	96.005471	78.712926	-722.106218	61.191421	391.146922	54.083088	-245.130769	0.384008	411.411682	0.183922	-195.504000	0.000000	-25.100164	11.818678	-384.624000	0.000000	-1.976000	0.000000	65.896000	0.000000	123.875000	0.000000	-195.267000	0.000000	66.843000	0.000000	-115.378000	0.000000	-98.042000	0.000000	-51.739000	0.000000	-341.974000	0.000000	-119.067000	0.000000	81.684000	0.000000

2024-09-09	13:47:30	1725882450.091660	-43149.992023	-0.044311	-0.180762	-160.525369	124.760145	-205.085803	152.077353	157.427037	96.284918	179.238346	95.072660	-181.852295	142.876283	217.204435	90.584738	-806.721845	48.235222	459.262655	45.153913	-245.563791	0.183546	411.459184	0.265239	-195.504000	0.000000	-29.580067	9.239499	-384.624000	0.000000	-1.976000	0.000000	65.896000	0.000000	123.875000	0.000000	-195.267000	0.000000	66.843000	0.000000	-115.378000	0.000000	-98.042000	0.000000	-51.739000	0.000000	-341.974000	0.000000	-119.067000	0.000000	81.684000	0.000000

2024-09-09	13:47:31	1725882451.091083	-43148.992599	-0.044311	-0.180762	-81.780071	460.899747	-275.642228	441.270569	90.374891	107.705936	265.600831	90.003664	-64.249352	112.867688	93.880096	105.607846	-803.824394	40.459566	461.901394	34.400654	-245.310033	0.195926	411.493717	0.190711	-195.504000	0.000000	-29.354271	11.032001	-384.624000	0.000000	-1.976000	0.000000	65.896000	0.000000	123.875000	0.000000	-195.267000	0.000000	66.843000	0.000000	-115.378000	0.000000	-98.042000	0.000000	-51.739000	0.000000	-341.974000	0.000000	-119.067000	0.000000	81.684000	0.000000

2024-09-09	13:47:32	1725882452.091506	-43147.992177	-0.044311	-0.167521	-362.533270	160.367239	11.531258	149.165534	203.100337	140.203978	149.001530	84.255777	-163.453155	176.384256	189.370883	202.700602	-799.890584	87.889924	462.121726	86.853503	-245.430190	0.171665	410.959714	0.156754	-195.504000	0.000000	-23.832073	6.894358	-384.624000	0.000000	-1.976000	0.000000	65.896000	0.000000	123.875000	0.000000	-195.267000	0.000000	66.843000	0.000000	-115.378000	0.000000	-98.042000	0.000000	-51.739000	0.000000	-341.974000	0.000000	-119.067000	0.000000	81.684000	0.000000

2024-09-09	13:47:33	1725882453.090930	-43146.992753	-0.044311	-0.167521	30.686638	80.393730	-351.170960	91.230757	298.872669	107.895514	69.137738	102.754122	-57.614737	61.656703	110.887867	59.825605	-713.318394	76.839211	384.999516	71.404314	-245.441854	0.282485	410.971798	0.150937	-195.504000	0.000000	-12.592180	8.031767	-384.624000	0.000000	-1.976000	0.000000	65.896000	0.000000	123.875000	0.000000	-195.267000	0.000000	66.843000	0.000000	-115.378000	0.000000	-98.042000	0.000000	-51.739000	0.000000	-341.974000	0.000000	-119.067000	0.000000	81.684000	0.000000

2024-09-09	13:47:34	1725882454.091352	-43145.992331	-0.044311	-0.167521	-185.850402	198.507188	-167.094169	212.988079	94.358893	192.289765	237.374543	180.814556	-156.633310	93.712412	190.393124	102.252486	-806.448527	36.854805	467.289478	28.786838	-245.370211	0.212893	411.358920	0.321639	-195.504000	0.000000	-19.995030	9.246112	-384.624000	0.000000	-1.976000	0.000000	65.896000	0.000000	123.875000	0.000000	-195.267000	0.000000	66.843000	0.000000	-115.378000	0.000000	-98.042000	0.000000	-51.739000	0.000000	-341.974000	0.000000	-119.067000	0.000000	81.684000	0.000000

2024-09-09	13:47:35	1725882455.090775	-43144.992908	-0.044311	-0.167521	-237.223341	172.181750	-110.395321	198.647735	126.006468	130.803419	222.645845	167.792779	-170.833527	140.513206	196.647862	146.999244	-778.462660	57.107164	446.729264	48.975999	-245.144670	0.129130	411.327927	0.244226	-195.504000	0.000000	-16.704677	10.359252	-384.624000	0.000000	-1.976000	0.000000	65.896000	0.000000	123.875000	0.000000	-195.267000	0.000000	66.843000	0.000000	-115.378000	0.000000	-98.042000	0.000000	-51.739000	0.000000	-341.974000	0.000000	-119.067000	0.000000	81.684000	0.000000

2024-09-09	13:47:36	1725882456.091198	-43143.992485	-0.044311	-0.167521	-7.325894	185.803652	-340.182281	201.412121	195.404487	133.421819	147.920644	120.062631	-113.639061	96.782208	137.932907	75.736049	-792.627546	42.479779	458.999692	34.344497	-245.195257	0.176802	411.229060	0.301574	-195.504000	0.000000	-34.827793	6.534753	-384.624000	0.000000	-1.976000	0.000000	65.896000	0.000000	123.875000	0.000000	-195.267000	0.000000	66.843000	0.000000	-115.378000	0.000000	-98.042000	0.000000	-51.739000	0.000000	-341.974000	0.000000	-119.067000	0.000000	81.684000	0.000000

2024-09-09	13:47:37	1725882457.092621	-43142.991062	-0.044311	-0.167521	-229.681448	169.147078	-103.963715	179.923327	224.968175	86.003868	138.875979	63.239878	-135.104731	57.024165	173.508158	68.295869	-752.554481	67.473373	427.265249	63.837370	-245.839653	0.267675	411.266836	0.140319	-195.504000	0.000000	-18.670810	7.280799	-384.624000	0.000000	-1.976000	0.000000	65.896000	0.000000	123.875000	0.000000	-195.267000	0.000000	66.843000	0.000000	-115.378000	0.000000	-98.042000	0.000000	-51.739000	0.000000	-341.974000	0.000000	-119.067000	0.000000	81.684000	0.000000

2024-09-09	13:47:38	1725882458.092044	-43141.991639	-0.044311	-0.167521	-68.406189	242.517005	-296.227799	224.654757	278.152060	224.287796	45.751332	229.755618	-55.018418	77.836644	84.078076	72.574161	-785.097069	50.488950	441.597198	47.717223	-245.452318	0.137264	411.036220	0.182475	-195.504000	0.000000	-25.570019	10.492213	-384.624000	0.000000	-1.976000	0.000000	65.896000	0.000000	123.875000	0.000000	-195.267000	0.000000	66.843000	0.000000	-115.378000	0.000000	-98.042000	0.000000	-51.739000	0.000000	-341.974000	0.000000	-119.067000	0.000000	81.684000	0.000000

2024-09-09	13:47:39	1725882459.092467	-43140.991216	-0.044311	-0.167521	-296.057557	130.538570	-24.586332	133.085418	138.826062	100.334750	230.922489	101.496400	-160.955705	109.361439	199.678486	117.900505	-776.072153	78.777113	444.684886	76.706701	-245.345451	0.322341	411.003573	0.198886	-195.504000	0.000000	-20.532384	10.515104	-384.624000	0.000000	-1.976000	0.000000	65.896000	0.000000	123.875000	0.000000	-195.267000	0.000000	66.843000	0.000000	-115.378000	0.000000	-98.042000	0.000000	-51.739000	0.000000	-341.974000	0.000000	-119.067000	0.000000	81.684000	0.000000

2024-09-09	13:47:40	1725882460.091890	-43139.991792	-0.044311	-0.154283	-131.702206	194.052248	-218.487174	197.505122	229.160246	86.326976	105.592732	88.224241	-132.503232	33.933306	159.103397	42.650218	-777.960920	53.032080	438.146955	48.064046	-245.362305	0.256476	411.359687	0.165849	-195.504000	0.000000	-14.434865	9.775358	-384.624000	0.000000	-1.976000	0.000000	65.896000	0.000000	123.875000	0.000000	-195.267000	0.000000	66.843000	0.000000	-115.378000	0.000000	-98.042000	0.000000	-51.739000	0.000000	-341.974000	0.000000	-119.067000	0.000000	81.684000	0.000000

2024-09-09	13:47:41	1725882461.092313	-43138.991370	-0.044311	-0.154283	-100.919758	280.155743	-242.541509	276.225246	163.866888	138.043626	214.053212	125.247352	-47.098181	129.836521	98.488409	104.748999	-765.376812	41.172194	431.398978	42.143073	-245.067539	0.123847	411.556309	0.419729	-195.504000	0.000000	-23.038806	10.425573	-384.624000	0.000000	-1.976000	0.000000	65.896000	0.000000	123.875000	0.000000	-195.267000	0.000000	66.843000	0.000000	-115.378000	0.000000	-98.042000	0.000000	-51.739000	0.000000	-341.974000	0.000000	-119.067000	0.000000	81.684000	0.000000

2024-09-09	13:47:42	1725882462.091737	-43137.991946	-0.044311	-0.154283	-332.261031	244.423849	-12.732637	246.433698	196.454136	129.603922	137.222552	130.359259	-152.725471	67.180897	178.815569	57.196411	-780.774331	27.196315	444.876959	30.726279	-245.157802	0.167863	411.517923	0.172960	-195.504000	0.000000	-31.875990	8.307512	-384.624000	0.000000	-1.976000	0.000000	65.896000	0.000000	123.875000	0.000000	-195.267000	0.000000	66.843000	0.000000	-115.378000	0.000000	-98.042000	0.000000	-51.739000	0.000000	-341.974000	0.000000	-119.067000	0.000000	81.684000	0.000000

2024-09-09	13:47:43	1725882463.092177	-43136.991506	-0.044311	-0.154283	5.255572	143.458335	-351.169195	140.076124	128.209674	56.836197	222.491108	46.247378	-88.446649	53.678633	118.188990	60.778621	-780.537257	73.976079	448.688166	75.730739	-245.270398	0.195402	411.449975	0.222139	-195.504000	0.000000	-21.227847	5.856371	-384.624000	0.000000	-1.976000	0.000000	65.896000	0.000000	123.875000	0.000000	-195.267000	0.000000	66.843000	0.000000	-115.378000	0.000000	-98.042000	0.000000	-51.739000	0.000000	-341.974000	0.000000	-119.067000	0.000000	81.684000	0.000000

2024-09-09	13:47:44	1725882464.093582	-43135.990101	-0.044311	-0.154283	-193.210445	100.855374	-151.302057	68.334955	165.707889	115.700453	191.121243	141.164165	-170.671120	101.838955	205.827511	95.710206	-774.192292	56.290975	437.675301	59.742667	-245.641023	0.126138	411.635966	0.167623	-195.504000	0.000000	-24.137664	9.393502	-384.624000	0.000000	-1.976000	0.000000	65.896000	0.000000	123.875000	0.000000	-195.267000	0.000000	66.843000	0.000000	-115.378000	0.000000	-98.042000	0.000000	-51.739000	0.000000	-341.974000	0.000000	-119.067000	0.000000	81.684000	0.000000

2024-09-09	13:47:45	1725882465.093005	-43134.990677	-0.044311	-0.154283	-116.146317	235.216891	-231.411543	200.978287	204.767597	148.923430	131.556893	178.155301	-92.620165	135.551368	130.555094	105.954042	-833.932244	53.566669	489.091797	40.797591	-245.377182	0.126738	411.372307	0.182104	-195.504000	0.000000	-25.821571	11.166500	-384.624000	0.000000	-1.976000	0.000000	65.896000	0.000000	123.875000	0.000000	-195.267000	0.000000	66.843000	0.000000	-115.378000	0.000000	-98.042000	0.000000	-51.739000	0.000000	-341.974000	0.000000	-119.067000	0.000000	81.684000	0.000000

2024-09-09	13:47:46	1725882466.093428	-43133.990254	-0.044311	-0.154283	-148.445850	235.634955	-204.220604	233.459621	124.825260	134.137031	228.258616	144.112327	-93.524665	94.737768	127.238690	85.210716	-792.211558	55.764686	459.627012	49.080545	-245.403186	0.206274	411.096647	0.134212	-195.504000	0.000000	-23.790398	7.259825	-384.624000	0.000000	-1.976000	0.000000	65.896000	0.000000	123.875000	0.000000	-195.267000	0.000000	66.843000	0.000000	-115.378000	0.000000	-98.042000	0.000000	-51.739000	0.000000	-341.974000	0.000000	-119.067000	0.000000	81.684000	0.000000

2024-09-09	13:47:47	1725882467.092851	-43132.990831	-0.044311	-0.167521	-177.599061	221.858031	-149.390026	159.006408	144.931791	126.843794	227.060418	180.917393	-158.796270	112.280176	198.776182	122.601879	-770.566128	59.997232	437.276953	63.418099	-245.254319	0.289459	411.356371	0.211142	-195.504000	0.000000	-20.668990	7.984720	-384.624000	0.000000	-1.976000	0.000000	65.896000	0.000000	123.875000	0.000000	-195.267000	0.000000	66.843000	0.000000	-115.378000	0.000000	-98.042000	0.000000	-51.739000	0.000000	-341.974000	0.000000	-119.067000	0.000000	81.684000	0.000000

2024-09-09	13:47:48	1725882468.093292	-43131.990390	-0.044311	-0.167521	-83.754650	154.668274	-273.381407	138.354541	225.597503	238.519463	115.680690	262.165652	-113.172559	88.524069	138.284395	69.806053	-790.353628	56.388649	455.741803	53.742477	-245.262248	0.150124	411.262223	0.301354	-195.504000	0.000000	-20.750448	8.949720	-384.624000	0.000000	-1.976000	0.000000	65.896000	0.000000	123.875000	0.000000	-195.267000	0.000000	66.843000	0.000000	-115.378000	0.000000	-98.042000	0.000000	-51.739000	0.000000	-341.974000	0.000000	-119.067000	0.000000	81.684000	0.000000

2024-09-09	13:47:49	1725882469.092715	-43130.990968	-0.044311	-0.167521	-133.159755	107.795566	-208.929208	123.896425	141.505095	71.130413	195.533287	71.912382	-142.508626	80.460907	177.323130	69.044480	-754.258034	30.507832	416.737578	28.275711	-245.329327	0.248762	411.144287	0.168789	-195.504000	0.000000	-11.631170	15.749602	-384.624000	0.000000	-1.976000	0.000000	65.896000	0.000000	123.875000	0.000000	-195.267000	0.000000	66.843000	0.000000	-115.378000	0.000000	-98.042000	0.000000	-51.739000	0.000000	-341.974000	0.000000	-119.067000	0.000000	81.684000	0.000000

2024-09-09	13:47:50	1725882470.093137	-43129.990545	-0.044311	-0.167521	-270.344666	196.031488	-66.489878	217.293901	248.055956	103.764630	113.500758	121.408410	-71.192289	136.797921	111.295349	150.761281	-797.814688	50.638204	457.502838	52.867737	-244.973292	0.218300	411.307783	0.171038	-195.504000	0.000000	-14.869268	6.674334	-384.624000	0.000000	-1.976000	0.000000	65.896000	0.000000	123.875000	0.000000	-195.267000	0.000000	66.843000	0.000000	-115.378000	0.000000	-98.042000	0.000000	-51.739000	0.000000	-341.974000	0.000000	-119.067000	0.000000	81.684000	0.000000

2024-09-09	13:47:51	1725882471.094543	-43128.989140	-0.044311	-0.167521	-19.476618	162.871098	-347.056568	148.070050	167.908807	131.863293	173.896613	116.939222	-179.153979	71.998692	194.751342	55.201349	-843.048940	29.380504	500.264143	27.706680	-244.991498	0.297657	411.490547	0.163675	-195.504000	0.000000	-16.398973	10.446692	-384.624000	0.000000	-1.976000	0.000000	65.896000	0.000000	123.875000	0.000000	-195.267000	0.000000	66.843000	0.000000	-115.378000	0.000000	-98.042000	0.000000	-51.739000	0.000000	-341.974000	0.000000	-119.067000	0.000000	81.684000	0.000000

2024-09-09	13:47:52	1725882472.093966	-43127.989717	-0.044311	-0.167521	-68.037853	128.826764	-278.253898	113.539461	223.698265	109.019840	109.639308	218.940491	-120.411672	193.895203	162.200374	147.849588	-783.331894	71.425050	441.546057	64.537959	-245.241480	0.211342	411.670984	0.289030	-195.504000	0.000000	-24.123901	8.305056	-384.624000	0.000000	-1.976000	0.000000	65.896000	0.000000	123.875000	0.000000	-195.267000	0.000000	66.843000	0.000000	-115.378000	0.000000	-98.042000	0.000000	-51.739000	0.000000	-341.974000	0.000000	-119.067000	0.000000	81.684000	0.000000

2024-09-09	13:47:53	1725882473.094261	-43126.989421	-0.044311	-0.167521	-197.384503	72.083807	-149.746532	69.859250	112.744152	109.620853	248.103742	146.123575	-88.895422	82.724834	124.675705	56.873204	-764.083615	63.756154	425.500068	63.810788	-244.975733	0.191560	411.079370	0.258060	-195.504000	0.000000	-19.179467	10.459226	-384.624000	0.000000	-1.976000	0.000000	65.896000	0.000000	123.875000	0.000000	-195.267000	0.000000	66.843000	0.000000	-115.378000	0.000000	-98.042000	0.000000	-51.739000	0.000000	-341.974000	0.000000	-119.067000	0.000000	81.684000	0.000000

2024-09-09	13:47:54	1725882474.093703	-43125.989980	-0.044311	-0.167521	-205.074274	69.488966	-153.317153	93.050608	211.292664	112.949900	112.407389	156.835619	-130.225782	158.333911	151.784337	115.601447	-794.667258	72.934676	457.174089	69.341382	-244.792656	0.182092	411.223518	0.174013	-195.504000	0.000000	-24.416848	9.492238	-384.624000	0.000000	-1.976000	0.000000	65.896000	0.000000	123.875000	0.000000	-195.267000	0.000000	66.843000	0.000000	-115.378000	0.000000	-98.042000	0.000000	-51.739000	0.000000	-341.974000	0.000000	-119.067000	0.000000	81.684000	0.000000

2024-09-09	13:47:55	1725882475.094108	-43124.989575	-0.044311	-0.160902	-140.029934	206.638884	-183.511029	173.329619	193.103059	152.135441	198.141070	143.356746	-63.652899	88.475377	109.335855	87.156093	-737.221534	39.212594	411.536897	34.930182	-244.951552	0.297108	411.393655	0.132327	-195.504000	0.000000	-21.615684	10.605169	-384.624000	0.000000	-1.976000	0.000000	65.896000	0.000000	123.875000	0.000000	-195.267000	0.000000	66.843000	0.000000	-115.378000	0.000000	-98.042000	0.000000	-51.739000	0.000000	-341.974000	0.000000	-119.067000	0.000000	81.684000	0.000000

2024-09-09	13:47:56	1725882476.094530	-43123.989152	-0.044311	-0.160902	-292.209884	352.672612	-35.427833	375.859196	209.362293	200.583014	145.280139	173.343954	-158.377905	110.971277	201.104132	109.765678	-809.153484	97.422882	474.786303	85.010283	-244.729087	0.208540	411.359441	0.227666	-195.504000	0.000000	-26.468810	11.670200	-384.624000	0.000000	-1.976000	0.000000	65.896000	0.000000	123.875000	0.000000	-195.267000	0.000000	66.843000	0.000000	-115.378000	0.000000	-98.042000	0.000000	-51.739000	0.000000	-341.974000	0.000000	-119.067000	0.000000	81.684000	0.000000

2024-09-09	13:47:57	1725882477.093971	-43122.989712	-0.044311	-0.160902	6.875932	167.470203	-363.800939	220.308895	193.356752	100.914754	148.888774	152.938143	-99.751479	83.971010	128.066654	87.599406	-771.235719	47.420896	435.369909	47.823071	-244.959872	0.169487	411.173599	0.138976	-195.504000	0.000000	-26.023579	10.325269	-384.624000	0.000000	-1.976000	0.000000	65.896000	0.000000	123.875000	0.000000	-195.267000	0.000000	66.843000	0.000000	-115.378000	0.000000	-98.042000	0.000000	-51.739000	0.000000	-341.974000	0.000000	-119.067000	0.000000	81.684000	0.000000

2024-09-09	13:47:58	1725882478.094394	-43121.989289	-0.044311	-0.160902	-31.570052	84.999747	-306.135733	85.121787	112.082056	118.051468	243.937870	125.421187	-166.022014	100.124278	203.465009	108.884183	-785.748962	21.071668	448.465254	20.688548	-244.976795	0.156830	411.549291	0.224977	-195.504000	0.000000	-17.972055	12.486828	-384.624000	0.000000	-1.976000	0.000000	65.896000	0.000000	123.875000	0.000000	-195.267000	0.000000	66.843000	0.000000	-115.378000	0.000000	-98.042000	0.000000	-51.739000	0.000000	-341.974000	0.000000	-119.067000	0.000000	81.684000	0.000000

2024-09-09	13:47:59	1725882479.093800	-43120.989882	-0.044311	-0.160902	-295.907141	97.399773	-73.466519	104.429529	142.964083	151.799252	186.223739	219.952986	-67.169460	127.318677	91.557567	73.872892	-787.759866	61.894515	442.231345	50.817614	-244.941366	0.176501	411.714831	0.152476	-195.504000	0.000000	-24.101910	8.104409	-384.624000	0.000000	-1.976000	0.000000	65.896000	0.000000	123.875000	0.000000	-195.267000	0.000000	66.843000	0.000000	-115.378000	0.000000	-98.042000	0.000000	-51.739000	0.000000	-341.974000	0.000000	-119.067000	0.000000	81.684000	0.000000

2024-09-09	13:48:00	1725882480.094223	-43119.989459	-0.044311	-0.160902	-166.529816	216.987759	-171.299159	171.888173	230.063372	256.812621	125.947525	191.101075	-108.674326	134.197473	154.858654	110.370339	-822.591233	50.860269	481.333985	38.500735	-244.992095	0.170860	411.698826	0.134913	-195.504000	0.000000	-18.291727	10.202666	-384.624000	0.000000	-1.976000	0.000000	65.896000	0.000000	123.875000	0.000000	-195.267000	0.000000	66.843000	0.000000	-115.378000	0.000000	-98.042000	0.000000	-51.739000	0.000000	-341.974000	0.000000	-119.067000	0.000000	81.684000	0.000000

2024-09-09	13:48:01	1725882481.095645	-43118.988038	-0.044311	-0.160902	-90.188682	219.564724	-244.001503	225.987044	154.419761	139.128588	205.682925	177.978490	-79.718257	61.107947	102.565843	50.585730	-777.695064	54.594089	442.342959	51.126715	-245.146478	0.187692	411.457727	0.366984	-195.504000	0.000000	-12.697420	8.694679	-384.624000	0.000000	-1.976000	0.000000	65.896000	0.000000	123.875000	0.000000	-195.267000	0.000000	66.843000	0.000000	-115.378000	0.000000	-98.042000	0.000000	-51.739000	0.000000	-341.974000	0.000000	-119.067000	0.000000	81.684000	0.000000

2024-09-09	13:48:02	1725882482.095087	-43117.988595	-0.044311	-0.160902	-110.906707	158.845358	-248.759133	144.258513	227.656738	83.264972	92.736148	127.067501	-170.857826	77.699944	201.703543	82.059768	-776.752289	53.685060	434.314416	49.077329	-245.029855	0.185329	411.406236	0.252110	-195.504000	0.000000	-23.738309	9.855978	-384.624000	0.000000	-1.976000	0.000000	65.896000	0.000000	123.875000	0.000000	-195.267000	0.000000	66.843000	0.000000	-115.378000	0.000000	-98.042000	0.000000	-51.739000	0.000000	-341.974000	0.000000	-119.067000	0.000000	81.684000	0.000000

2024-09-09	13:48:03	1725882483.095510	-43116.988173	-0.044311	-0.167521	-159.476346	118.311279	-172.185321	128.000384	176.721519	115.496401	183.654281	138.173206	-137.488626	65.337190	175.907322	87.829352	-765.727697	113.357350	436.241419	102.970309	-245.484703	0.150592	411.613385	0.233739	-195.504000	0.000000	-22.109130	6.314610	-384.624000	0.000000	-1.976000	0.000000	65.896000	0.000000	123.875000	0.000000	-195.267000	0.000000	66.843000	0.000000	-115.378000	0.000000	-98.042000	0.000000	-51.739000	0.000000	-341.974000	0.000000	-119.067000	0.000000	81.684000	0.000000

2024-09-09	13:48:04	1725882484.095499	-43115.988184	-0.044311	-0.167521	-330.866865	255.922230	3.840738	321.648610	202.069856	93.423214	171.473650	125.782041	-50.579593	128.272489	93.626061	86.597150	-756.722804	61.359616	431.852161	55.813107	-245.141444	0.192173	411.259649	0.112726	-195.504000	0.000000	-12.038654	7.010703	-384.624000	0.000000	-1.976000	0.000000	65.896000	0.000000	123.875000	0.000000	-195.267000	0.000000	66.843000	0.000000	-115.378000	0.000000	-98.042000	0.000000	-51.739000	0.000000	-341.974000	0.000000	-119.067000	0.000000	81.684000	0.000000

2024-09-09	13:48:05	1725882485.095356	-43114.988327	-0.044311	-0.167521	-75.173030	248.359002	-276.802102	257.029799	146.619615	96.611381	186.191304	106.120160	-113.750360	208.669127	137.040621	183.212319	-735.518811	46.529184	406.427315	43.103675	-245.393570	0.180085	411.167972	0.241001	-195.504000	0.000000	-20.496707	8.830537	-384.624000	0.000000	-1.976000	0.000000	65.896000	0.000000	123.875000	0.000000	-195.267000	0.000000	66.843000	0.000000	-115.378000	0.000000	-98.042000	0.000000	-51.739000	0.000000	-341.974000	0.000000	-119.067000	0.000000	81.684000	0.000000

2024-09-09	13:48:06	1725882486.094779	-43113.988903	-0.044311	-0.167521	-279.149481	204.628307	-64.849544	217.183343	295.213132	148.515380	75.916104	145.786070	-117.164184	127.354261	154.220020	145.192048	-797.180930	67.510448	459.566359	60.048152	-245.028295	0.182694	411.357257	0.210373	-195.504000	0.000000	-28.869828	10.678714	-384.624000	0.000000	-1.976000	0.000000	65.896000	0.000000	123.875000	0.000000	-195.267000	0.000000	66.843000	0.000000	-115.378000	0.000000	-98.042000	0.000000	-51.739000	0.000000	-341.974000	0.000000	-119.067000	0.000000	81.684000	0.000000

2024-09-09	13:48:07	1725882487.095185	-43112.988497	-0.044311	-0.167521	-81.458998	91.364110	-249.904221	110.116863	125.057569	178.940811	234.748014	154.079136	-134.502406	56.608600	171.292497	58.117456	-768.949791	38.546662	436.533434	28.339664	-245.284494	0.114522	411.260278	0.174441	-195.504000	0.000000	-29.356437	8.465883	-384.624000	0.000000	-1.976000	0.000000	65.896000	0.000000	123.875000	0.000000	-195.267000	0.000000	66.843000	0.000000	-115.378000	0.000000	-98.042000	0.000000	-51.739000	0.000000	-341.974000	0.000000	-119.067000	0.000000	81.684000	0.000000

2024-09-09	13:48:08	1725882488.096608	-43111.987075	-0.044311	-0.167521	-150.056068	121.058158	-206.476656	118.804129	135.667141	111.144581	208.134018	90.926821	-137.435844	59.128445	176.153726	78.805697	-778.839901	83.692747	441.473129	83.209540	-245.201777	0.238087	411.601574	0.144003	-195.504000	0.000000	-21.949771	11.831464	-384.624000	0.000000	-1.976000	0.000000	65.896000	0.000000	123.875000	0.000000	-195.267000	0.000000	66.843000	0.000000	-115.378000	0.000000	-98.042000	0.000000	-51.739000	0.000000	-341.974000	0.000000	-119.067000	0.000000	81.684000	0.000000

2024-09-09	13:48:09	1725882489.096030	-43110.987652	-0.044311	-0.167521	-128.614089	151.076737	-203.456564	123.252908	170.728845	95.871619	193.250517	113.734398	-75.054986	121.468806	112.121845	122.828891	-810.276305	47.239542	474.256650	36.306184	-245.355828	0.196900	411.261084	0.174584	-195.504000	0.000000	-21.184589	6.857771	-384.624000	0.000000	-1.976000	0.000000	65.896000	0.000000	123.875000	0.000000	-195.267000	0.000000	66.843000	0.000000	-115.378000	0.000000	-98.042000	0.000000	-51.739000	0.000000	-341.974000	0.000000	-119.067000	0.000000	81.684000	0.000000

2024-09-09	13:48:10	1725882490.096471	-43109.987211	-0.044311	-0.167521	-280.605494	197.678807	-78.986410	195.841839	133.343687	163.470914	193.913698	219.367907	-136.750835	70.277582	155.213504	82.266368	-816.423827	64.607271	475.508026	57.288625	-245.489130	0.138534	411.190195	0.148263	-195.504000	0.000000	-19.954867	9.602880	-384.624000	0.000000	-1.976000	0.000000	65.896000	0.000000	123.875000	0.000000	-195.267000	0.000000	66.843000	0.000000	-115.378000	0.000000	-98.042000	0.000000	-51.739000	0.000000	-341.974000	0.000000	-119.067000	0.000000	81.684000	0.000000

2024-09-09	13:48:11	1725882491.095894	-43108.987789	-0.044311	-0.194003	-111.030595	191.133880	-216.564607	198.895261	180.755344	120.409833	183.153595	142.091636	-86.262457	56.973002	129.390100	48.158587	-752.014438	37.507113	423.772595	44.076743	-245.665337	0.168525	411.485673	0.290823	-195.504000	0.000000	-14.187443	12.587515	-384.624000	0.000000	-1.976000	0.000000	65.896000	0.000000	123.875000	0.000000	-195.267000	0.000000	66.843000	0.000000	-115.378000	0.000000	-98.042000	0.000000	-51.739000	0.000000	-341.974000	0.000000	-119.067000	0.000000	81.684000	0.000000

